85671 138660 87153 139740
89091 134340 89889 134940
90231 128100 91257 129180
90231 142980 90801 143580
91827 133380 92625 133980
162051 134340 163875 134940
162279 135300 163077 135900
163761 144420 164217 145020
233073 126180 233985 126780
233643 131940 234897 132540
233985 130980 234897 131580
237291 136740 237861 137340
238203 130020 238887 130620
239685 139140 243447 139740
240255 144900 241509 145500
240711 126660 242649 127260
312759 135780 313215 136380
313215 139140 314241 139740
313443 137220 314127 137820
382983 143940 384009 144540
384807 125220 386289 126300
385491 128100 386289 129180
388911 142500 389709 143580
389367 133860 390165 134940
389823 144420 393015 145020
390051 128100 390621 128700
390279 141540 391647 142140
391419 142980 392673 143580
460731 142500 461529 143580
463467 142980 465063 143580
533007 142500 533805 143580
534831 139620 535629 140700
536655 144420 537453 145500
537111 128580 537909 129180
537339 137700 538821 138780
537567 125220 538365 126300
537795 141540 538593 142620
538251 128580 542583 129180
538251 135300 538821 135900
538707 131940 539277 132540
540987 125700 541785 126300
609501 141540 609843 142140
612351 143940 614061 144540
612807 126660 614631 127260
613149 130500 614061 131100
613149 141060 613833 141660
682575 137220 683031 137820
683715 130020 684399 130620
684399 144420 687249 145020
684855 132900 685653 133980
686451 131940 687021 132540
686679 130500 687249 131100
686679 136740 687249 137340
687135 125700 687705 126300
687363 143940 687933 144540
688047 127140 689073 128220
688275 130980 689301 132060
688503 128580 689301 129180
688959 134820 692151 135420
690327 133860 692151 134460
690555 142500 692151 143100
761691 129060 764199 129660
832827 141540 833625 142620
834195 130980 834993 132060
837387 144420 839097 145020
838755 143460 839781 144060
838983 136740 839553 137340
839895 129540 840693 130140
909435 136260 910005 136860
909891 132900 910461 133500
909891 137700 910689 138780
912171 132900 913767 133500
982623 129060 983421 130140
983307 133860 984105 134940
983535 125700 983763 126300
984675 125700 985245 126300
987411 130980 988209 132060
987411 134820 988893 135900
987411 143460 988893 144540
1059231 127140 1060029 128220
1059459 137700 1060941 138780
1059915 143460 1060713 144540
1129227 128100 1129911 128700
1131507 133860 1131963 134460
1131507 140580 1132647 141180
1132419 126180 1133217 126780
1132647 132900 1133787 133500
1132647 137700 1133217 138300
1132647 140100 1133217 140700
1133103 141060 1133559 141660
1133901 135300 1134585 135900
1134585 135300 1135725 135900
1135155 137220 1136295 137820
1135155 140580 1136295 141180
1136751 130020 1137891 130620
1136751 134340 1137891 134940
1136751 138660 1137891 139260
1136751 140100 1137891 140700
1137891 126180 1138917 126780
1137891 137700 1138461 138300
1138575 132900 1138803 133500
1139259 128580 1139829 129180
1139259 132900 1139487 133500
1139259 134820 1139487 135420
1139259 140100 1139829 140700
1139373 133860 1140513 134460
1139943 141060 1140855 141660
1140399 132900 1140855 133500
1140399 134820 1140855 135420
1140399 138180 1140855 138780
1140399 140100 1140855 140700
1207203 135780 1208001 136380
1208571 132900 1209825 133980
1209711 143460 1210509 144540
1209939 126180 1211193 127260
1210167 137700 1210851 138780
1278795 125220 1279821 125820
1278795 144420 1279251 145020
1279251 131940 1279479 132540
1279935 138180 1280619 138780
1280163 145380 1280733 145980
1280391 132420 1282101 133020
1280619 142980 1282101 143580
1281987 127140 1282785 127740
1281987 130020 1283013 130620
1282671 130980 1283241 131580
1282671 144420 1283925 145500
1282899 134820 1284153 135900
1284267 141540 1285521 142620
1284951 127620 1285749 128220
1286661 137700 1287345 138780
1287231 128580 1287801 129180
1287459 142500 1288485 143100
1288143 127140 1288713 127740
1288827 125220 1289511 125820
1289739 128580 1290423 129180
1289739 140100 1290423 140700
1358367 137700 1359621 138780
1358481 126660 1360989 127260
1358481 131460 1359393 132060
1360875 142500 1362129 143580
1361103 125700 1362585 126300
1361103 134820 1361787 135420
1362471 145380 1363269 145980
1363839 141540 1364637 142620
1365663 132900 1366461 133500
1365663 134820 1366917 135900
1367031 140580 1367829 141660
1368399 142500 1368855 143100
1368855 137700 1369653 138780
1369311 127140 1371477 127740
1370223 140580 1371021 141180
1370451 132900 1371249 133980
1371363 131940 1372617 133020
1371819 136740 1372617 137340
1372275 128580 1372845 129180
1374441 143940 1375125 144540
1375239 125700 1376151 126300
1375923 133380 1376607 133980
1376607 129540 1377291 130140
1377291 128100 1381623 128700
1380483 125220 1382307 125820
1380711 139140 1381167 139740
1382079 144900 1384017 145500
1383105 130500 1386297 131100
1383447 136740 1387209 137340
1386867 127140 1387665 127740
1388235 138660 1389489 139260
1389375 126180 1390173 126780
1390059 131940 1391997 132540
1390287 142500 1392225 143100
1390287 143940 1391313 144540
1390401 136740 1391085 137340
1392339 129540 1393593 130140
1392339 130980 1393023 131580
1393479 142980 1394961 143580
1394847 130500 1395531 131100
