7809 125220 11571 125820
7809 126180 13395 126780
7809 127140 13395 127740
7809 128100 13395 128700
7809 129060 13395 129660
7809 130020 11571 130620
7809 130980 11571 131580
7809 131940 13395 132540
7809 132900 13395 133500
7809 133860 13395 134460
7809 134820 11571 135420
7809 135780 11571 136380
7809 136740 11571 137340
7809 137700 13395 138300
7809 138660 13395 139260
7809 139620 11571 140220
7809 140580 11571 141180
7809 141540 11571 142140
7809 142500 13395 143100
7809 143460 13395 144060
7809 144420 11571 145020
7809 145380 11571 145980
14193 126180 16359 126780
14193 127140 16359 127740
14193 130020 16359 130620
14193 130980 16359 131580
81681 135780 82365 136380
82023 126180 85329 126780
82479 128100 84873 128700
82593 136740 83277 137340
82707 130020 83733 131100
82707 140580 84189 141660
82935 145380 84417 146460
83163 132420 83733 133020
83163 143460 84645 144540
83391 138180 84417 138780
84075 136740 84645 137340
84417 125220 87267 125820
84531 142020 86013 142620
84987 138180 85785 138780
85215 127620 86697 128220
85671 126180 89091 126780
85671 128580 90345 129180
85671 140580 86469 141660
87267 143460 88065 144540
87723 125220 91485 125820
87723 132900 88407 133500
87723 133860 89205 134460
87951 136260 91713 136860
88065 130020 89661 130620
88065 131460 93651 132060
88065 140100 91827 140700
88635 138180 89889 138780
88863 142500 90345 143100
88863 144420 92283 145020
89433 137220 90345 137820
89775 126180 91713 126780
90003 132900 91029 133980
90231 138180 91257 138780
90459 130020 90801 130620
90687 139140 91713 139740
90687 142500 91485 143580
90915 135300 91941 135900
91143 134340 91713 134940
91371 137700 91941 138300
91827 126660 93879 127260
91827 130020 92511 130620
91827 132900 93879 133500
91827 138660 93879 139260
91827 141540 93879 142140
91827 142500 93879 143100
91827 143460 93879 144060
91827 145380 93879 145980
92055 127620 92625 128220
92055 137220 93879 137820
92511 135300 93879 135900
92739 130500 93879 131100
92967 128580 93879 129180
159201 134340 159657 134940
159201 145380 159657 145980
159315 142500 160455 143100
159543 132900 160227 133500
159543 144420 160227 145020
159771 135300 160569 135900
159771 136260 160911 136860
159771 141540 160569 142140
160227 126660 161025 127260
160227 132900 161025 133500
160227 139620 161025 140220
160455 142500 161253 143100
160569 140580 162621 141180
160683 128580 161253 129180
160683 134820 162393 135420
160683 137700 161367 138300
160911 144900 161595 145500
161139 136260 161937 136860
161481 139620 161709 140220
161595 144900 163761 145500
161823 126660 162165 127260
161823 137700 163761 138300
161937 125220 163191 125820
161937 130020 163077 130620
162051 132900 162621 133500
162393 136260 165243 136860
162393 142980 163077 143580
162621 126660 165471 127260
162735 131460 163419 132060
162963 135300 163761 135900
162963 138660 163761 139260
163191 132900 163761 133500
163191 140580 164559 141180
163647 130020 165927 130620
163761 128100 164445 128700
163761 130980 164559 131580
163761 132900 164445 133500
163761 138180 164445 138780
163761 142500 164445 143100
163761 143940 163989 144540
164445 129060 165927 129660
165471 132420 165927 133020
231363 142980 232617 143580
231477 138180 232161 138780
231591 141540 232161 142140
232047 135300 233187 135900
232047 139620 232503 140220
232161 134340 232845 134940
232275 138660 233073 139260
232275 140580 232959 141180
232389 136260 234327 136860
232503 143940 233643 144540
232845 142020 234783 142620
232959 126660 234897 127260
233187 125220 233985 125820
233187 134340 234213 134940
233415 137700 233871 138300
233415 145380 233985 145980
233643 131460 234213 132060
233643 135300 234555 135900
233643 140580 234327 141180
234099 130020 235809 130620
234099 133380 235011 133980
234099 143940 234783 144540
234441 139620 235125 140220
234555 125220 236037 125820
234555 134820 235581 135420
234555 140580 235011 141180
234669 128100 235125 128700
234669 137700 235581 138300
234669 138660 235353 139260
234783 136260 236835 136860
234783 145380 235809 145980
234897 142020 235353 142620
235239 130980 236265 131580
235353 126660 237291 127260
235467 131940 236037 132540
235467 144420 236151 145020
235695 133860 236379 134460
235695 140580 236265 141180
235923 142980 236721 143580
236151 130020 237633 130620
236151 132900 236949 133500
236151 138180 237063 138780
236151 142020 236949 142620
236151 145380 237063 145980
236265 130980 236949 131580
236379 128100 236949 128700
236379 129060 237405 129660
236493 131940 237975 132540
236607 144420 239343 145020
236721 137220 238545 137820
236835 135300 237519 135900
236949 140580 237405 141180
237177 128100 237861 128700
237177 133380 242763 133980
237405 141540 237861 142140
237633 126180 239457 126780
237747 127140 238545 127740
237747 139620 238773 140220
237861 129540 238317 130140
237861 130980 238545 131580
237861 134820 238545 135420
238203 143460 239229 144060
238317 141540 239229 142140
238431 131940 238773 132540
238545 125220 239343 125820
238659 138180 239343 138780
238773 139140 239229 139740
238887 128100 239685 128700
238887 129540 239571 130140
238887 135780 239571 136380
239001 130980 239685 131580
239001 137220 241509 137820
239229 131940 239571 132540
239343 134820 240369 135420
239343 141060 240369 141660
239571 130020 240255 130620
239571 144900 240369 145500
239685 138660 240369 139260
239799 128580 241737 129180
239799 143460 240825 144060
239913 126180 240825 126780
239913 140100 242763 140700
240027 131940 241053 132540
240255 142500 240939 143100
240369 130980 241053 131580
240711 134820 241281 135420
240939 125220 243447 125820
240939 142500 241965 143100
241053 127620 242991 128220
241167 131940 241737 132540
241167 143460 243447 144060
241623 136260 242421 136860
241851 134820 243447 135420
241965 145380 243447 145980
242079 130500 242649 131100
242079 141060 243447 141660
242079 142020 242649 142620
242193 132420 242649 133020
242535 128580 243447 129180
243219 140100 243447 140700
308541 135780 309225 136380
308769 134820 309453 135420
308997 130980 309453 131580
309111 128580 309681 129180
309111 140580 310365 141180
309681 126180 310365 126780
309681 130020 310593 130620
309681 131940 310365 133020
309681 133380 310593 133980
309909 139140 310593 139740
310023 138180 310707 138780
310251 130980 311049 131580
310821 135300 312303 135900
310821 136740 311733 137340
310821 140580 312759 141180
310935 139620 313785 140220
310935 144900 312189 145500
311049 128100 312417 128700
311163 132420 311961 133020
311163 133380 312987 133980
311391 126180 312075 126780
311847 129540 313785 130140
312075 131940 313329 132540
312075 138180 314013 138780
312189 126660 312873 127260
312303 136260 313101 136860
312759 137220 313557 137820
312987 126180 314013 126780
313215 127140 314013 127740
313215 133380 315495 133980
313215 141060 314925 141660
313329 145380 315495 145980
313443 131460 314127 132060
313557 134340 315153 134940
313671 132420 314925 133020
313671 135780 315495 136380
313899 140100 315495 140700
314013 143940 315495 144540
314127 125700 314469 126300
314241 129540 314925 130140
314355 137220 315495 137820
314355 138180 315495 138780
314583 131460 315267 132060
315267 125700 315495 126300
315267 129540 315495 130140
380475 134340 381273 134940
380931 135300 388341 135900
381387 130500 384237 131100
381387 139620 381615 140220
381729 131460 383325 132060
381729 132420 382641 133020
381729 133380 382413 133980
381729 137700 383097 138300
381729 142980 382185 143580
381957 136260 382641 136860
382071 134340 383097 134940
382071 142020 382641 142620
382071 144900 382755 145500
382185 141060 382413 141660
382299 143460 383097 144060
382527 127140 383325 128220
382527 138660 383097 139260
383211 140580 383895 141180
383439 143460 387201 144060
383667 138180 384237 138780
383667 142500 387429 143100
383895 131460 385605 132060
384009 141060 384237 141660
384123 125220 384921 125820
384465 144420 385605 145020
384579 141060 384921 141660
384807 130020 385605 131100
384807 138660 386289 139740
385035 128580 385605 129180
385377 145380 385605 145980
385833 141060 386517 141660
385947 130500 389025 131100
385947 132420 386517 133020
385947 136260 388797 136860
386175 140100 389025 140700
386403 144420 386859 145020
386859 132420 388797 133020
386859 134340 389481 134940
386973 141060 390393 141660
387315 137700 388797 138780
387543 143460 389481 144060
387771 144420 388797 145020
388113 129540 389253 130140
388341 126660 391761 127260
388683 131460 391191 132060
388797 144420 389937 145020
389595 140100 391191 140700
389823 125700 390393 126300
389823 129540 392673 130140
389823 132420 391305 133020
389823 139140 391305 139740
390051 127620 391989 128220
390507 143940 392445 144540
390963 135300 391761 135900
391191 131460 391989 132060
391419 138180 392217 138780
391419 142500 393015 143100
391647 128580 392217 129180
392103 125700 393015 126300
392331 126660 393015 127260
392331 130500 393015 131100
457539 136260 458109 136860
457539 137220 458109 137820
457995 131460 458337 132060
458451 132420 459021 133020
458679 131460 464265 132060
459249 125700 460845 126300
459249 128580 460845 129180
459249 130500 460845 131100
459249 133860 460845 134460
459249 138180 460845 138780
459249 142020 460845 142620
459819 127140 460617 127740
460047 143940 462213 144540
460731 140580 462213 141660
461643 136260 463011 136860
461643 137220 463011 137820
462099 128580 465063 129180
462099 130500 465063 131100
462099 138180 463467 138780
462099 142020 463581 142620
462783 143940 463581 144540
462897 126180 465063 126780
462897 142980 463581 143580
463011 135780 463695 136380
463239 132900 465063 133500
464037 143940 465063 144540
464151 141060 464949 141660
530955 130500 531297 131100
530955 137700 531639 138300
531297 126180 532209 126780
531297 140580 531981 141180
531297 142500 533121 143100
531411 144420 532209 145500
531639 130980 532437 131580
532551 137700 533121 138300
533121 133380 535173 133980
533121 134820 533349 135420
533121 135780 534945 136380
533121 139620 534945 140220
533919 145380 534717 146460
534831 127140 535629 128220
535059 136740 535857 137820
535515 130980 537453 132060
535743 144900 536769 145500
536769 129060 538593 129660
536769 132420 542355 133020
536769 138180 537453 138780
536769 141540 537909 142140
536769 143940 542355 144540
537111 125700 537681 126300
537795 133860 539733 134460
538251 134820 538821 135420
538251 142500 539049 143580
538251 145380 539049 146460
538707 127140 539505 127740
538935 130500 541785 131100
539163 128100 540189 128700
539163 140580 541101 141180
539391 126180 542583 126780
539619 135780 540189 136380
539847 138660 541215 139260
540075 133380 542583 133980
540075 145380 540645 145980
540303 141540 542583 142140
540417 134340 540645 134940
540531 127140 541101 127740
540759 144900 542013 145500
540987 129540 542013 130140
540987 136740 542583 137340
541101 134820 542583 135420
542355 130500 542583 131100
542355 138180 542583 138780
607677 143940 608817 144540
607905 132420 609045 133020
608247 129060 609045 129660
608247 135300 609273 135900
608475 139620 609615 140220
608475 141540 609615 142140
608475 142500 609615 143100
608817 145380 612579 145980
608931 138660 612237 139260
609159 125220 610185 125820
609159 136740 612921 137340
609387 143460 610185 144060
609615 128100 610413 128700
609615 144420 612237 145020
609843 126180 610641 126780
610299 141540 611667 142140
610641 125700 612465 126300
610641 130980 611325 131580
610641 135780 612579 136380
610755 127620 612237 128220
611097 130020 612237 130620
611325 129060 612009 129660
611325 142980 612009 143580
611439 137700 612237 138300
611553 133860 611781 134460
612123 132900 614631 133500
612123 140580 612807 141180
612123 141540 614631 142140
612351 143460 614631 144060
612465 127140 614631 127740
612465 128100 614631 128700
612465 131940 614631 132540
612693 130020 613263 130620
613035 134820 614631 135420
613035 138660 614631 139260
613149 129060 614631 129660
613149 142500 614631 143100
679839 138660 680409 139260
680751 138660 682689 139260
680865 137220 682689 137820
680979 132900 681777 133980
680979 136260 681777 136860
681207 130980 682233 131580
681321 145380 683259 145980
681435 130020 683829 130620
681777 141540 684741 142140
682119 127140 683145 128220
682347 133860 683373 134460
682689 139140 684057 139740
683031 136740 683373 137340
683031 138180 684285 138780
683259 128100 684057 129180
683259 130980 684057 132060
683487 125220 684057 125820
683487 143460 684513 144540
683715 134820 684285 135420
683715 136740 684627 137340
683715 145380 685881 145980
684171 128100 684741 128700
684399 132900 684969 133500
684399 139620 685083 140220
684513 125700 686109 126300
684627 138180 685197 138780
684855 143460 685653 144060
684969 135780 685197 136380
685083 134820 685653 135420
685083 136740 686679 137340
685311 141540 690555 142140
685539 135780 685881 136380
685539 138660 687249 139260
685653 133380 686337 133980
685995 131940 686565 132540
685995 134820 687021 135900
686223 127140 687363 127740
686223 130500 686793 131100
686337 140580 689187 141180
686451 128100 688047 128700
686679 125220 687249 125820
686679 136260 687249 136860
687363 143460 687933 144060
687477 126660 688161 127260
687591 136260 692151 136860
687591 138660 689301 139260
687819 125220 688503 125820
687819 129540 688617 130140
687819 144420 690669 145020
688047 128100 688617 128700
688047 130500 688389 131100
688275 126660 688845 127260
688275 132900 688617 133500
688731 143460 689301 144060
688959 125220 692151 125820
688959 132900 689757 133980
688959 134340 689757 134940
689187 129540 690213 130140
689301 127140 690441 127740
689757 128580 691011 129180
689871 137700 690327 138300
689985 142980 691923 143580
690213 138660 690783 139260
690327 132420 692151 133020
690327 133380 692151 133980
690327 139620 692151 140220
690327 145380 692151 145980
691239 141060 692151 141660
757587 136260 758271 136860
758043 132900 758841 133500
758385 127620 760095 128220
758385 128580 759981 129180
758385 137220 759867 137820
758385 142020 759981 142620
758955 126660 759297 127260
758955 144420 759753 145500
759069 133380 759753 133980
759753 139140 760437 139740
759867 126180 760779 126780
759867 131460 760893 132060
760323 135780 761577 136380
760323 137220 761007 137820
760551 129060 761805 129660
760665 127140 762603 127740
761007 126180 761577 126780
761121 133860 761691 134460
761577 132900 762261 133500
761691 125220 762261 125820
761691 131940 762717 132540
761691 142500 762261 143100
761919 136740 764199 137340
762033 135780 764199 136380
762033 139620 764199 140220
762033 140580 764199 141180
762147 126180 764199 126780
762147 128100 764199 128700
762375 134820 764199 135420
762375 142020 763401 142620
763173 133380 764199 133980
829863 131940 837273 132540
830433 125700 832257 126300
830433 133380 831801 133980
830775 141060 834537 141660
831687 139620 832485 140700
831915 130020 832257 130620
832257 127620 833169 128220
832371 133380 834765 133980
832827 135780 834993 136380
832941 136740 833169 137340
833511 125700 837273 126300
833511 136740 835677 137340
834081 129060 834993 129660
834081 144900 834993 145500
834651 143940 837501 144540
834879 137700 836817 138300
835107 141060 840693 141660
835335 133380 839097 133980
835905 126660 837045 127260
835905 134340 838299 134940
835905 136260 839097 136860
835905 139140 838983 139740
836019 140100 838413 140700
836247 129540 840009 130140
836931 135300 838299 135900
837387 127140 838185 127740
837615 143460 837843 144060
838071 138180 838869 138780
838299 142980 838869 143580
838755 127140 839781 127740
838755 128100 839097 128700
838755 135300 841719 135900
838983 125220 840123 125820
838983 138660 840009 139260
839097 145380 840351 145980
839211 133380 840351 133980
839439 140100 840465 140700
839667 136260 841719 136860
839667 137700 841719 138300
839895 128580 840465 129180
840123 127620 840693 128220
840123 132420 841149 133020
840351 126660 841719 127260
840579 142980 841719 143580
907383 135780 908865 136380
907383 143940 907953 144540
907497 138180 908181 138780
907497 140100 908181 140700
907953 128580 909321 129180
907953 131460 909321 132060
907953 142020 909321 142620
908523 137700 910005 138300
908979 127620 909777 128220
909207 132900 910005 133500
909207 143460 910005 144540
909321 130020 910005 130620
909435 135780 910803 136380
909663 125220 910689 125820
909891 128580 912741 129180
909891 131460 912741 132060
910575 142020 913425 142620
910803 130020 911373 130620
911031 126180 912285 126780
911031 133380 911829 133980
911031 144420 911829 145020
911259 127140 913767 127740
911259 135780 913767 136380
911601 130500 913197 131100
911601 138660 912399 139260
911601 141060 913197 141660
911715 125220 912285 125820
911715 132420 912285 133020
911715 136740 913767 137340
912171 139620 913767 140220
912171 143940 913767 144540
912513 138180 913767 138780
913197 129540 913767 130140
913539 128580 913767 129180
913539 131460 913767 132060
978747 125220 979203 125820
978747 130500 981141 131100
979203 125220 980001 125820
979203 136740 980229 137340
979317 128580 980229 129180
979317 129540 980001 130140
979317 140100 980001 140700
979431 141540 980571 142140
980001 129540 981141 130140
980229 126660 981369 127260
980457 125700 981597 126300
980457 136740 981141 137340
981027 133860 982167 134460
981027 138660 981825 139740
981027 141540 982509 142620
981141 129060 982737 129660
981711 135300 985017 135900
981825 132900 982167 133500
982053 136740 982965 137340
982167 133380 985929 133980
982623 127140 984105 128220
982623 140100 983421 140700
982623 142500 984105 143100
982851 125220 983649 125820
983307 143460 984789 144540
983649 125700 984789 126300
984675 126660 990261 127260
984675 140100 987525 140700
984675 142500 986613 143100
985359 125220 986499 125820
985359 134820 987525 135420
985473 135780 985929 136380
985473 137220 991059 137820
985587 130500 987981 131100
985815 129060 987297 130140
986499 143460 987525 144060
986727 132900 987525 133980
987183 136260 990945 136860
987411 138660 988209 139740
987411 145380 988893 146460
987639 125220 989121 126300
987639 141540 989121 142620
988209 128100 989007 128700
988209 131460 988893 132060
988437 132420 991287 133020
988779 133380 991287 133980
989463 128100 991287 128700
989463 134340 990489 134940
989463 135300 990261 135900
989805 139620 991287 140220
990261 143940 991287 144540
990945 144900 991287 145500
1056951 143460 1058433 144540
1057521 125700 1059345 126300
1057521 126660 1059345 127260
1057521 137220 1059345 137820
1057635 128100 1061397 128700
1057635 129060 1059117 130140
1057635 132900 1059117 133980
1057635 139620 1058433 140700
1057635 141540 1059117 142620
1058775 139140 1062537 139740
1059231 130020 1060029 131100
1059231 134820 1060029 135900
1059345 137700 1059573 138300
1059345 140580 1060485 141180
1059915 142500 1061397 143580
1060827 140580 1061397 141180
1061169 135780 1063335 136380
1061169 144420 1063335 145020
1061511 133860 1063335 134460
1061739 127140 1063335 127740
1061739 132900 1063335 133500
1061853 126180 1063335 126780
1061967 140100 1063335 140700
1062651 129540 1063335 130140
1128543 131940 1129113 132540
1128657 130980 1129797 131580
1128657 142980 1129569 143580
1128771 136740 1129569 137340
1128771 144900 1130253 145500
1128885 125220 1130025 125820
1128885 129540 1129227 130140
1128885 138660 1129455 139260
1128885 141060 1129227 141660
1128885 142020 1129227 142620
1129113 126660 1130253 127260
1129113 132420 1130253 133020
1129113 133380 1130253 133980
1129113 134820 1129797 135420
1129113 135780 1130253 136380
1129113 140100 1130253 140700
1129227 127620 1130025 128220
1129227 129060 1130367 129660
1129569 136740 1130709 137340
1129797 137700 1130937 138300
1130139 125700 1131621 126300
1130139 130500 1131621 131100
1130139 131460 1131621 132060
1130139 134340 1131621 134940
1130139 143940 1131621 144540
1130253 145380 1131393 145980
1130367 138660 1131393 139260
1130481 139620 1131165 140220
1130481 140580 1131051 141180
1131507 126660 1132191 127260
1131507 128580 1132077 129180
1131507 129540 1135269 130140
1131507 132420 1132761 133020
1131507 135300 1132761 135900
1131507 136260 1132191 136860
1131507 140100 1132647 140700
1131507 142020 1133445 142620
1131507 144900 1133103 145500
1131621 138660 1132761 139260
1131963 134340 1133103 134940
1131963 143940 1132647 144540
1132191 128100 1132761 128700
1132191 142980 1132989 143580
1132419 125700 1138005 126300
1132647 133380 1133217 133980
1132647 137220 1134585 137820
1132647 139620 1133787 140220
1132875 135780 1133331 136380
1133103 140580 1133445 141180
1133217 144900 1134357 145500
1133559 127140 1134357 127740
1133559 133860 1134243 134940
1133559 135780 1134243 136380
1133673 143460 1134015 144060
1133787 128100 1134813 128700
1133901 132900 1134585 133500
1133901 139620 1134585 140220
1134015 141060 1134585 141660
1134357 133860 1135041 134460
1134585 134820 1135725 135420
1134813 138660 1135041 139260
1134813 142020 1135269 142620
1134927 132420 1135155 133020
1134927 137700 1135269 138300
1134927 143460 1138689 144060
1135041 140100 1135269 140700
1135041 145380 1136637 145980
1135155 130500 1135953 131100
1135155 133380 1135725 133980
1135155 136260 1136295 136860
1135611 138660 1136181 139260
1135611 142500 1136295 143100
1136067 133380 1136865 133980
1136067 134340 1136865 134940
1136181 129540 1136865 130140
1136181 135300 1137321 135900
1136181 137220 1136409 137820
1136295 136260 1137435 136860
1136409 142500 1137549 143100
1136751 138180 1136979 138780
1136751 139620 1137891 140220
1136865 141060 1137093 141660
1136979 132900 1138005 133500
1137207 137700 1137435 138300
1137777 133860 1138347 134460
1137777 135780 1139715 136380
1137891 134820 1138689 135420
1137891 137220 1138917 137820
1137891 141540 1138689 142140
1137891 144420 1139145 145020
1138005 129060 1138689 129660
1138005 132420 1138689 133020
1138119 130980 1138803 131580
1138119 140100 1139259 140700
1138119 145380 1138917 145980
1138233 138660 1139373 139260
1138347 125220 1138917 125820
1138461 142500 1139031 143100
1138689 129060 1139829 129660
1138689 132900 1139373 133500
1138689 143460 1139373 144060
1138917 130500 1140057 131100
1138917 137700 1139145 138300
1139145 141060 1140057 141660
1139259 126180 1139487 126780
1139259 127620 1140855 128220
1139259 134340 1139487 134940
1139259 139620 1139487 140220
1139373 125220 1140513 125820
1139373 132900 1140513 133500
1139373 138660 1140513 139260
1139373 143940 1140855 144540
1139487 137220 1140513 137820
1139715 131940 1140855 132540
1139943 144900 1140855 145500
1140057 135300 1140513 135900
1140171 142500 1140855 143100
1140399 126180 1140855 126780
1140399 129540 1140855 130140
1140399 139620 1140855 140220
1206291 129540 1208685 130140
1206291 131940 1206861 132540
1206291 142500 1207545 143580
1206633 134820 1207317 135900
1206633 139140 1206975 139740
1207089 137220 1207887 137820
1207203 132900 1208685 133500
1207431 131940 1211193 132540
1207431 134340 1208457 134940
1207431 139140 1208685 139740
1207659 143460 1208913 144540
1208115 126180 1208685 126780
1208115 137220 1208799 137820
1208115 138180 1209597 138780
1208457 135780 1210053 136380
1208685 134340 1210053 134940
1208913 125220 1210851 125820
1208913 126660 1210053 127260
1208913 130980 1209255 131580
1209027 137220 1212789 137820
1209141 142500 1209825 143580
1209255 130500 1210281 131100
1209255 139620 1210053 140700
1209711 127620 1212903 128220
1209711 129540 1212903 130140
1210509 142500 1211193 143580
1210737 140580 1212903 141180
1211079 136260 1212903 136860
1211535 143940 1212105 144540
1277883 136740 1278225 137340
1277997 130020 1278681 130620
1278225 128580 1279365 129180
1278225 131940 1278681 132540
1278225 138660 1279137 139740
1278339 144420 1278909 145020
1278453 143460 1279137 144060
1278567 130980 1278909 131580
1278681 125700 1279365 126300
1278681 141540 1279365 142620
1278795 126660 1279935 127260
1278795 130020 1279935 130620
1278795 135780 1279251 136380
1279023 132420 1279821 133020
1279251 134340 1279821 134940
1279251 138180 1279479 138780
1279251 144900 1279707 145500
1279365 135780 1280277 136860
1279479 127620 1280049 128220
1279479 139140 1280619 139740
1279821 130980 1282785 131580
1279821 145380 1280277 145980
1279935 137700 1281303 138300
1279935 140580 1280505 141180
1279935 143460 1281189 144060
1280049 127620 1280733 128220
1280163 128580 1280733 129180
1280163 129540 1280733 130140
1280277 135780 1280961 136380
1280391 125220 1281873 125820
1280391 131940 1280619 132540
1280391 134340 1282101 134940
1280391 136740 1280847 137340
1280391 142020 1282101 142620
1280391 144420 1280847 145020
1280619 140100 1282101 140700
1280847 127140 1281531 127740
1280847 129060 1281417 129660
1280847 130020 1281759 130620
1281531 137700 1282557 138300
1281645 136740 1281873 137340
1281645 145380 1282329 145980
1281759 135780 1282329 136380
1281987 125700 1282557 126300
1281987 126660 1283013 127260
1281987 127620 1283013 128220
1281987 128580 1282557 129180
1281987 129540 1282671 130140
1281987 138660 1282557 139260
1281987 143940 1286661 144540
1282215 136740 1283013 137340
1282671 132900 1283241 133500
1282671 139620 1283925 140700
1282671 141540 1283925 142620
1282671 145380 1283925 146460
1282899 133860 1284153 134940
1282899 137700 1283469 138300
1283127 129060 1283469 129660
1283469 126180 1284153 126780
1283469 137700 1284153 138300
1283697 128100 1284267 128700
1283697 130980 1287459 131580
1283811 129060 1289397 129660
1284153 125220 1285065 125820
1284267 138660 1285521 139740
1284267 140580 1285521 141660
1284495 126660 1287459 127260
1284495 128100 1286433 128700
1284495 145380 1285749 146460
1284951 132900 1285635 133500
1284951 134820 1286205 135900
1285407 125220 1286205 125820
1285521 137220 1286205 137820
1286433 125220 1287117 125820
1286433 135780 1287117 136860
1286433 140580 1287117 141660
1286433 145380 1287117 146460
1286547 138660 1287801 139740
1287003 127620 1289169 128220
1287003 132420 1287573 133020
1287459 125220 1288257 125820
1287459 140100 1288257 140700
1287459 141540 1288713 142620
1287687 130500 1288485 131100
1287687 131460 1288485 132060
1287687 143460 1288941 144540
1288143 132900 1288941 133500
1288599 125700 1290423 126300
1288827 130020 1290423 130620
1288827 135780 1290423 136380
1288827 140580 1290423 141180
1288941 139620 1289169 140220
1288941 144420 1289625 145500
1289055 142500 1289853 143100
1289169 132900 1289853 133500
1289511 126660 1289967 127260
1289511 130980 1289967 131580
1289739 128100 1290309 128700
1289967 127140 1290423 127740
1356087 128100 1357341 129180
1356087 134820 1357341 135900
1356657 136260 1358481 136860
1356771 138660 1357455 139260
1356999 142500 1358253 143580
1356999 143940 1358937 144540
1357227 145380 1358025 145980
1357455 137220 1359393 137820
1358367 128100 1359621 129180
1358367 134820 1359621 135900
1358367 145380 1359393 145980
1358481 125220 1361217 125820
1358481 126180 1359507 126780
1358481 130980 1359393 131580
1358481 133380 1360191 133980
1358481 140100 1359849 140700
1359507 131940 1360761 133020
1359507 136260 1363269 136860
1359507 137700 1360761 138780
1359507 139140 1360989 139740
1360191 142500 1360989 143580
1360305 129060 1361673 129660
1360305 133860 1361217 134460
1360419 134820 1361217 135420
1360647 140100 1361445 140700
1360647 143940 1361673 144540
1360875 127140 1362129 128220
1360875 131940 1362129 133020
1361331 145380 1362585 145980
1361559 130980 1363041 131580
1361559 134340 1364409 134940
1362129 132900 1363269 133500
1362243 129060 1369653 129660
1362243 130020 1363041 130620
1362243 141540 1363041 142620
1362471 137700 1364523 138300
1362471 143940 1368057 144540
1362927 139620 1366689 140220
1363155 125700 1363953 126300
1363155 135300 1363953 135900
1363155 142500 1364409 143580
1363155 145380 1364409 146460
1363839 131940 1365663 132540
1363839 132900 1365777 133500
1363839 136260 1365777 136860
1364067 135300 1364865 135900
1364523 125700 1368285 126300
1364637 134340 1368057 134940
1364865 145380 1365549 146460
1364979 142500 1366233 143100
1365435 137700 1365777 138300
1365435 140580 1365777 141180
1366005 137700 1366689 138300
1366347 141060 1367145 141660
1366575 142020 1367259 142620
1366689 137700 1367829 138300
1366803 128100 1372389 128700
1366803 139620 1367829 140220
1367031 126660 1368741 127260
1367715 132420 1368399 133020
1367715 138660 1369653 139260
1367829 131460 1368969 132060
1367943 142980 1369083 143580
1367943 144900 1368513 145500
1368171 136260 1371933 136860
1368285 134340 1369881 134940
1368627 141540 1369311 142140
1368627 143940 1369083 144540
1368855 132420 1369653 133020
1369083 145380 1369653 145980
1369311 126660 1369539 127260
1369539 125700 1370337 126300
1369653 140580 1370337 141180
1369653 141540 1370337 142140
1369767 133380 1370565 133980
1369995 142500 1373187 143100
1370223 130020 1371477 130620
1370223 130980 1371477 131580
1370223 131940 1371477 132540
1370223 134340 1371021 134940
1370223 144900 1370565 145500
1370451 137700 1371249 138780
1370679 126180 1371135 126780
1370907 140580 1371705 141660
1371135 126180 1371933 126780
1371249 144900 1371705 145500
1371363 133860 1372617 134940
1371477 139620 1371933 140220
1371591 135300 1372845 135900
1371933 139620 1372617 140220
1372161 138180 1372617 138780
1372503 126180 1374555 126780
1372503 130980 1374555 131580
1372503 144900 1373985 145500
1372617 143940 1373301 144540
1372731 127620 1373529 128220
1372845 129060 1374555 129660
1373187 134340 1373643 134940
1373187 136260 1373757 136860
1373187 142020 1374099 142620
1373415 135300 1374213 135900
1373871 139140 1374327 139740
1373871 143940 1374555 144540
1374327 134340 1374897 134940
1374327 142020 1376835 142620
1374327 144900 1375125 145500
1374441 125220 1375353 125820
1374441 132900 1375353 133500
1374441 136740 1375353 137340
1374441 139620 1375125 140220
1374441 140580 1375125 141180
1374555 129540 1375353 130140
1374783 131460 1375353 132060
1375125 133860 1375581 134460
1375239 126180 1376037 126780
1375467 135300 1376721 135900
1375467 143460 1375923 144060
1375581 139620 1376265 140220
1375695 137220 1376151 137820
1375809 131940 1377063 132540
1375923 132900 1378773 133500
1376037 144900 1376607 145500
1376151 127620 1377405 128220
1376151 138180 1376379 138780
1376265 134340 1376949 134940
1376379 125220 1377177 125820
1376379 129540 1376721 130140
1376493 139140 1377177 139740
1376607 136740 1377633 137340
1376721 141060 1377405 141660
1376835 144900 1377405 145500
1377063 130500 1378089 131100
1377063 135300 1382649 135900
1377177 134340 1378203 134940
1377291 131940 1380027 132540
1377291 137700 1377975 138300
1377291 142020 1381053 142620
1377405 138660 1378089 139260
1377405 139620 1378089 140220
1377519 126660 1378545 127260
1377519 129540 1378317 130140
1377633 144420 1378089 145020
1378089 136740 1378545 137340
1378089 145380 1379343 145980
1378203 138660 1378887 139260
1378431 130500 1379229 131100
1378659 129540 1379457 130140
1378659 143940 1383333 144540
1378887 139620 1379229 140220
1379001 136740 1379913 137340
1379115 133860 1379799 134460
1379115 138180 1379571 138780
1379799 140100 1381281 140700
1379799 145380 1380369 145980
1380027 130500 1380825 131100
1380027 138660 1380825 139260
1380141 125220 1380597 125820
1380255 133860 1380939 134460
1380369 126660 1381053 127260
1380483 129540 1380825 130140
1380483 131940 1381167 132540
1380711 144900 1382193 145500
1380939 130500 1381395 131100
1380939 141060 1384701 141660
1381167 126180 1381623 126780
1381167 133860 1381851 134460
1381167 142500 1382877 143100
1381281 127140 1381965 127740
1381395 129060 1382193 129660
1381509 130020 1382193 130620
1381509 130980 1382193 131580
1381851 128100 1382421 128700
1382079 126180 1382421 126780
1382079 134340 1384245 134940
1382535 130500 1383219 131100
1382535 131940 1383105 132540
1382649 126180 1382991 126780
1382763 125220 1384131 125820
1382763 127140 1383789 127740
1382763 129060 1383675 129660
1383219 128100 1383789 128700
1383219 135780 1384131 136380
1383219 137220 1384017 137820
1383447 126180 1383903 126780
1383447 131940 1384131 132540
1383447 143460 1384131 144060
1383675 133380 1384359 133980
1383675 142020 1384473 142620
1383903 129060 1384701 129660
1384017 138180 1384701 138780
1384131 139620 1386981 140220
1384131 142980 1385385 143580
1384359 128100 1384929 128700
1384587 125220 1385613 125820
1384587 127140 1385385 127740
1385157 138180 1385841 138780
1385385 142020 1385955 142620
1385499 126660 1386069 127260
1385499 129060 1387209 129660
1385499 131460 1387095 132060
1385613 128100 1386297 128700
1386183 125220 1388007 125820
1386183 137700 1386753 138300
1386183 142020 1386981 142620
1386297 126660 1386981 127260
1386297 132420 1386753 133020
1386753 128100 1387209 128700
1386753 130500 1388805 131100
1386981 135780 1387665 136860
1387095 132420 1387779 133020
1387095 140580 1387437 141180
1387551 128100 1388007 128700
1387551 131460 1388349 132060
1387551 133380 1388235 133980
1387551 138180 1388349 138780
1388007 135300 1388919 135900
1388007 137220 1388691 137820
1388007 139620 1388691 140220
1388121 127140 1388919 127740
1388463 128100 1389261 128700
1388691 142020 1389489 142620
1388805 131460 1389717 132060
1388805 136740 1389603 137340
1388805 141060 1389261 141660
1388805 144420 1389717 145020
1388919 126180 1389489 126780
1388919 129060 1389489 129660
1388919 133380 1389603 133980
1389033 130500 1389603 131100
1389147 139620 1390401 140220
1389375 137700 1390401 138300
1389489 140580 1390173 141180
1389489 142500 1390401 143100
1389717 125220 1390401 125820
1389831 143940 1390401 144540
1390059 130500 1390857 131100
1390059 131460 1390287 132060
1390059 136740 1390515 137340
1390173 132900 1392111 133500
1390287 135300 1391199 135900
1390287 138660 1390857 139260
1390287 144900 1391085 145500
1390401 140100 1391085 140700
1390401 141060 1391313 141660
1390629 126180 1393137 126780
1390743 136260 1391883 136860
1390971 133860 1392567 134460
1391085 130500 1391769 131100
1391199 129060 1392453 129660
1391313 137220 1391769 137820
1391313 139140 1391997 139740
1391427 138180 1392453 138780
1391655 143940 1392453 144540
1391769 145380 1392453 146460
1391883 135300 1392567 135900
1391883 140100 1393593 140700
1392225 128100 1392681 128700
1392339 130500 1393593 131100
1392339 132420 1393365 133020
1392339 142020 1392795 142620
1392339 142980 1393593 143580
1392567 135780 1393251 136860
1392567 137220 1393137 137820
1392795 128580 1393251 129180
1392795 143940 1393479 144540
1392795 144900 1393479 145500
1393023 133860 1394049 134460
1393251 139140 1394961 139740
1393251 142020 1394961 142620
1393365 138180 1394961 138780
1393479 126180 1394391 126780
1393479 131460 1394961 132060
1393479 137220 1394961 137820
1393479 141060 1394961 141660
1393707 130020 1394961 130620
1393707 132900 1394847 133500
1394619 126180 1398381 126780
1394847 133380 1399407 133980
1394847 134820 1395645 135420
1394847 136260 1395417 136860
1394847 140100 1397811 140700
1394847 144900 1395417 145500
1395189 131940 1395645 132540
1395189 137220 1395417 137820
1395303 138180 1395987 138780
1395531 141540 1396215 142620
1395531 145380 1396101 145980
1395645 143460 1396329 144540
1395873 137220 1396671 137820
1396101 131940 1399407 132540
1396215 128100 1399407 128700
1396215 142500 1397241 143100
1396557 145380 1397241 146460
1396671 127140 1399407 127740
1396671 136260 1397241 136860
1396785 141540 1397241 142140
1396899 143460 1397583 144060
1397013 125220 1399407 125820
1397127 137220 1397697 137820
1397241 141060 1399407 141660
1397355 144420 1399407 145020
1397583 130980 1399407 131580
1397583 145380 1398267 146460
1397811 142500 1398381 143100
1398495 130020 1399407 130620
1398609 135780 1399407 136380
1398723 142500 1399407 143100
1399179 134820 1399407 135420
