513 125220 7923 125820
513 126180 7923 126780
513 127140 7923 127740
513 128100 7923 128700
513 129060 7923 129660
513 130020 7923 130620
513 130980 7923 131580
513 131940 7923 132540
513 132900 7923 133500
513 133860 7923 134460
513 134820 7923 135420
513 135780 7923 136380
513 136740 7923 137340
513 137700 7923 138300
513 138660 7923 139260
513 139620 7923 140220
513 140580 7923 141180
513 141540 7923 142140
513 142500 7923 143100
513 143460 7923 144060
513 144420 7923 145020
513 145380 7923 145980
11457 125220 14307 125820
11457 130500 14307 131100
13281 126660 14649 127260
13623 143460 14193 144060
14079 129060 14877 129660
14079 145380 14877 145980
14193 128100 16359 128700
14193 131940 16359 132540
14193 132900 16359 133500
14193 133860 16359 134460
14193 134820 16359 135420
14193 135780 16359 136380
14193 136740 16359 137340
14193 137700 16359 138300
14193 138660 16359 139260
14193 139620 16359 140220
14193 140580 16359 141180
14193 141540 16359 142140
14193 142500 14991 143100
14193 144420 16359 145020
14535 143460 16359 144060
14763 124740 16359 125340
14877 126660 16359 127260
15105 129540 16359 130140
15219 130500 16359 131100
80769 125220 84531 125820
80769 126180 81567 126780
80769 127140 82365 127740
80769 128100 82593 128700
80769 129060 85101 129660
80769 130020 82821 130620
80769 130980 81681 131580
80769 131940 81681 132540
80769 132900 82821 133500
80769 133860 84531 134460
80769 134820 82821 135420
80769 135780 81795 136380
80769 136740 82707 137340
80769 137700 88179 138300
80769 138660 82593 139260
80769 139620 88179 140220
80769 140580 81681 141180
80769 141540 83277 142140
80769 142500 84531 143100
80769 143460 83277 144060
80769 144420 81681 145020
80769 145380 83049 145980
81567 126180 82137 126780
82023 131940 83277 132540
82251 135780 83277 136380
82935 130980 83619 131580
83163 127140 86925 127740
83163 136740 84189 137340
83505 135780 84873 136380
83619 130020 85329 130620
83619 131940 84303 132540
83619 132900 84303 133500
83619 134820 84873 135420
84075 140580 85101 141180
84303 145380 87381 145980
84531 124260 85557 125340
84531 136740 84873 137340
84531 141540 91941 142140
84531 143940 87381 144540
84759 131940 85329 132540
84987 133860 86697 134460
85215 126180 85785 126780
85215 130980 86013 131580
85215 134820 86469 135420
85215 136740 90801 137340
85443 132900 87153 133500
85443 135780 87381 136380
85443 142980 86469 143580
85671 128100 90345 128700
86355 125700 91941 126300
86355 129060 87153 129660
86355 131940 88065 132540
86355 140580 90117 141180
86811 130020 87609 130620
86811 134820 87951 135420
87039 138660 90801 139260
87267 133380 90117 133980
87495 142500 88977 143580
87609 130980 88293 131580
87951 127140 88863 127740
87951 135780 91713 136380
88065 129540 91827 130140
88065 144900 91485 145500
88407 134820 90117 135420
88635 145860 90117 146460
89091 124740 89433 125340
89319 127140 90801 127740
89319 131940 90117 132540
89319 143460 91257 144060
90003 130980 90687 131580
90231 124740 92055 125340
90687 140580 91941 141180
90687 145860 91485 146460
90801 131940 91941 132540
90801 137700 91485 138300
90915 130500 92397 131100
90915 132900 91941 133500
90915 134820 93879 135420
91143 127140 92169 127740
91143 128100 92169 128700
91371 136740 92397 137340
91371 142980 91941 143580
91599 138180 93879 138780
91713 139620 92511 140220
91827 133860 93879 134460
91827 144900 92853 145500
91827 145860 92511 146460
92055 141060 92853 141660
92283 125700 92625 126300
92283 129060 93879 129660
92397 130020 93879 130620
92511 124740 93879 125340
92511 136260 93879 136860
92511 139140 93879 139740
92511 140100 93879 140700
92739 132420 93879 133020
92739 145860 93879 146460
93195 125700 93879 126300
93537 131460 93879 132060
158289 125220 162051 125820
158289 126180 162051 126780
158289 127140 160227 127740
158289 128100 160227 128700
158289 129060 159885 129660
158289 130020 162051 130620
158289 130980 163875 131580
158289 131940 159201 132540
158289 132900 159087 133500
158289 133860 159201 134460
158289 134820 159087 135420
158289 135780 159201 136380
158289 136740 159201 137340
158289 137700 159201 138300
158289 138660 159201 139260
158289 139620 160341 140220
158289 140580 159087 141180
158289 141540 159201 142140
158289 142500 159429 143100
158289 143460 163875 144060
158289 144420 159657 145020
158289 145380 159315 145980
159087 134820 160113 135420
159201 133380 159657 133980
159543 142020 160227 142620
159543 145380 160569 145980
159771 131940 162621 132540
159771 133860 161481 134460
159771 135780 160797 136380
159771 136740 163533 137340
159771 137700 160797 138300
159771 138660 160569 139260
159999 140580 160683 141180
160113 132900 160341 133500
160113 134820 160797 135420
160113 144420 162849 145020
160227 129060 162165 129660
160341 142500 160569 143100
160455 127140 161025 127740
160455 141540 161253 142140
160683 128100 162051 128700
160683 145860 161253 146460
160911 132900 162165 133500
160911 139620 161595 140220
161139 135300 161709 135900
161139 142500 162279 143100
161253 137700 161937 138300
161253 138660 161937 139260
161937 138180 162165 138780
162051 133860 163077 134460
162051 141540 163305 142140
162165 125700 162849 126300
162165 145380 163077 146460
162279 127140 163077 127740
162279 134820 163077 135420
162279 140100 165129 140700
162507 128100 163875 128700
162507 129060 163305 129660
162507 132900 163305 133500
162621 138180 163875 138780
162735 142500 163875 143100
162963 126180 163761 126780
162963 130020 163761 130620
163077 125220 163761 125820
163191 127140 163761 127740
163191 144420 163875 145020
163419 131940 163989 132540
163647 132900 163875 133500
163647 135300 165927 135900
163647 137220 165927 137820
163647 141540 165927 142140
163761 134340 164445 134940
163875 127140 164445 127740
163875 133380 165927 133980
163875 145380 164445 145980
164103 129540 164673 130140
164103 144420 165927 145020
164331 124740 165927 125340
164331 128100 165927 128700
164331 131940 165927 132540
164331 138180 165927 138780
164331 142500 165927 143100
164445 130980 165927 131580
164445 143460 165927 144060
164787 145860 165927 146460
165129 136260 165927 136860
165357 126660 165927 127260
165471 125700 165927 126300
230337 125220 233301 125820
230337 126180 233187 126780
230337 127140 231477 127740
230337 128100 231249 128700
230337 129060 231249 129660
230337 130020 231249 130620
230337 130980 231477 131580
230337 131940 231249 132540
230337 132900 235581 133500
230337 133860 234099 134460
230337 134820 232161 135420
230337 135780 232275 136380
230337 136740 233301 137340
230337 137700 233529 138300
230337 138660 231477 139260
230337 139620 231477 140220
230337 140580 231477 141180
230337 141540 231705 142140
230337 142500 231591 143100
230337 143460 231363 144060
230337 144420 230793 145020
230337 145380 231477 145980
231363 144420 232047 145020
231477 127140 232617 127740
231591 129060 232161 129660
231819 128100 232503 128700
231819 130020 233073 130620
231819 131940 233757 132540
231819 139140 232389 139740
231819 140580 232389 141180
231819 142500 232845 143100
231819 143460 233187 144060
231933 145380 232617 145980
232047 130980 233073 131580
232047 141540 233301 142140
232389 135780 232845 136380
232389 139620 234555 140220
232617 129060 233301 129660
232845 140580 233757 141180
232959 127140 233643 127740
232959 128100 233985 128700
232959 138660 234783 139260
232959 145860 236721 146460
233073 135300 233757 135900
233073 144420 233757 145020
233415 142500 234099 143100
233415 143460 234327 144060
233643 141540 233985 142140
233757 136740 235695 137340
233757 137700 234783 138300
233871 125220 234669 125820
233871 126180 234669 126780
233871 129060 235125 129660
233871 134820 234669 135420
233985 127620 236493 128220
233985 130500 234555 131100
234213 140580 234669 141180
234327 142980 236037 143580
234441 141540 235239 142140
234669 144420 235239 145020
234783 126660 235467 127260
234783 130500 236949 131100
234783 131940 235581 132540
234783 135300 236949 135900
234897 125700 235581 126300
234897 140580 235809 141180
235011 139620 237861 140220
235125 134340 242535 134940
235239 138660 239799 139260
235239 143940 237177 144540
235467 141540 237519 142140
235581 124740 236037 125340
235695 137220 236835 137820
235809 126180 236493 126780
235809 128580 237063 129180
235809 133380 236265 133980
235923 131940 236607 132540
236151 140580 237063 141180
236493 125220 236949 125820
236607 133380 237291 133980
236721 127620 240483 128220
236721 136260 237405 136860
236949 145380 240711 145980
237063 126180 237747 126780
237063 131460 237519 132060
237063 132420 242307 133020
237063 142980 237861 143580
237177 137700 237861 138300
237291 129060 237975 129660
237291 140580 238089 141180
237405 130500 241167 131100
237747 125220 238089 125820
237747 136740 239799 137340
237747 141540 238431 142140
237747 143940 241509 144540
237975 142500 238545 143100
238203 125700 238773 126300
238317 135780 239001 136380
238431 129060 240483 129660
238545 140580 239001 141180
238887 126660 240483 127260
239115 141540 240939 142140
239229 125220 239913 125820
239343 140100 240027 140700
239343 142500 240369 143100
239457 135780 240141 136380
239685 137700 240141 138300
240255 136740 241053 137340
240255 138660 240939 139260
240369 125220 241053 125820
240369 140580 241053 141180
240483 139620 241053 140220
240711 126180 241395 126780
240711 127620 241167 128220
240711 135780 241509 136380
240825 142500 241053 143100
240939 129060 243447 129660
240939 137700 243447 138300
240939 138660 241623 139260
241281 136740 242079 137340
241281 140580 241965 141180
241395 128100 241965 128700
241395 139620 241965 140220
241395 141540 243447 142140
241395 142980 242421 143580
241623 143940 242193 144540
241623 145860 242421 146460
241851 125700 242421 126300
241851 131460 242421 132060
241851 135300 242421 135900
241965 130020 243447 130620
241965 138660 243447 139260
242307 136260 243447 136860
242307 144900 243447 145500
242535 126660 243447 127260
242535 132420 243447 133020
242649 133380 243447 133980
242649 140100 243333 140700
242877 127620 243447 128220
242991 143940 243447 144540
243219 124740 243447 125340
307857 125220 311619 125820
307857 126180 309795 126780
307857 127140 308541 127740
307857 128100 308541 128700
307857 129060 311619 129660
307857 130020 309795 130620
307857 130980 309111 131580
307857 131940 308541 132540
307857 132900 308997 133500
307857 133860 308655 134460
307857 134820 308883 135420
307857 135780 308655 136380
307857 136740 308655 137340
307857 137700 308883 138300
307857 138660 308541 139260
307857 139620 308883 140220
307857 140580 308313 141180
307857 141540 308313 142140
307857 142500 308427 143100
307857 143460 309111 144060
307857 144420 310707 145020
307857 145380 313443 145980
308655 141540 313329 142140
308769 131940 309795 132540
308769 140580 309225 141180
308883 138180 309453 138780
308883 142500 310821 143100
308997 127620 309681 128220
309111 135780 312873 136380
309339 130980 310365 131580
309339 133860 310479 134460
309339 134820 310593 135420
309339 136740 310935 137340
309339 143460 310821 144060
309567 137700 311277 138300
309567 139620 310479 140220
309681 127140 310593 127740
310023 128100 310593 128700
310251 126180 311505 126780
310251 131940 312189 132540
310251 140580 310935 141180
310479 130020 312645 130620
310479 139140 313329 139740
310935 127620 311619 128220
310935 130980 312417 131580
310935 133860 312303 134460
310935 134820 313785 135420
311163 142500 311847 143100
311163 143460 312417 144060
311277 144420 311961 145020
311391 138180 312189 138780
311505 126660 312303 127260
311505 137220 312873 137820
311619 128580 313557 129180
312075 125220 314013 125820
312075 140100 313329 140700
312531 126180 313101 126780
312759 127620 313443 128220
312759 133860 313557 134460
312759 142500 313557 143100
312759 143460 314127 144060
312987 130980 315495 131580
312987 132420 313785 133020
313101 135780 313785 136380
313215 130020 315495 130620
313215 144420 315495 145020
313443 136740 315495 137340
313671 128580 314355 129180
313671 139620 315495 140220
313899 126180 315495 126780
313899 127140 315495 127740
313899 138180 314469 138780
313899 141540 315495 142140
314127 142980 315495 143580
314127 145860 314925 146460
314583 124740 315153 125340
314583 135300 315495 135900
314811 132420 315495 133020
315039 134340 315495 134940
379905 125220 380817 125820
379905 126180 387315 126780
379905 127140 382641 127740
379905 128100 381957 128700
379905 129060 383667 129660
379905 130020 381615 130620
379905 130980 380931 131580
379905 131940 380133 132540
379905 132900 381045 133500
379905 133860 387315 134460
379905 134820 380361 135420
379905 135780 381843 136380
379905 136740 387315 137340
379905 137700 381843 138300
379905 138660 381843 139260
379905 139620 381501 140220
379905 140580 381501 141180
379905 141540 382185 142140
379905 142500 381843 143580
379905 143940 382413 144540
379905 144900 382185 145500
379905 145860 380817 146460
380589 131940 380817 132540
381045 131940 382983 132540
381273 134820 381729 135420
381387 125220 384237 125820
381501 139620 382185 140220
381729 145860 382413 146460
382071 130020 382299 130620
382071 140580 383325 141180
382299 135780 385377 136380
382527 128100 383325 128700
382527 130980 385605 131580
382527 138180 383097 138780
382527 141540 384009 142620
382527 144420 383553 145020
382755 139140 383325 139740
382755 142980 383553 143580
382983 131940 383553 132540
383211 127140 385605 127740
383211 130020 384237 130620
383325 145860 383553 146460
383667 137700 387429 138300
383667 138660 384921 139260
383781 140580 391191 141180
383895 128100 385605 128700
383895 143940 384693 144540
384009 129060 384693 129660
384123 134820 384693 135420
384123 144900 384465 145500
384351 132420 385377 133020
384465 145860 384693 146460
384807 139620 385605 140220
385377 144900 387657 145500
385491 130020 388341 130620
385491 143940 386517 144540
385605 145860 386517 146460
385719 134820 386859 135420
385947 131940 389253 132540
386175 125220 391419 125820
386175 127140 389481 127740
386175 128100 388113 128700
386175 139140 389937 139740
386289 129060 386973 129660
387087 142980 389025 143580
387087 145860 389481 146460
387315 133860 388341 134460
387543 141540 389025 142140
387657 134820 391419 135420
387771 143940 388455 144540
387999 144900 391761 145500
388227 132900 390165 133500
388227 137220 391989 137820
388683 128100 390165 128700
388683 129060 389253 129660
388683 136260 389025 136860
388683 138180 391533 138780
388911 130020 389709 131100
389367 141540 390393 142140
389367 143460 390621 144060
389823 129060 393015 129660
389823 136260 392673 136860
390051 145860 391989 146460
390393 130020 391077 130620
390507 128100 391077 128700
390507 130980 393015 131580
390849 126180 393015 126780
390963 143460 393015 144060
391191 132420 391989 133020
391191 133380 391761 133980
391191 139140 391761 139740
391191 140100 392217 140700
391191 141060 392217 141660
391191 142020 392217 142620
391419 134340 391989 134940
391647 135300 393015 135900
391875 127620 393015 128220
392103 138180 393015 138780
392331 145860 393015 146460
392559 124740 393015 125340
392559 132420 393015 133020
457425 125220 459363 126300
457425 126660 459933 127260
457425 127620 465063 128220
457425 129060 463011 129660
457425 130020 459363 131100
457425 131460 458109 132060
457425 132420 458565 133020
457425 133380 459249 133980
457425 134340 460845 134940
457425 135300 459249 135900
457425 136260 457653 136860
457425 137220 457653 137820
457425 138660 458337 139260
457425 139620 463011 140220
457425 140580 458565 141180
457425 141540 459363 142620
457425 143460 458793 144060
457425 144420 463011 145020
457425 145380 459363 146460
457995 136260 461757 136860
457995 137220 461757 137820
458223 131460 458793 132060
458679 138660 460845 139260
458907 132420 462669 133020
459135 140580 460845 141180
459249 142980 460845 143580
459591 130980 460389 131580
460503 126660 464265 127260
460503 133380 465063 133980
460503 135300 465063 135900
460731 125220 462213 126300
460731 130020 462213 131100
460731 141540 462213 142620
460731 145380 462213 146460
461415 142980 463011 143580
462099 134340 465063 134940
462099 137700 465063 138300
462099 138660 465063 139260
462099 140580 465063 141180
463011 136740 465063 137340
463353 143460 465063 144060
463467 139620 465063 140220
463467 142020 464151 142620
463581 130980 465063 131580
463581 131940 465063 132540
529473 125220 536883 125820
529473 126180 531411 126780
529473 127140 530043 127740
529473 128100 533805 128700
529473 129060 536883 129660
529473 130020 536883 130620
529473 130980 530841 131580
529473 131940 530955 132540
529473 132900 533235 133500
529473 133860 530613 134460
529473 134820 533235 135420
529473 135780 533235 136380
529473 136740 535059 137340
529473 137700 531069 138300
529473 138660 531525 139260
529473 139620 533235 140220
529473 140580 531411 141180
529473 141540 536883 142140
529473 142500 531411 143100
529473 143460 536883 144060
529473 144420 530157 145020
529473 145380 530499 145980
530271 127140 534033 127740
530955 145380 534033 145980
531183 130980 531753 131580
531411 131940 538821 132540
531525 137700 532665 138300
531867 140580 539277 141180
532095 126180 539505 126780
532095 138660 535857 139260
532095 144420 535857 145020
532323 130980 534945 131580
533007 137700 536769 138300
533235 134820 534717 135900
533691 142500 538365 143100
534375 128100 537225 128700
534603 145380 538365 145980
535059 132900 536541 133980
535515 127140 538821 127740
535515 135780 535857 136380
535515 139620 536085 140220
535743 136740 538821 137340
536199 135780 539049 136380
536199 138660 539961 139260
536769 134340 540531 134940
537225 139620 539619 140220
537339 128100 537909 128700
538023 130980 540873 131580
538023 144420 540873 145020
538251 125220 541101 125820
538251 128100 538821 128700
538479 129060 539277 130140
538479 142020 540417 142620
538707 137700 541215 138300
538935 145860 541101 146460
539163 127620 542583 128220
539163 131940 540645 132540
539277 136740 540645 137340
539391 135300 541329 135900
539847 141060 540303 141660
540075 132900 542583 133500
540075 139620 542583 140220
540417 130020 542583 130620
540417 143460 542583 144060
540531 134340 541215 134940
540759 142500 542583 143100
540987 131940 542583 132540
540987 136260 542583 136860
541101 138660 542583 139260
541215 141060 542583 141660
541443 137220 542013 137820
541557 145860 542583 146460
541899 135300 542583 135900
541899 144900 542583 145500
606993 125220 608931 125820
606993 126180 609957 126780
606993 127140 612579 127740
606993 128100 609729 128700
606993 129060 608361 129660
606993 130020 610413 130620
606993 130980 608475 131580
606993 131940 612579 132540
606993 132900 607449 133500
606993 133860 609615 134460
606993 134820 607677 135420
606993 135780 610755 136380
606993 136740 608019 137340
606993 137700 609159 138300
606993 138660 608133 139260
606993 139620 608133 140220
606993 140580 612237 141180
606993 141540 607791 142140
606993 142500 608589 143100
606993 143460 609501 144060
606993 144420 607677 145020
606993 145380 607905 145980
607905 144900 609045 145500
608247 136740 609273 137340
608247 139140 609045 139740
608247 141540 608589 142140
608361 132900 609045 133500
608475 134820 609729 135420
608817 142020 610641 142620
608931 129060 611439 129660
608931 130980 610755 131580
609045 144420 609729 145020
609159 124740 609957 125340
609501 139620 613263 140220
609615 137700 611553 138300
609729 144900 611325 145500
610071 125220 610641 125820
610071 133860 611667 134460
610071 143460 611781 144060
610299 134820 613149 135420
610527 126180 612009 126780
610527 130020 611211 130620
610641 145860 611553 146460
611211 130980 613149 131580
611211 142020 612693 142620
611439 125220 614631 125820
611439 132900 612237 133500
611667 133860 612693 134460
611895 128100 612579 128700
611895 129060 613263 129660
611895 142980 613377 143580
612123 130020 612807 130620
612123 137700 614631 138300
612123 138660 613149 139260
612123 144420 613149 145020
612351 145860 613605 146460
612465 135780 614631 136380
612579 127620 614061 128220
612693 140580 613263 141180
612807 126180 614631 126780
612807 136740 614631 137340
613149 130020 614631 130620
613263 134340 613833 134940
613719 142980 614631 143580
613947 131460 614631 132060
613947 133380 614631 133980
613947 139140 614631 139740
613947 142020 614631 142620
613947 143940 614631 144540
613947 144900 614631 145500
614175 132420 614631 133020
614403 141060 614631 141660
679041 125220 680979 125820
679041 126180 683373 126780
679041 127140 682233 127740
679041 128100 681093 128700
679041 129060 682233 129660
679041 130020 680979 130620
679041 130980 679953 131580
679041 131940 680067 132540
679041 132900 681093 133500
679041 133860 680979 134460
679041 134820 681093 135420
679041 135780 681093 136380
679041 136740 680979 137820
679041 138180 679725 138780
679041 139140 682803 139740
679041 140100 680979 140700
679041 141060 681777 141660
679041 142020 686451 142620
679041 142980 684285 143580
679041 143940 683601 144540
679041 144900 686451 145500
679041 145860 680979 146460
679839 138180 680295 138780
680295 131940 681549 132540
681207 125220 681777 125820
681207 130500 683601 131100
681207 133860 681777 134460
681435 128100 682005 128700
681435 140100 684285 140700
681663 132900 682233 133500
681663 134820 683829 135420
681663 135780 685083 136380
681891 133860 682461 134460
682005 138180 683145 138780
682347 128100 683373 128700
682347 136740 682689 137340
682347 141060 685197 141660
682575 129060 683145 129660
682803 132900 684513 133500
682917 137220 690327 137820
683031 127140 686337 127740
683259 129540 683829 130140
683259 133860 688845 134460
683487 124740 683829 125340
683715 126180 688389 126780
683715 145860 684285 146460
683943 125220 684513 125820
683943 128100 684285 128700
683943 129060 684513 129660
683943 130980 686109 131580
683943 138660 684969 139740
684171 134820 685197 135420
684285 130020 686793 130620
684399 143460 684969 144060
684513 132420 684969 133020
684627 124740 687477 125340
684627 128100 686565 128700
684855 129060 685539 129660
684855 145860 688617 146460
685083 135780 685653 136380
685083 138180 688845 138780
685083 142980 688845 143580
685311 132420 686337 133020
685311 140100 689073 140700
685539 134820 686109 135420
686337 131460 686565 132060
686679 127620 688161 128220
686679 132420 690441 133020
686679 135780 687249 136380
686907 131460 688389 132060
686907 134820 687477 135420
687135 130500 688161 131100
687135 144420 687477 145020
687363 129540 687933 130140
687591 135780 689415 136380
687819 124740 688161 125340
687819 142020 688617 142620
687819 143940 692151 144540
687933 144900 688617 145500
688275 129060 689415 129660
688275 130500 688959 131100
688275 134820 689073 135420
688389 125220 688617 125820
688503 139140 688845 139740
688617 145380 689301 145980
688731 124740 689301 125340
688959 127140 689415 127740
688959 141060 689529 141660
689187 126180 692151 126780
689187 131460 692151 132060
689187 138660 690327 139260
689187 139620 689757 140220
689301 130020 689529 130620
689301 145380 690441 145980
689415 128100 690441 128700
689415 142980 690099 143580
689643 124740 690327 125340
689643 133380 690441 133980
689643 134340 690327 134940
689643 140580 692151 141180
689757 139620 690441 140220
689871 130020 690441 130620
690327 127140 692151 127740
690327 135780 692151 136380
690327 136740 692151 137340
690327 142020 690669 142620
690441 130500 691125 131100
690555 124740 691581 125340
690669 129060 692151 129660
690669 137700 692151 138300
690669 138660 692151 139260
691011 144900 692151 145500
691581 142020 692151 142620
691809 142980 692151 143580
756561 125220 761805 125820
756561 126180 757701 126780
756561 127140 757701 127740
756561 128100 757929 128700
756561 129060 757587 129660
756561 130020 757701 130620
756561 130980 757929 131580
756561 131940 757587 132540
756561 132900 758157 133500
756561 133860 758499 134460
756561 134820 759183 135420
756561 135780 759867 136380
756561 136740 757587 137340
756561 137700 757587 138300
756561 138660 758499 139260
756561 139620 762147 140220
756561 140580 762147 141180
756561 141540 758499 142620
756561 142980 764199 143580
756561 143940 764199 144540
756561 144900 759069 145500
757815 129060 759753 129660
757815 136740 758385 137340
758043 126180 759981 126780
758043 127140 758841 127740
758043 131940 761805 132540
758043 137700 759183 138300
758385 145860 759981 146460
758499 130980 759981 131580
758499 138660 759069 139260
758727 132900 761691 133500
759069 133860 759753 134460
759183 130020 759981 130620
759297 127140 760437 127740
759639 134820 762489 135420
759639 144900 764199 145500
759867 128580 761577 129180
759867 136260 760551 136860
759867 141540 760665 142620
760209 137700 760893 138300
760323 138660 761007 139260
760551 127620 761577 128220
760551 133860 761235 134460
760665 126180 761121 126780
761463 126180 762261 126780
761463 130020 762033 130620
761463 130980 762261 131580
761463 135780 762147 136380
761463 137220 762489 137820
761577 133860 762261 134460
761691 127620 762261 128220
761691 128580 762261 129180
762033 138180 762375 138780
762147 125220 764199 125820
762147 132900 764199 133500
762147 139140 762489 139740
762261 136260 762945 136860
762375 141540 764199 142140
762375 145860 764199 146460
762603 126660 763059 127260
762603 131460 764199 132060
762603 137700 764199 138300
762717 138660 764199 139260
763629 134340 764199 134940
828609 125220 830547 126300
828609 126660 836019 127260
828609 127620 832371 128220
828609 128580 830433 129180
828609 129540 829521 130140
828609 130500 832371 131100
828609 131460 830889 132060
828609 132420 829749 133020
828609 133860 836019 134460
828609 134820 829407 135420
828609 135780 828951 136380
828609 136740 829635 137340
828609 137700 829635 138300
828609 138660 829407 139260
828609 139620 830547 140700
828609 141060 830205 141660
828609 142020 832941 142620
828609 142980 833169 143580
828609 143940 830433 144540
828609 144900 834195 145500
828609 145860 829407 146460
829179 135780 832941 136380
829635 145860 834309 146460
829863 129540 830889 130140
829863 134820 831801 135420
829863 138660 837273 139260
830091 132420 837501 133020
830091 136740 831117 137340
830091 137700 831117 138300
830775 124740 832029 125340
830775 140580 834537 141180
831003 128580 838413 129180
831003 143940 834765 144540
831459 131460 834309 132060
831459 136740 833055 137340
831459 137700 834309 138300
832143 125220 833625 126300
832371 134820 832713 135420
832371 139620 835449 140220
832599 129540 833397 130140
832599 130500 833169 131100
833055 136740 833625 137340
833283 134820 837045 135420
833511 130020 839097 130620
833511 142020 837273 142620
833739 127620 839325 128220
833739 142980 838413 143580
834195 124740 834993 125340
834879 135780 835563 136380
834879 137220 835563 137820
834879 145380 839211 145980
835107 140580 838413 141180
835563 136740 836361 137340
835563 144420 836247 145020
836247 124740 839325 125340
836361 139620 837501 140220
836361 144420 837501 145020
836475 126180 837615 126780
836703 130980 837501 132060
836703 135780 837501 136380
836703 137700 837045 138300
837387 137700 838641 138300
837615 136740 839097 137340
838185 135300 838869 135900
838299 126180 839439 126780
838755 134340 841719 134940
838755 140100 839097 140700
838755 142980 839781 143580
838869 132900 839553 133500
838869 139140 839553 139740
838869 142020 839553 142620
838983 144420 839553 145020
839097 137220 840237 137820
839211 135780 840237 136380
839325 140580 840351 141180
839439 145860 840009 146460
839553 128100 841719 128700
839667 126660 840465 127260
839667 131940 840351 132540
839667 143940 840693 144540
839781 124740 841719 125340
839895 125700 840693 126300
839895 129060 841719 129660
839895 130020 841719 130620
839895 138660 841719 139260
839895 141540 841719 142140
840123 130980 841719 131580
840123 139620 841719 140220
840123 142500 841719 143100
840123 144900 841149 145500
840237 133380 841719 133980
840351 145860 841719 146460
840579 137220 841719 137820
841035 132420 841719 133020
906129 125220 907041 125820
906129 126180 906813 126780
906129 127140 907041 127740
906129 128100 908067 129180
906129 129540 908979 130140
906129 130500 911715 131100
906129 131940 911715 132540
906129 132900 909321 133500
906129 133860 908067 134460
906129 134820 908067 135900
906129 136260 907269 136860
906129 137700 906813 138300
906129 138660 911715 139260
906129 139620 909321 140220
906129 140580 907269 141180
906129 141540 908067 142620
906129 142980 906357 143580
906129 143940 907497 144540
906129 144900 913767 145500
906129 145860 909093 146460
906699 142980 909321 143580
907611 124740 908181 125340
907611 125700 908181 126300
907611 127140 911373 127740
907611 136260 909549 136860
907839 143940 909321 144540
907953 137220 909321 137820
908181 140580 908865 141180
908751 133860 909321 134460
909207 124740 912969 125340
909207 128100 910005 129180
909207 141540 910689 142620
909435 129540 910917 130140
909435 134820 910233 135900
909663 126180 911145 126780
909663 133380 910233 133980
909663 140580 910461 141180
909663 145860 913425 146460
909891 136260 911829 136860
909891 139620 910917 140220
909891 143940 910461 144540
910119 142980 912399 143580
910347 132900 912285 133500
911373 129540 913311 130140
911487 127620 912057 128220
911487 139620 912285 140220
911487 140580 912399 141180
911601 143940 912285 144540
911715 125700 912741 126300
911715 137220 912741 137820
911943 134820 913767 135420
911943 138180 912627 138780
912171 136260 913197 136860
912285 128100 913767 128700
912285 131940 913767 132540
912285 133860 913767 134460
912399 126660 913197 127260
912627 139140 913767 139740
912627 140100 913653 140700
912855 142980 913767 143580
913083 130500 913767 131100
913083 141060 913767 141660
913311 125700 913767 126300
978177 125220 978861 125820
978177 126180 983421 126780
978177 127140 980229 127740
978177 128100 985587 128700
978177 129060 978405 129660
978177 130020 978405 130620
978177 130980 983421 131580
978177 131940 985587 132540
978177 132900 981939 133500
978177 133860 981141 134460
978177 134820 981141 135420
978177 135780 985587 136380
978177 136740 979317 137340
978177 137700 980229 138300
978177 138660 981141 139260
978177 139620 983421 140220
978177 140580 978519 141180
978177 141540 979203 142140
978177 142500 979317 143100
978177 143460 979317 144060
978177 144420 978861 145020
978177 145380 979545 145980
979089 125220 979317 125820
979089 144420 979545 145020
979203 141060 986613 141660
979317 129060 981255 129660
979317 130020 979545 130620
979887 125220 980229 125820
979887 142500 980685 143100
979887 144420 981027 145020
980115 136740 980571 137340
980343 124740 981483 125340
980343 145380 983421 145980
980457 130020 981141 130620
980571 143460 983421 144060
980799 137700 983421 138300
981027 136740 982167 137340
981027 142500 981711 143100
981141 127140 982737 127740
981255 144420 988665 145020
981483 134340 983421 134940
981711 130020 985017 130620
981711 138660 987297 139260
982053 132900 982509 133500
982281 125220 982965 125820
982395 142020 986157 142620
982851 136740 983535 137340
983535 125220 983763 125820
983535 132900 984105 133500
983535 136740 984105 137340
983991 134340 989577 134940
984675 125220 984903 125820
984675 126180 989919 126780
984675 130980 987525 131580
984675 137700 987753 138300
984675 139620 989919 140220
984675 143460 986613 144060
984675 145380 987525 145980
985017 124740 987525 125340
985131 129060 985929 130140
985815 127140 987297 128220
985815 133380 986841 133980
985815 135780 987297 136860
986727 140580 989577 141180
987183 129540 990945 130140
987411 132900 988893 133980
987411 142500 988893 143580
988095 128580 990945 129180
988095 131460 988323 132060
988095 138660 991287 139260
988779 131460 989463 132060
988779 135300 989577 135900
988779 143940 989805 144540
988779 145860 991287 146460
988893 127140 989577 127740
989007 125220 991287 125820
989007 137700 991287 138300
989007 142020 991287 142620
989235 130500 991287 131100
989805 131940 991287 132540
989805 144420 991287 145020
990147 126660 991287 127260
990147 135300 991287 135900
990147 141060 991287 141660
990375 134340 991287 134940
990375 140100 991287 140700
990831 127620 991287 128220
990831 136260 991287 136860
1055697 125220 1057635 126300
1055697 126660 1057635 127260
1055697 128100 1057293 128700
1055697 129060 1057749 129660
1055697 130020 1057635 130620
1055697 130980 1057749 131580
1055697 131940 1061283 132540
1055697 132900 1057749 133500
1055697 133860 1057521 134460
1055697 134820 1057635 135900
1055697 136260 1063335 136860
1055697 137700 1059459 138300
1055697 138660 1057521 139260
1055697 139620 1057749 140220
1055697 140580 1059459 141180
1055697 141540 1057749 142140
1055697 142500 1057065 143100
1055697 143460 1057065 144060
1055697 144420 1061283 145020
1055697 145380 1057749 145980
1057521 127620 1059345 128220
1057635 142500 1060029 143100
1058319 143460 1059345 144060
1058319 145380 1060941 145980
1058775 134340 1062537 134940
1058775 138660 1061967 139260
1059003 129060 1060941 129660
1059003 130980 1061853 131580
1059003 132900 1061853 133500
1059003 141540 1060485 142140
1059231 125220 1060029 126300
1059915 127140 1061853 127740
1059915 130020 1060941 130620
1060371 140580 1060941 141180
1060599 126180 1061967 126780
1060827 139620 1061397 140220
1060827 141540 1061397 142140
1061283 128100 1063335 128700
1061283 130020 1063335 130620
1061283 140580 1063335 141180
1061283 142500 1063335 143100
1061283 145380 1063335 145980
1061739 125220 1063335 125820
1061739 135300 1063335 135900
1061739 137220 1063335 137820
1061853 143460 1063335 144060
1062423 139140 1063335 139740
1127745 125220 1128999 125820
1127745 126180 1128429 126780
1127745 127140 1128657 127740
1127745 128100 1128657 128700
1127745 129060 1128429 129660
1127745 130020 1128543 130620
1127745 130980 1128771 131580
1127745 131940 1128657 132540
1127745 132900 1128771 133500
1127745 133860 1129341 134460
1127745 134820 1129227 135420
1127745 135780 1129227 136380
1127745 136740 1128885 137340
1127745 137700 1128771 138300
1127745 138660 1128999 139260
1127745 139620 1128429 140220
1127745 140580 1128657 141180
1127745 141540 1128999 142140
1127745 142500 1128543 143100
1127745 143460 1131507 144060
1127745 144420 1127973 145020
1127745 145380 1128657 145980
1128201 144420 1129797 145020
1128429 139620 1129569 140220
1128657 129060 1129341 129660
1128771 126180 1129911 126780
1128885 130500 1129227 131100
1128999 128100 1129341 128700
1128999 131940 1129341 132540
1128999 145380 1129797 145980
1129113 138180 1130139 138780
1129227 127140 1129797 127740
1129227 137220 1129683 137820
1129227 140580 1129455 141180
1129455 130020 1129683 130620
1129455 134340 1129683 134940
1129569 142500 1131051 143100
1129683 130980 1130481 131580
1129797 134820 1130937 135420
1129911 125220 1131051 125820
1129911 127620 1131621 128220
1129911 140580 1130595 141180
1129911 141540 1131849 142140
1130139 126660 1131621 127260
1130139 128580 1131621 129180
1130139 129540 1131621 130140
1130139 132420 1131621 133020
1130139 133380 1131621 133980
1130139 135780 1131621 136380
1130139 139140 1131621 139740
1130139 145860 1131621 146460
1130595 136740 1131165 137340
1130595 144420 1132533 145020
1130823 130980 1131393 131580
1130823 137700 1131051 138300
1130937 140580 1131621 141180
1131507 124740 1132305 125340
1131507 125700 1132533 126300
1131507 130500 1135269 131100
1131507 131460 1137093 132060
1131507 137220 1132761 137820
1131507 138180 1132647 138780
1131507 142980 1132305 143580
1131735 134820 1132077 135420
1131849 133860 1132077 134460
1131963 128580 1139373 129180
1131963 132900 1132191 133500
1131963 145380 1133559 145980
1132077 136260 1132533 136860
1132077 139620 1132761 140220
1132191 127620 1133445 128220
1132191 141060 1133217 141660
1132533 133860 1133673 134460
1132533 143940 1133559 144540
1132647 126660 1140057 127260
1132647 132420 1133787 133020
1132647 135300 1134015 135900
1133103 125220 1133331 125820
1133103 138180 1133673 138780
1133217 142980 1134357 143580
1133331 140580 1134471 141180
1133331 142020 1134015 142620
1133673 138660 1133901 139260
1133673 139620 1134015 140220
1133673 144420 1134813 145020
1133787 125220 1134471 125820
1133787 127620 1139373 128220
1133901 132420 1135041 133020
1133901 136740 1134927 137340
1134015 139140 1134243 139740
1134015 141540 1135155 142140
1134015 145380 1135155 145980
1134129 133860 1134471 134460
1134129 135780 1134585 136380
1134471 134820 1134699 135420
1134471 140580 1135155 141180
1134585 133380 1134813 133980
1134585 138180 1135725 138780
1134813 143940 1135041 144540
1134927 125220 1137777 125820
1134927 133860 1135611 134460
1134927 142500 1135725 143100
1135041 132420 1135725 133020
1135041 135780 1135725 136380
1135155 129540 1136295 130140
1135155 136740 1136295 137340
1135155 139140 1136295 139740
1135155 140100 1136295 140700
1135155 145860 1136295 146460
1135383 144420 1137207 145020
1135497 141060 1135953 141660
1135611 133380 1136181 133980
1135611 134340 1136181 134940
1135725 135780 1136865 136380
1135725 138180 1136865 138780
1135725 142980 1136409 143580
1135839 130500 1136637 131100
1136181 134820 1137321 135420
1136181 142020 1136865 142620
1136295 140580 1136979 141180
1136295 145860 1137093 146460
1136523 132420 1137093 133020
1136751 129540 1137891 130140
1136751 133380 1137891 133980
1136751 139140 1137891 139740
1136865 137220 1138005 137820
1136865 142020 1138005 142620
1136979 141060 1137777 141660
1137207 145380 1138233 145980
1137321 136260 1138233 136860
1137777 134340 1138347 134940
1137891 131460 1139829 132060
1137891 132900 1138689 133500
1137891 135300 1138233 135900
1137891 138180 1138689 138780
1137891 140580 1138917 141180
1137891 142980 1138689 143580
1137891 143940 1139145 144540
1138005 124740 1139145 125340
1138233 130020 1139373 130620
1138233 139140 1139373 139740
1138575 134820 1139373 135420
1138575 141540 1140057 142140
1138689 132420 1139373 133020
1138803 136260 1140855 136860
1138803 137220 1139601 137820
1138803 145380 1139601 145980
1138917 142500 1139601 143100
1139145 140100 1139373 140700
1139259 133860 1139487 134460
1139259 138180 1139487 138780
1139259 143460 1139601 144060
1139373 124740 1140513 125340
1139373 125700 1140513 126300
1139373 132420 1140513 133020
1139373 134820 1140513 135420
1139373 139140 1140513 139740
1139487 144420 1140513 145020
1139715 128580 1140855 129180
1139715 137700 1140513 138300
1139715 140100 1140513 140700
1139943 129540 1140513 130140
1139943 130500 1140513 131100
1140057 142020 1140855 142620
1140057 145380 1140855 145980
1140171 143460 1140855 144060
1140399 133860 1140855 134460
1205265 125220 1209027 125820
1205265 126180 1208229 126780
1205265 127140 1208685 127740
1205265 128100 1210851 128700
1205265 129060 1206405 129660
1205265 130020 1208229 130620
1205265 130980 1209027 131580
1205265 131940 1206405 132540
1205265 132900 1205949 133500
1205265 133860 1206633 134460
1205265 134820 1206177 135420
1205265 135780 1205949 136380
1205265 136740 1207773 137340
1205265 137700 1206405 138300
1205265 138660 1206177 139260
1205265 139620 1206405 140220
1205265 140580 1210851 141180
1205265 141540 1206747 142140
1205265 142500 1206405 143100
1205265 143460 1207773 144060
1205265 144420 1206177 145020
1205265 145380 1207773 145980
1206291 132900 1207317 133500
1206519 134820 1206747 135420
1206519 144420 1207089 145020
1206633 138660 1207659 139260
1206747 131940 1207545 132540
1206747 137700 1207089 138300
1206975 133860 1208229 134460
1207203 135300 1208685 135900
1207203 141540 1208229 142140
1207431 139620 1209369 140220
1207659 132420 1208343 133020
1207887 138660 1208685 139260
1208115 136740 1208571 137340
1208343 133380 1208685 133980
1208343 134340 1208799 134940
1208571 126180 1210053 126780
1208571 129060 1209825 130140
1208571 141540 1209825 142620
1208685 137220 1209141 137820
1208799 143940 1209825 144540
1208799 145380 1210053 145980
1208913 136260 1210053 136860
1209141 130980 1209825 132060
1209483 138180 1210281 138780
1209711 124740 1212903 125340
1209711 132900 1212903 133500
1209711 135300 1212903 135900
1209711 139140 1212903 139740
1209711 142980 1210623 143580
1209939 133860 1211193 134940
1210167 130020 1210851 131100
1210623 144420 1212903 145020
1210737 138180 1211877 138780
1210851 127140 1211421 127740
1210851 136740 1212903 137340
1210851 141540 1211421 142140
1210965 143460 1211535 144060
1211079 125700 1211649 126300
1211079 131940 1212903 132540
1211079 140100 1212903 140700
1211079 145380 1212903 145980
1211763 134340 1212903 134940
1211763 141060 1212903 141660
1277313 125220 1278225 125820
1277313 126180 1277655 126780
1277313 127140 1278225 127740
1277313 128100 1277997 128700
1277313 129060 1277997 129660
1277313 130020 1278111 130620
1277313 130980 1278111 131580
1277313 131940 1278339 132540
1277313 132900 1281075 133500
1277313 133860 1282899 134460
1277313 134820 1279251 135420
1277313 135780 1278909 136380
1277313 136740 1277997 137340
1277313 137700 1279251 138300
1277313 138660 1278339 139260
1277313 139620 1279593 140220
1277313 140580 1278225 141180
1277313 141540 1278795 142140
1277313 142500 1279251 143100
1277313 143460 1278567 144060
1277313 144420 1278453 145020
1277313 145380 1277883 145980
1278111 126180 1279251 126780
1278111 129060 1279251 129660
1278111 136740 1279251 137340
1278111 145860 1278339 146460
1278453 128100 1278681 128700
1278567 130500 1279365 131100
1278567 131460 1279365 132060
1278567 144900 1278795 145500
1278681 140580 1279479 141180
1278795 124740 1279365 125340
1278795 127140 1279479 127740
1278795 143940 1279935 144540
1278795 145380 1279935 145980
1279023 138660 1279593 139260
1279137 135780 1279479 136380
1279251 125700 1280049 126300
1279251 128100 1280277 128700
1279251 141540 1280049 142620
1279365 136740 1280505 137340
1279365 137700 1280049 138300
1279479 129540 1280277 130140
1279479 131460 1280163 132060
1279707 140100 1280277 140700
1279707 142980 1280277 143580
1279935 135300 1282101 135900
1279935 143940 1280505 144540
1280163 124740 1280733 125340
1280163 130500 1280733 131100
1280163 131460 1280733 132060
1280163 144900 1280733 145500
1280391 126180 1281759 126780
1280391 127140 1280961 127740
1280391 140580 1281075 141180
1280391 141540 1281189 142140
1280505 138660 1281759 139260
1280619 129540 1282101 130140
1280619 137220 1282101 137820
1280619 139620 1281873 140220
1280619 142500 1281417 143100
1280619 145860 1282101 146460
1280733 144420 1281873 145020
1280847 128100 1281759 128700
1281075 143460 1282329 144060
1281303 132900 1282785 133500
1281417 127140 1282101 127740
1281531 131940 1288941 132540
1281759 125220 1282329 125820
1281987 128100 1282785 128700
1281987 130500 1282215 131100
1281987 136260 1286547 136860
1281987 138180 1284267 138780
1281987 139140 1282557 139740
1281987 140100 1282785 140700
1281987 141060 1284381 141660
1281987 142020 1282329 142620
1281987 144900 1282785 145500
1282215 126180 1283013 126780
1282215 134820 1283013 135420
1282671 130500 1283013 131100
1282671 142500 1283925 143580
1282899 124740 1283469 125340
1282899 127620 1283583 128220
1283013 128580 1284609 129180
1283127 125700 1288713 126300
1283127 130980 1283811 131580
1283127 132900 1285065 133500
1283469 130020 1287231 130620
1283583 126660 1284267 127260
1283811 137220 1285635 137820
1283811 139620 1287573 140220
1283811 145380 1284609 146460
1284039 133860 1285293 134460
1284039 134820 1285065 135420
1284267 127140 1285065 127740
1284609 143460 1285065 144060
1284723 138180 1285407 138780
1285407 141060 1286547 141660
1285407 142020 1286547 142620
1285521 132900 1286889 133500
1285635 127140 1286433 127740
1285635 138180 1286319 138780
1285635 143460 1286661 144060
1285635 144900 1286547 145500
1285635 145860 1286547 146460
1285749 128580 1286433 129180
1286091 134820 1286889 135900
1286091 137220 1290423 137820
1286319 133860 1287117 134460
1286547 127140 1287231 127740
1287003 141060 1287345 141660
1287003 142020 1287573 142620
1287003 144420 1289055 145020
1287003 145380 1287687 145980
1287231 127140 1287801 127740
1287231 128100 1288371 128700
1287231 130500 1287801 131100
1287231 138180 1290423 138780
1287459 132900 1288257 133500
1287687 129540 1288371 130140
1287687 133860 1288257 134460
1287687 135780 1288941 136860
1287687 139140 1288257 139740
1287801 141060 1289169 141660
1287915 134820 1288371 135420
1288143 126660 1288713 127260
1288143 140100 1288941 140700
1288143 145380 1289055 145980
1288371 130020 1288941 130620
1288599 142020 1290423 142620
1288713 139140 1289739 139740
1288827 124740 1290423 125340
1288827 126180 1289169 126780
1288827 128580 1289283 129180
1288827 132900 1289283 133500
1288827 133860 1289169 134460
1288827 134820 1290423 135420
1288941 130500 1289625 131100
1288941 131940 1289625 132540
1289055 127620 1289397 128220
1289169 129540 1289853 130140
1289283 142980 1290423 143580
1289511 126180 1290423 126780
1289511 127140 1290081 127740
1289511 128100 1289853 128700
1289511 133860 1290423 134460
1289511 144900 1290423 145500
1289511 145860 1290423 146460
1289739 131940 1290195 132540
1289739 132900 1290423 133500
1289739 139620 1290423 140220
1289739 141060 1290423 141660
1290195 128100 1290423 128700
1354833 125220 1358595 125820
1354833 126180 1358595 126780
1354833 127140 1356201 127740
1354833 128100 1356201 128700
1354833 129060 1360419 129660
1354833 130020 1356201 130620
1354833 130980 1358595 131580
1354833 131940 1356201 132540
1354833 132900 1362243 133500
1354833 133860 1356201 134460
1354833 134820 1356201 135420
1354833 135780 1356771 136860
1354833 137220 1356429 137820
1354833 138180 1356201 138780
1354833 139140 1355403 139740
1354833 140100 1358595 140700
1354833 141060 1362243 141660
1354833 142020 1356087 142620
1354833 142980 1356201 143580
1354833 143940 1356201 144540
1354833 144900 1356201 145500
1354833 145860 1356201 146460
1355859 139140 1359621 139740
1356543 142020 1357113 142620
1356657 137700 1358481 138300
1356657 144420 1357569 145020
1356657 145380 1357341 145980
1357227 127140 1358481 127740
1357227 128100 1358481 128700
1357227 130020 1358481 130620
1357227 131940 1358481 132540
1357227 133860 1358481 134460
1357227 134820 1358481 135420
1357911 145380 1358481 145980
1358139 142500 1359165 143100
1358139 144420 1361901 145020
1358367 135780 1359621 136860
1358481 143460 1359621 144060
1359279 137220 1359621 137820
1359279 145380 1360989 145980
1359507 128100 1366917 128700
1359507 130020 1360761 131100
1359507 134340 1361217 134940
1359735 126180 1360191 126780
1359735 135780 1360533 136380
1359735 140100 1360761 140700
1359963 142020 1360989 142620
1360419 125700 1361217 126300
1360647 127140 1360989 127740
1360647 136740 1361901 137340
1360647 137700 1361445 138780
1361103 130980 1361673 131580
1361103 145860 1361901 146460
1361217 135780 1361901 136380
1361331 124740 1361901 125340
1361331 139140 1363497 139740
1361331 140100 1362357 140700
1361559 129060 1362357 129660
1361559 133860 1362813 134460
1362015 124740 1362813 125340
1362015 126180 1365777 126780
1362015 127140 1369425 127740
1362015 130020 1362357 130620
1362015 142020 1362357 142620
1362015 142980 1363269 143580
1362015 143940 1362585 144540
1362015 144900 1362585 145500
1362243 134820 1362699 135420
1362471 135780 1365777 136380
1362471 137220 1363953 137820
1362471 138180 1363497 138780
1362927 130020 1370337 130620
1362927 130980 1370337 131580
1362927 140580 1364865 141180
1362927 142020 1363953 142620
1363155 131940 1363953 132540
1363155 132900 1363953 133500
1363155 133860 1364865 134460
1363155 144420 1364409 145500
1363611 124740 1364409 125340
1364067 132420 1365777 133020
1364067 138180 1367829 138780
1364295 136740 1365093 137340
1364295 139140 1368057 139740
1364295 142980 1368057 143580
1364295 145860 1364979 146460
1364523 142020 1365093 142620
1364751 125220 1366461 125820
1364979 141060 1366461 141660
1365435 133860 1366233 134460
1365435 142020 1366689 142620
1365435 144420 1366461 145020
1365891 131940 1367829 132540
1366119 145380 1366917 146460
1366347 126180 1367145 126780
1366347 132900 1370109 133500
1366575 140580 1367145 141180
1366803 133860 1369197 134460
1366803 135300 1370565 135900
1366803 136260 1367943 136860
1367031 125220 1368741 125820
1367031 144420 1367829 145020
1367145 142020 1367829 142620
1367715 141060 1368741 141660
1367715 145380 1368513 146460
1367943 136740 1368399 137340
1367943 143940 1368741 144540
1368399 137220 1369197 137820
1368399 139620 1369197 140700
1368399 142020 1368741 142620
1368969 142020 1369425 142620
1368969 142980 1369653 143580
1368969 143940 1369539 144540
1369083 128580 1369539 129180
1369083 144900 1370337 145500
1369083 145860 1371249 146460
1369197 141060 1371021 141660
1369311 125220 1370565 125820
1369425 131940 1370337 132540
1369539 129060 1372959 129660
1369539 137700 1370565 138300
1369539 138660 1371363 139260
1369653 142500 1370109 143100
1369767 133860 1371477 134460
1370109 139620 1371591 140220
1370223 126660 1377633 127260
1370223 136740 1371021 137340
1370223 143940 1370679 144540
1370337 142020 1371021 142620
1370337 142980 1371021 143580
1370451 144900 1371363 145500
1371135 125220 1371933 125820
1371135 131460 1374897 132060
1371135 143940 1371477 144540
1371249 136740 1371933 137340
1371363 127620 1372845 128220
1371363 130020 1372617 131100
1371363 137700 1372161 138300
1371477 142020 1371705 142620
1371477 142980 1371705 143580
1371591 134820 1374555 135420
1371591 140580 1374555 141180
1371591 144900 1372617 145500
1371819 138660 1372617 139260
1371819 139620 1372047 140220
1371933 142980 1372617 143580
1371933 143940 1372731 144540
1372047 141540 1374555 142140
1372047 145860 1373529 146460
1372161 135780 1372617 136380
1372503 125220 1374555 125820
1372503 132420 1375353 133020
1372503 136740 1374555 137340
1372503 137700 1374555 138300
1372503 139620 1374555 140220
1372731 144420 1374555 145020
1372959 133380 1373643 133980
1372959 142980 1373643 143580
1373415 127620 1376265 128220
1373415 128580 1377177 129180
1373757 145860 1374441 146460
1374327 142980 1374897 143580
1374441 130020 1376721 130620
1374441 133860 1375239 134460
1374441 135780 1375239 136380
1374441 138660 1375125 139260
1374441 145380 1378203 145980
1375011 137700 1375581 138300
1375011 139620 1375695 140220
1375011 140580 1375695 141180
1375011 143940 1376037 144540
1375125 141540 1375809 142140
1375239 125220 1376037 125820
1375239 130980 1376493 132060
1375239 136740 1376037 137340
1375239 142500 1375923 143100
1375353 134820 1376037 135420
1375353 138660 1376037 139260
1375467 133860 1377519 134460
1375695 135780 1377633 136380
1375809 141540 1376493 142140
1375923 132420 1376607 133020
1375923 137700 1376835 138300
1376037 125700 1379799 126300
1376037 136740 1376721 137340
1376151 139620 1377519 140220
1376151 140580 1378089 141180
1376265 142980 1376949 143580
1376493 143940 1376835 144540
1376721 142020 1377405 142620
1376835 138180 1379229 138780
1376949 130020 1380711 130620
1376949 131460 1377633 132060
1377291 127620 1378545 128220
1377291 132420 1378431 133020
1377291 137220 1379115 137820
1377291 143940 1378773 144540
1377405 142980 1377861 143580
1377519 124740 1380141 125340
1377747 133860 1379229 134460
1377975 134820 1378773 135420
1377975 135780 1379115 136380
1377975 139620 1379001 140220
1377975 141540 1378659 142140
1378089 128580 1379229 129180
1378203 131460 1379001 132060
1378203 144900 1379001 145500
1378431 126660 1379001 127260
1378431 142500 1379115 143100
1378545 140580 1379229 141180
1378659 132900 1379457 133500
1378887 145860 1381395 146460
1379001 127620 1379343 128220
1379001 143460 1379457 144060
1379115 139620 1380825 140220
1379115 141540 1379913 142140
1379115 144420 1380825 145020
1379229 134820 1380027 135420
1379457 138180 1384131 138780
1379571 137220 1383333 137820
1379685 133860 1380369 134460
1379799 126660 1380483 127260
1379799 127620 1381053 128220
1379799 128580 1381053 129180
1379799 131460 1381053 132060
1379913 125700 1380369 126300
1379913 132900 1380597 133500
1379913 135780 1380597 136380
1379913 143460 1380597 144060
1380027 141060 1381053 141660
1380027 142500 1380825 143100
1380483 124740 1381737 125340
1380483 134820 1381281 135420
1380711 129540 1381509 130140
1380711 130500 1381053 131100
1380711 136260 1383561 136860
1380825 133860 1381281 134460
1380939 126660 1385613 127260
1380939 142020 1383789 142620
1381053 131940 1381737 132540
1381053 139140 1384815 139740
1381167 140100 1383903 140700
1381167 144420 1382193 145020
1381281 130500 1382649 131100
1381395 128580 1386069 129180
1381395 142980 1384245 143580
1381509 132900 1382193 133500
1381623 145860 1383561 146460
1381737 133860 1382307 134460
1382079 134820 1382877 135420
1382193 125220 1382877 125820
1382307 133380 1383789 133980
1382421 131460 1383105 132060
1382763 144420 1383447 145020
1382877 132420 1384929 133020
1382991 124740 1383789 125340
1383105 130020 1383561 130620
1383333 135300 1384815 135900
1383447 130980 1384131 131580
1383789 130020 1384473 130620
1383903 125700 1386753 126300
1383903 143940 1384587 144540
1384131 134340 1384701 134940
1384359 136260 1385385 136860
1384359 140100 1385385 140700
1384359 142020 1385499 142620
1384359 144900 1385385 145500
1384473 137220 1384929 137820
1384587 138180 1385271 138780
1384587 141060 1384815 141660
1384587 145860 1385841 146460
1384701 133380 1385385 133980
1384815 131460 1385613 132060
1385157 143940 1385841 144540
1385271 135300 1386297 135900
1385271 137700 1386297 138300
1385271 139140 1385955 139740
1385271 141060 1386069 141660
1385385 130020 1387209 130620
1385385 132420 1386411 133020
1385499 134340 1385955 134940
1385841 142020 1386297 142620
1385841 142980 1386297 143580
1385955 126660 1386411 127260
1385955 144900 1386411 145500
1385955 145860 1386639 146460
1386183 128100 1386867 128700
1386183 133380 1387095 133980
1386183 136260 1387095 136860
1386297 135300 1386981 135900
1386297 138660 1386981 139740
1386297 140100 1387095 140700
1386411 124740 1387209 125340
1386411 131940 1389603 132540
1386411 134340 1387095 134940
1386411 143940 1387095 144540
1386753 141060 1388919 141660
1386867 126660 1388805 127260
1386867 130980 1387665 131580
1386867 142020 1388805 142620
1386867 144900 1388007 145500
1386981 145860 1387665 146460
1387095 128100 1387665 128700
1387095 132900 1389945 133500
1387095 142980 1388577 143580
1387323 134340 1387665 134940
1387323 143940 1388349 144540
1387437 135300 1388121 135900
1387551 125700 1389489 126300
1387551 136260 1389033 136860
1387551 137700 1388577 138300
1387551 140100 1390515 140700
1387665 130020 1388235 130620
1387779 124740 1388919 125340
1387779 138660 1388349 139260
1387779 145860 1388691 146460
1387893 128100 1388577 128700
1388007 129060 1389033 129660
1388121 134340 1388691 134940
1388691 130020 1392453 130620
1388691 144900 1389489 145500
1388805 137700 1389489 138300
1388919 141540 1389717 142140
1388919 143940 1389945 144540
1389147 128100 1392339 128700
1389147 134340 1390173 134940
1389261 142980 1390743 143580
1389375 124740 1390857 125340
1389375 127140 1396785 127740
1389375 129060 1391313 129660
1389375 135300 1390401 135900
1389375 136260 1390515 136860
1389603 131460 1390173 132060
1389603 145860 1390401 146460
1390059 126180 1390743 126780
1390059 133380 1390857 133980
1390059 138180 1390971 138780
1390059 144420 1397469 145020
1390173 131460 1390857 132060
1390173 141540 1391199 142140
1390287 134340 1391199 134940
1390515 132420 1391199 133020
1390515 139140 1390857 139740
1390515 145380 1391883 145980
1390743 135780 1391883 136380
1390857 125700 1391541 126300
1390971 136740 1394733 137340
1390971 140100 1391997 140700
1390971 142980 1391541 143580
1391085 124740 1391883 125340
1391199 141060 1391997 141660
1391313 133380 1391883 133980
1391313 138660 1393935 139260
1391427 134820 1392909 135420
1391769 131460 1392453 132060
1391769 132420 1392453 133020
1391769 142980 1392453 143580
1392111 139620 1393137 140220
1392339 124740 1393593 125340
1392339 133380 1393365 133980
1392339 135780 1392681 136380
1392339 141540 1392795 142140
1392339 145860 1393479 146460
1392453 125700 1394961 126300
1392453 140580 1393365 141180
1392567 128100 1396329 128700
1392567 131940 1393251 132540
1392567 137700 1393365 138300
1392795 130020 1393821 130620
1392795 142500 1393023 143100
1392909 129060 1393479 129660
1393137 135780 1398723 136380
1393251 132420 1394961 133020
1393251 141540 1393707 142140
1393365 134820 1394961 135420
1393479 130980 1394049 131580
1393479 142500 1394277 143100
1393707 145380 1394277 145980
1393935 129060 1397697 129660
1393935 133860 1397697 134460
1393935 140580 1394619 141180
1393935 143460 1395189 144060
1394163 138660 1399407 139260
1394163 139620 1394961 140220
1394163 141540 1395645 142140
1394847 124740 1398609 125340
1394847 130020 1398609 130620
1394847 131460 1399407 132060
1394847 137220 1395303 137820
1394847 145860 1396671 146460
1395303 132900 1396215 133500
1395303 137220 1395987 137820
1395303 140580 1395645 141180
1395303 142500 1396329 143100
1395417 139620 1396101 140220
1395531 134820 1399293 135420
1396101 141540 1396899 142140
1396329 140580 1396899 141180
1396557 137220 1397241 137820
1396671 142980 1397013 143580
1396899 142020 1397583 142620
1397127 139620 1397697 140220
1397127 140580 1397583 141180
1397127 145860 1397697 146460
1397241 142980 1399179 143580
1397355 136740 1397925 137340
1397583 143940 1398039 144540
1397697 137700 1397925 138300
1397697 139620 1398381 140700
1397697 141540 1398381 142140
1398153 145860 1398837 146460
1398267 126180 1399407 126780
1398381 137700 1399407 138300
1398495 143940 1399407 144540
1398723 140580 1399407 141180
1398951 144900 1399407 145500
1399065 128580 1399407 129180
1399179 129540 1399407 130140
