513 124740 7923 125340
513 125700 7923 126300
513 126660 7923 127260
513 127620 7923 128220
513 128580 7923 129180
513 129540 7923 130140
513 130500 7923 131100
513 131460 7923 132060
513 132420 7923 133020
513 133380 7923 133980
513 134340 7923 134940
513 135300 7923 135900
513 136260 7923 136860
513 137220 7923 137820
513 138180 7923 138780
513 139140 7923 139740
513 140100 7923 140700
513 141060 7923 141660
513 142020 7923 142620
513 142980 7923 143580
513 143940 7923 144540
513 144900 7923 145500
513 145860 7923 146460
11457 124740 14193 125340
11457 130020 14307 130620
11457 130980 14307 131580
11457 134820 14307 135420
11457 135780 14307 136380
11457 136740 14307 137340
11457 139620 14307 140220
11457 140580 14307 141180
11457 141540 14307 142140
11457 144420 14307 145020
11457 145380 14193 145980
13281 126180 14307 126780
13281 127140 14307 127740
13281 128100 14307 128700
13281 129060 14193 129660
13281 131940 14307 132540
13281 132900 14307 133500
13281 133860 14307 134460
13281 137700 14307 138300
13281 138660 14307 139260
13281 142500 14307 143100
13281 143460 13737 144060
14079 143460 14649 144060
14193 125220 16359 125820
14535 126660 14991 127260
14535 130500 15333 131100
14763 129060 16359 129660
14763 145380 16359 145980
14877 142500 16359 143100
80769 124740 82365 125340
80769 125700 81909 126300
80769 126660 83733 127260
80769 127620 82365 128220
80769 128580 84531 129180
80769 129540 88179 130140
80769 130500 82821 131100
80769 131460 88179 132060
80769 132420 83277 133020
80769 133380 82821 133980
80769 134340 81567 134940
80769 135300 81567 135900
80769 136260 81909 136860
80769 137220 81795 137820
80769 138180 81795 138780
80769 139140 82593 139740
80769 140100 88179 140700
80769 141060 82821 141660
80769 142020 81567 142620
80769 142980 81909 143580
80769 143940 83277 144540
80769 144900 88179 145500
80769 145860 81909 146460
81795 134340 89205 134940
82023 135300 82821 135900
82023 142020 83277 142620
82251 125700 83505 126300
82251 137220 83277 137820
82251 138180 83505 138780
83163 124740 84645 125340
83163 127620 83733 128220
83163 135780 83619 136380
83619 130500 91029 131100
83619 132420 91029 133020
83619 133380 87381 133980
83619 135300 91029 135900
83619 137220 87381 137820
83847 138660 85785 139740
84075 126660 85329 127260
84075 141060 85101 141660
84303 145860 87381 146460
84417 142500 87609 143100
84531 136260 85785 136860
84531 143460 87381 144060
84759 128100 85785 129180
84987 125700 86469 126300
85443 124740 89205 125340
85899 126660 91485 127260
86355 141060 88293 141660
86583 127620 92169 128220
86583 138180 87837 138780
87039 139140 90801 139740
87153 136260 88065 136860
87951 143460 89433 144540
88065 137700 90915 138300
88179 129060 88749 129660
88179 142020 88977 142620
88635 145380 90117 145980
89319 124260 90345 125340
89319 141060 92169 141660
89775 134340 91257 134940
90231 142500 90801 143100
90687 136740 91485 137340
90687 145380 90915 145980
90915 133380 91941 133980
91143 128580 93081 129180
91143 138180 91713 138780
91143 143460 91941 144060
91257 130020 91599 130620
91371 125220 93879 125820
91371 130980 91941 131580
91371 142500 91941 143100
91371 144900 91941 145500
91371 145860 91941 146460
91599 126180 93879 126780
91599 134340 92511 134940
91599 135780 93879 136380
91599 139140 92625 139740
91713 129540 92625 130140
91713 140100 92625 140700
91827 131940 93879 132540
91827 137700 93879 138300
92169 144420 93879 145020
92283 130500 92853 131100
92283 136740 93879 137340
92397 145860 92853 146460
92511 127620 93879 128220
92511 133380 93879 133980
92511 142020 93879 142620
92739 141060 93879 141660
158289 124740 159087 125340
158289 125700 160113 126300
158289 126660 159087 127260
158289 127620 159315 128220
158289 128580 159087 129180
158289 129540 159087 130140
158289 130500 160227 131100
158289 131460 160569 132060
158289 132420 160113 133020
158289 133380 159315 133980
158289 134340 159315 134940
158289 135300 159885 135900
158289 136260 159885 136860
158289 137220 160227 137820
158289 138180 162051 138780
158289 139140 165927 139740
158289 140100 160227 140700
158289 141060 165927 141660
158289 142020 159657 142620
158289 142980 159201 143580
158289 143940 159429 144540
158289 144900 159885 145500
158289 145860 159201 146460
159543 124740 160341 125340
159543 126660 160341 127260
159543 128580 160797 129180
159543 129540 160569 130140
159543 133380 160341 133980
159543 134340 160341 134940
159657 145860 160797 146460
159771 127620 163533 128220
159771 142980 160341 143580
159999 143940 161709 144540
159999 144900 161025 145500
160113 142020 163875 142620
160455 132420 161367 133020
160455 135300 161253 135900
160569 130500 161253 131100
160683 125700 162279 126300
160683 137220 161709 137820
160797 136260 161253 136860
160911 124740 161937 125340
160911 126660 161937 127260
160911 142980 161481 143580
161139 128580 164901 129180
161139 129540 164217 130140
161139 131460 162849 132060
161139 145860 162279 146460
161367 133860 162165 134460
161481 144900 161709 145500
161595 135300 162393 135900
161595 140100 162393 140700
161823 132420 165585 133020
161823 136260 162507 136860
162051 126660 162735 127260
162051 130500 162621 131100
162051 138180 162735 138780
162051 142980 162507 143580
162165 137220 163191 137820
162279 143940 163875 144540
162507 124740 164445 125340
162735 125700 165585 126300
162963 133860 165927 134460
162963 134820 165927 135420
162963 142980 164901 143580
162963 145380 163989 145980
163305 131460 165243 132060
163419 136740 165927 137340
163647 127140 163989 127740
163647 137700 165927 138300
163875 130500 164673 131100
163875 143940 164673 144540
164331 127140 165927 127740
164331 135780 165927 136380
164331 145380 165927 145980
164559 129540 165927 130140
165015 140100 165927 140700
165585 142020 165927 142620
230337 124740 231021 125340
230337 125700 231477 126300
230337 126660 231705 127260
230337 127620 234099 128220
230337 128580 235923 129180
230337 129540 237975 130140
230337 130500 234099 131100
230337 131460 232617 132060
230337 132420 232275 133020
230337 133380 230907 133980
230337 134340 231021 134940
230337 135300 231477 135900
230337 136260 231249 136860
230337 137220 230907 137820
230337 138180 231591 138780
230337 139140 231933 139740
230337 140100 232275 140700
230337 141060 235923 141660
230337 142020 231021 142620
230337 142980 231477 143580
230337 143940 232617 144540
230337 144900 237747 145500
230337 145860 232275 146460
231249 124740 232161 125340
231477 134340 232275 134940
231477 135300 232161 135900
231477 142500 231933 143100
231591 136260 232503 136860
231819 133380 232503 133980
231819 137220 232503 137820
231933 126660 233073 127260
232047 125700 233187 126300
232047 138180 232617 138780
232275 139140 233757 139740
232275 142020 232959 142620
232389 134820 233985 135420
232389 145860 233073 146460
232503 142980 234441 143580
232731 124740 234669 125340
232731 132420 233529 133020
232731 135780 233529 136380
232845 131460 233757 132060
232959 137220 234099 137820
233073 133380 233757 133980
233073 140100 233757 140700
233529 143940 234213 144540
233643 125700 235011 126300
233871 138180 234441 138780
233985 133860 235809 134460
233985 139140 235695 139740
234099 131460 237177 132060
234099 132420 235353 133020
234213 136260 234897 136860
234327 127140 235581 127740
234327 137220 235011 137820
234441 130500 234897 131100
234441 135300 234897 135900
234555 142500 235239 143100
234669 143940 235353 144540
234897 124740 235695 125340
234897 140100 235353 140700
235239 142020 236265 142620
235467 125700 238317 126300
235467 132900 236265 133500
235467 134820 236379 135420
235467 137700 236493 138300
235581 136740 236265 137340
235695 135780 236493 136380
235695 140100 236493 140700
235809 143460 236493 144060
235923 124740 243333 125340
236151 139140 236949 139740
236265 133860 236949 134460
236265 141060 236721 141660
236379 127620 236835 128220
236379 136740 237063 137340
236493 132420 237177 133020
236607 134820 237177 135420
236607 142980 237177 143580
236607 145860 237405 146460
236835 127140 237861 127740
236835 128100 237291 128700
236835 130500 237519 131100
236835 137700 237291 138300
236835 140100 237519 140700
236835 142020 239799 142620
237063 143940 237861 144540
237177 132900 237975 133500
237291 128580 239229 129180
237291 136260 238545 136860
237291 138180 238773 138780
237405 131460 241965 132060
237405 135300 241965 135900
237405 139140 238317 139740
237633 145860 238431 146460
237747 133860 238659 134460
237747 142980 241509 143580
237975 140580 238659 141180
237975 144900 238773 145500
238203 129540 239001 130140
238317 126660 239001 127260
238431 132900 238659 133500
238431 137220 239115 137820
238659 125700 240825 126300
238659 139620 240597 140220
238887 136260 241737 136860
238887 140580 239571 141180
238887 145860 241737 146460
239001 127140 240141 127740
239115 133860 239685 134460
239229 138180 241167 138780
239229 144420 240369 145020
239343 132900 240369 133500
239457 129540 243219 130140
239571 128100 240255 128700
239685 133860 240369 134460
240255 141060 242193 141660
240255 142020 240939 142620
240369 126660 240825 127260
240369 127620 240825 128220
240825 128100 241509 128700
240939 132900 241623 133500
240939 139620 241509 140220
241053 125700 241965 126300
241053 130500 242193 131100
241395 133860 241965 134460
241395 137220 241965 137820
241395 142020 242193 142620
241395 143940 241737 144540
241395 144900 242421 145500
241509 138660 242079 139260
241623 128580 242649 129180
241851 127140 243447 127740
241851 139620 243447 140220
241965 126180 243447 126780
241965 132900 243447 133500
241965 136740 243447 137340
242079 138180 242649 138780
242079 143940 243105 144540
242307 131460 243447 132060
242307 135300 243447 135900
242307 142980 243447 143580
242307 145860 243447 146460
242421 134340 243447 134940
242535 130500 243447 131100
242535 142020 243447 142620
307857 124740 308541 125340
307857 125700 308997 126300
307857 126660 311619 127260
307857 127620 309111 128220
307857 128580 309225 129180
307857 129540 308427 130140
307857 130500 308313 131100
307857 131460 311619 132060
307857 132420 309795 133020
307857 133380 309795 133980
307857 134340 311619 134940
307857 135300 308541 135900
307857 136260 310137 136860
307857 137220 311619 137820
307857 138180 308997 138780
307857 139140 310023 139740
307857 140100 309795 140700
307857 141060 309111 141660
307857 142020 309795 142620
307857 142980 309909 143580
307857 143940 313443 144540
307857 144900 308313 145500
307857 145860 308769 146460
308883 129540 310023 130140
308997 144900 309681 145500
309339 138180 310137 138780
309453 145860 311049 146460
309567 127620 311049 128220
309567 128580 311391 129180
309567 141060 310935 141660
309681 125700 310593 126300
310251 132420 311277 133020
310251 135300 310935 135900
310251 142020 315495 142620
310365 139620 311049 140220
310479 129540 311505 130140
310479 130500 311733 131100
310479 133380 311277 133980
310479 142980 314241 143580
310479 144900 311049 145500
310593 138180 311505 138780
310821 136260 312417 136860
311391 140100 312189 140700
311391 141060 313329 141660
311505 125220 312189 125820
311505 127620 312873 128220
311505 129060 312645 129660
311733 137700 312873 138300
311847 132420 313101 133020
311961 126180 312645 126780
312075 138660 313329 139260
312075 144900 313557 145500
312189 133860 312873 134460
312189 135300 312873 135900
312303 130980 313101 131580
312531 130020 313329 130620
312531 145860 313215 146460
312759 126660 315153 127260
312873 133380 313329 133980
312987 124260 313671 125340
312987 128100 315495 128700
312987 136260 314241 136860
313215 129060 315495 129660
313215 131940 315495 132540
313215 134340 313671 134940
313215 137700 315495 138300
313215 140100 314013 140700
313443 143940 314127 144540
313557 145860 314241 146460
313671 130500 314241 131100
313671 134820 315495 135420
313899 125220 315495 125820
314013 132900 315495 133500
314013 133860 315495 134460
314013 140580 315495 141180
314127 139140 315495 139740
314241 144900 315495 145500
314811 136260 315495 136860
314811 145860 315495 146460
379905 124740 381729 125340
379905 125700 383667 126300
379905 126660 380589 127260
379905 127620 380817 128220
379905 128580 381045 129180
379905 129540 380589 130140
379905 130500 380589 131100
379905 131460 381843 132060
379905 132420 381843 133020
379905 133380 381843 133980
379905 134340 380589 134940
379905 135300 381045 135900
379905 136260 381045 136860
379905 137220 381045 137820
379905 138180 380817 138780
379905 139140 381045 139740
379905 140100 385491 140700
379905 141060 380475 141660
379905 142020 382185 142620
379905 143460 381045 144060
379905 144420 382185 145020
379905 145380 385491 145980
380703 130500 381501 131100
380703 141060 382299 141660
380817 129540 388227 130140
381045 126660 388455 127260
381159 127620 382641 128220
381159 134340 382185 134940
381159 138180 382641 138780
381387 128580 385149 129180
381387 139140 382869 139740
381387 143460 381957 144060
381729 135780 382413 136380
381957 130980 382641 131580
382071 124740 389481 125340
382071 142980 382869 143580
382299 133380 389709 133980
382299 141060 382869 141660
382299 143940 383097 144540
382527 132420 384465 133020
382527 136260 385377 136860
382641 134820 384237 135420
382869 142500 383097 143100
382983 137700 383781 138780
383211 127620 385605 128220
383211 131460 384009 132060
383211 139140 384921 139740
383439 142980 387201 143580
383439 144420 384579 145020
383895 141540 387657 142140
384123 138180 384693 138780
384579 134820 385833 135420
384579 143940 385605 144540
385263 131940 386061 133020
385491 130500 386061 131100
385491 139620 386289 140700
385491 145380 386289 145980
385947 135780 391533 136380
386175 125700 389937 126300
386175 127620 386403 128220
386175 128580 391761 129180
386175 130980 388113 132060
386175 134340 386973 134940
386175 138660 389937 139260
386403 132420 386973 133020
386403 143940 387885 144540
386403 145380 387201 146460
386859 127620 389481 128220
387087 134820 387771 135420
387201 136740 390963 137340
387315 142500 389025 143100
387543 144900 388113 145500
388227 130020 389025 130620
388341 143940 389937 144540
388683 130980 390621 131580
388683 132420 389253 133020
388683 137700 391533 138300
388911 139620 389709 140700
388911 141540 389481 142140
389367 145380 390165 146460
389595 130020 390507 130620
389595 142500 391533 143100
389823 131940 393015 132540
390051 127140 393015 127740
390051 132900 393015 133500
390051 133860 393015 134460
390279 125700 391305 126300
390279 141060 391305 141660
390507 124740 391077 125340
390507 143460 391077 144060
390963 130020 393015 130620
390963 138660 393015 139260
391077 140100 391305 140700
391305 125220 393015 125820
391305 134820 393015 135420
391419 139620 393015 140220
391533 140580 393015 141180
391533 141540 393015 142140
391647 144900 393015 145500
391875 137220 393015 137820
391875 145860 392445 146460
392103 128580 393015 129180
392331 143940 393015 144540
392559 136260 393015 136860
392559 142980 393015 143580
457425 124740 465063 125340
457425 126180 461757 126780
457425 127140 459933 127740
457425 128100 459363 129180
457425 129540 465063 130140
457425 130980 458337 131580
457425 131940 457653 132540
457425 132900 459249 133500
457425 133860 459363 134460
457425 134820 459249 135420
457425 135780 457653 136380
457425 136740 457653 137340
457425 137700 459363 138780
457425 139140 460845 139740
457425 140100 465063 140700
457425 141060 460845 141660
457425 142500 459363 143580
457425 143940 458793 144540
457425 144900 465063 145500
457995 131940 458565 132540
457995 135780 461757 136380
457995 136740 458793 137340
458679 130980 459705 131580
458793 136740 459477 137340
458907 131940 459705 132540
459249 145860 460845 146460
460047 143460 463467 144060
460275 130980 463695 131580
460503 127140 463353 127740
460503 131940 460845 132540
460503 132900 463353 133500
460503 134820 463695 135420
460617 136740 461301 137340
460731 128100 462213 129180
460731 137700 462213 138780
461187 131940 463695 132540
461415 142500 463011 143100
462099 125700 465063 126300
462099 133860 465063 134460
462099 139140 465063 139740
462099 141060 464265 141660
462099 145860 465063 146460
462897 136260 463581 136860
462897 137220 463581 137820
463011 142500 463581 143100
463353 138180 464037 138780
463467 143940 464151 144540
463581 135780 465063 136380
463695 137220 464379 137820
464037 142020 465063 142620
464151 126660 465063 127260
464151 131460 465063 132060
464835 141060 465063 141660
529473 124740 533235 125340
529473 125700 531069 126300
529473 126660 530727 127260
529473 127620 530955 128220
529473 128580 530841 129180
529473 129540 530613 130140
529473 130500 531069 131100
529473 131460 533235 132060
529473 132420 536883 133020
529473 133380 533235 133980
529473 134340 536883 134940
529473 135300 530271 135900
529473 136260 531183 136860
529473 137220 530613 137820
529473 138180 536883 138780
529473 139140 531525 139740
529473 140100 530613 140700
529473 141060 530613 141660
529473 142020 531525 142620
529473 142980 530613 143580
529473 143940 536883 144540
529473 144900 531525 145500
529473 145860 533235 146460
530727 135300 531981 135900
530955 126660 538365 127260
531069 140100 531753 140700
531183 127620 534945 128220
531183 130500 531753 131100
531297 141060 531981 141660
531525 125700 533349 126300
531639 136260 534945 136860
531639 137220 532437 137820
531867 129540 534261 130140
531981 142020 535743 142620
532095 139140 539505 139740
532095 144900 535857 145500
533007 128580 533805 129180
533463 124260 534261 125340
533691 142980 538365 143580
533919 125700 534945 126300
534375 128580 537225 129180
534603 135300 538365 135900
534603 145860 538365 146460
534831 129540 535401 130140
534831 130980 535629 132060
534945 136740 535173 137340
535515 127620 539277 128220
535515 136260 541101 136860
535515 140100 539277 140700
535515 141060 535857 141660
535743 137220 537681 137820
536313 141060 538251 141660
536427 133380 540189 133980
536769 125220 537681 125820
536769 130020 540531 130620
537339 130980 538137 132060
537339 144420 538137 145500
537795 124740 538821 125340
537795 128580 538365 129180
538251 125700 541101 126300
538251 137220 539733 137820
538479 141540 540417 142140
538707 131460 539505 132060
538707 134820 539505 135900
538707 138180 542469 138780
538935 142500 540873 143580
538935 145380 540189 145980
539391 124740 542583 125340
539391 127140 540645 127740
539505 139620 540189 140220
540075 128100 541101 128700
540075 134820 540645 135420
540075 137220 541557 137820
540531 131940 541101 132540
540531 145380 542583 145980
540759 130980 542583 131580
540759 144420 542583 145020
540987 127140 542583 127740
540987 129060 542583 129660
540987 140580 542583 141180
541101 134340 542583 134940
541215 135300 542013 135900
541215 139140 542013 139740
541215 142020 542583 142620
541443 142980 542583 143580
541671 125700 542583 126300
541899 137220 542583 137820
542241 132420 542583 133020
606993 124740 607449 125340
606993 125700 610755 126300
606993 126660 608019 127260
606993 127620 608133 128220
606993 128580 608019 129180
606993 129540 612579 130140
606993 130500 610755 131100
606993 131460 609501 132060
606993 132420 608019 133020
606993 133380 612579 133980
606993 134340 610755 134940
606993 135300 608361 135900
606993 136260 607677 136860
606993 137220 610755 137820
606993 138180 610755 138780
606993 139140 608361 139740
606993 140100 609843 140700
606993 141060 608589 141660
606993 142020 608931 142620
606993 142980 608361 143580
606993 143940 607791 144540
606993 144900 608019 145500
606993 145860 610755 146460
607791 136260 608817 136860
608247 126660 609273 127260
608247 128580 609273 129180
608361 124740 609273 125340
608589 144420 609159 145020
608703 127620 610185 128220
608931 132420 612123 133020
608931 139140 610413 139740
608931 142980 611439 143580
609159 135300 611553 135900
609159 144900 609843 145500
609501 141060 613263 141660
609843 124740 613605 125340
609843 131460 611781 132060
609843 136260 610527 136860
610299 126660 611097 127260
610299 128100 612009 128700
610299 140100 611553 140700
610527 142020 611325 142620
611211 138180 613149 138780
611211 139140 612009 139740
611211 144900 612237 145500
611439 145860 612465 146460
611667 143460 612465 144060
611895 126180 612921 126780
612123 127620 612693 128220
612123 135300 613377 135900
612351 131460 614061 132060
612351 136260 613377 136860
612351 140100 614631 140700
612465 139140 614061 139740
612465 145380 614631 145980
612579 130500 613263 131100
612579 132420 614289 133020
612579 133860 614631 134460
612579 142020 614061 142620
612807 128580 614631 129180
612921 125700 614061 126300
613035 137220 613491 137820
613035 144420 614631 145020
613263 142980 613833 143580
613719 135300 614517 135900
613719 141060 614517 141660
613947 127620 614631 128220
613947 129540 614631 130140
613947 130500 614631 131100
613947 136260 614631 136860
613947 138180 614631 138780
614403 124740 614631 125340
679041 124740 680295 125340
679041 125700 684627 126300
679041 126660 682461 127260
679041 127620 682233 128220
679041 128580 683373 129180
679041 129540 683373 130140
679041 130500 681321 131100
679041 131460 683373 132060
679041 132420 684627 133020
679041 133380 681093 133980
679041 134340 680409 134940
679041 135300 682803 135900
679041 136260 681093 136860
679041 137700 686451 138300
679041 138660 679953 139260
679041 139620 682803 140220
679041 140580 686451 141180
679041 141540 680181 142140
679041 142500 679953 143100
679041 143460 680295 144060
679041 144420 680409 145020
679041 145380 680067 145980
680295 138660 680865 139260
680295 142500 681777 143100
680295 145380 681435 145980
680523 143460 681093 144060
680751 124740 683601 125340
680751 134340 682119 134940
680751 144420 684513 145020
681207 141540 681891 142140
681435 143460 682233 144060
681663 133380 683601 133980
681663 136260 685425 136860
682005 145860 683829 146460
682119 142500 682689 143100
682347 134340 685767 134940
682575 138660 682803 139260
683031 126660 685881 127260
683031 127620 686793 128220
683487 129060 684057 129660
683487 130500 684741 131100
683715 124260 684741 125340
683715 138660 684057 139260
683943 131460 686451 132060
683943 139620 684513 140220
684171 142500 685197 143580
684171 145860 684969 146460
684399 129060 684969 129660
684627 141540 685425 142140
684855 132420 685425 133020
684855 138660 685653 139260
684855 143940 687477 144540
684969 139620 688731 140220
685083 135300 685653 135900
685425 129060 688389 129660
685539 132900 688389 133500
685767 130500 686337 131100
685767 134340 686337 134940
685767 135780 686793 136860
685767 145380 686337 145980
685995 125700 687021 126300
686337 142020 687933 142620
686337 144900 688047 145500
686451 126660 687591 127260
686451 131460 687021 132060
686451 141060 689073 141660
686679 130020 687819 130620
686793 134340 688731 134940
686907 135300 692151 135900
687021 130980 687249 131580
687135 125220 687363 125820
687135 136260 687705 136860
687135 138660 687705 139260
687363 124740 687933 125340
687477 137700 687933 138300
687591 125700 692151 126300
687819 130980 688389 131580
687819 143460 688389 144060
687933 128100 688161 128700
688047 124260 688845 125340
688047 126660 688389 127260
688047 136740 688959 137340
688047 145380 688503 145980
688275 130020 689415 130620
688503 128100 689529 128700
688503 132900 689073 133500
688503 142020 690441 142620
688503 144900 690441 145500
688503 145860 689985 146460
688731 126660 689757 127260
688731 133860 689757 134460
688731 138180 692151 138780
688731 139140 689415 139740
688731 142980 689529 143580
688959 140100 692151 140700
689187 124740 689757 125340
689187 130980 692151 131580
689187 136740 689415 137340
689301 129060 690783 129660
689415 130020 689985 130620
689415 139140 690213 139740
689415 141060 691353 141660
689643 132900 690441 133500
689643 143460 692151 144060
690213 124740 690669 125340
690213 126660 690441 127260
690213 134340 692151 134940
690213 137220 692151 137820
690213 145860 692151 146460
690327 128100 692151 128700
690327 130020 692151 130620
690555 131940 692151 132540
690555 142020 691695 142620
690555 144420 692151 145020
691011 126660 692151 127260
691467 124740 692151 125340
756561 124740 757701 125340
756561 125700 758271 126300
756561 126660 759069 127260
756561 127620 758499 128220
756561 128580 758499 129180
756561 129540 764199 130140
756561 130500 764199 131100
756561 131460 759981 132060
756561 132420 759411 133020
756561 133380 757587 133980
756561 134340 757701 134940
756561 135300 757587 135900
756561 136260 757701 136860
756561 137220 758499 137820
756561 138180 762147 138780
756561 139140 757701 139740
756561 140100 757587 140700
756561 141060 764199 141660
756561 142500 757587 143100
756561 143460 760323 144060
756561 144420 759069 145020
756561 145380 758499 146460
758043 124740 759867 125340
758043 133380 759183 133980
758043 135300 761805 135900
758043 139140 759867 139740
758043 140100 761805 140700
758043 142500 759981 143100
758157 134340 763743 134940
758157 136260 759981 136860
758499 128100 762261 128700
758727 125700 759981 126300
759183 126660 759753 127260
759639 133380 760893 133980
759639 144420 761349 145020
759753 137220 760437 137820
759867 145380 760665 146460
759981 132420 760665 133020
760323 124740 761805 125340
760323 125700 764085 126300
760323 127140 760779 127740
760323 139140 762261 139740
760437 136260 762375 136860
760437 142500 761805 143100
760551 143460 761349 144060
760779 131460 762717 132060
760893 137220 761577 137820
761349 126660 762033 127260
761349 133380 763287 133980
761691 143460 762261 144060
762147 124740 764199 125340
762147 142500 764199 143100
762147 144420 764199 145020
762261 138180 762945 138780
762375 132420 764199 133020
762375 137220 762945 137820
762375 139140 762945 139740
762375 145380 764199 145980
762489 127140 764199 127740
762831 136260 764199 136860
828609 124740 829407 125340
828609 126180 829407 126780
828609 127140 829635 127740
828609 128100 830433 128700
828609 129060 834195 129660
828609 130020 832029 130620
828609 130980 830889 131580
828609 131940 829293 132540
828609 132900 830547 133980
828609 134340 836019 134940
828609 135300 831801 135900
828609 136260 836019 136860
828609 137220 832371 137820
828609 138180 834195 138780
828609 139140 836019 139740
828609 140580 830205 141180
828609 141540 832371 142140
828609 142500 833169 143100
828609 143460 830433 144060
828609 144420 829407 145020
828609 145380 830205 145980
829407 131940 829977 132540
829863 124740 830889 125340
829863 126180 833625 126780
829863 144420 833625 145020
830091 127140 831117 127740
830433 140100 831801 140700
830547 145380 831801 145980
831003 128100 834765 128700
831003 143460 835677 144060
831459 130980 834309 131580
831687 132900 832485 133980
831915 124740 834309 125340
832143 130020 832827 130620
832143 145380 834309 145980
832371 127140 833169 127740
832371 135300 832713 135900
832371 140100 835449 140700
832827 130020 833625 130620
833283 135300 837045 135900
833511 141540 839097 142140
833739 127140 835677 127740
833739 142500 839325 143100
834195 137700 834993 138780
834651 132900 835449 133980
834879 124260 836361 125340
834879 129060 836361 130140
834879 130980 836817 132060
834879 144420 835677 145500
834879 145860 836817 146460
835449 137220 839211 137820
835791 127140 836931 127740
836019 139620 836475 140220
836019 143460 836703 144060
836133 144420 836475 145020
836247 126180 836589 126780
836703 138180 838185 138780
836931 126660 839781 127260
836931 145860 837501 146460
837045 128100 838299 128700
837159 125700 840009 126300
837159 131940 839781 132540
837159 132900 838983 133500
837387 130980 840237 131580
837387 135780 839325 136380
837387 139620 840237 140220
837387 143940 839781 144540
838071 145860 839553 146460
838185 134340 838869 134940
838299 128580 840009 129180
838299 140580 839439 141180
838755 138180 841719 138780
838983 130020 840009 130620
838983 133380 839325 133980
839211 124740 839895 125340
839211 127620 840237 128220
839211 144900 840237 145500
839439 132900 841719 133500
839439 136740 841719 137340
839439 142020 841719 142620
839553 133860 841719 134460
839667 134820 840237 135420
839667 142980 840693 143580
839895 145860 840465 146460
840009 125220 841719 125820
840123 135780 841719 136380
840237 126180 841719 126780
840237 131940 841719 132540
840237 140580 841719 141180
840351 128580 841719 129180
840351 130500 841149 131100
840465 139140 840921 139740
840579 127620 841719 128220
840579 129540 841719 130140
840579 143940 841719 144540
841035 144900 841719 145500
906129 124740 907725 125340
906129 125700 907725 126300
906129 126660 909891 127260
906129 127620 909093 128220
906129 129060 911715 129660
906129 130020 906813 130620
906129 130980 908067 132060
906129 132420 907041 133020
906129 133380 907041 133980
906129 134340 913767 134940
906129 135780 907497 136380
906129 136740 908067 137820
906129 138180 907611 138780
906129 139140 907041 139740
906129 140100 907611 140700
906129 141060 911715 141660
906129 142500 909321 143100
906129 143460 909321 144060
906129 144420 906927 145020
906129 145380 906813 145980
907269 130020 907725 130620
907383 144420 911145 145020
907611 132420 908637 133020
907611 139140 908637 139740
907839 133380 909777 133980
907953 135300 909549 135900
908067 124740 909321 125340
908067 125700 911829 126300
908067 130020 909435 130620
908067 138180 910005 138780
908067 140100 911829 140700
908979 139140 912741 139740
908979 145380 909777 146460
909207 130980 910005 132060
909207 136740 910005 137820
909663 127620 911601 128220
909891 126660 910689 127260
909891 130020 910917 130620
909891 132420 910689 133020
909891 143460 911829 144060
910119 133380 911145 133980
910119 135300 912969 135900
910119 142500 912057 143100
910575 137700 913767 138300
911259 130020 912285 130620
911487 145380 912285 145980
911601 131940 912399 132540
911715 133380 912741 133980
911715 136260 912285 136860
911715 144420 913767 145020
911943 127620 912969 128220
912171 125220 913767 125820
912171 126180 913767 126780
912285 129060 913767 129660
912285 130980 913767 131580
912285 140580 913767 141180
912285 142980 912969 143580
913083 136260 913767 136860
913311 142020 913767 142620
913311 145860 913767 146460
913539 133380 913767 133980
978177 124740 978861 125340
978177 125700 978519 126300
978177 126660 978975 127260
978177 127620 979317 128220
978177 128580 979431 129180
978177 129540 979431 130140
978177 130500 978861 131100
978177 131460 979431 132060
978177 132420 979089 133020
978177 133380 979317 133980
978177 134340 979317 134940
978177 135300 979089 135900
978177 136260 979317 136860
978177 137220 985587 137820
978177 138180 983421 138780
978177 139140 979317 139740
978177 140100 979431 140700
978177 141060 979317 141660
978177 142020 981141 142620
978177 142980 985587 143580
978177 143940 981939 144540
978177 144900 985587 145500
978177 145860 983421 146460
978747 125700 979431 126300
979203 126660 980343 127260
979431 130020 980571 130620
979431 140580 986841 141180
979659 127620 982737 128220
979659 131460 980799 132060
979773 124740 980457 125340
979887 125700 980571 126300
980115 128580 980913 129180
980115 133380 981255 133980
980115 134340 980913 134940
980343 132420 980685 133020
981027 129540 982737 130140
981027 134820 981825 135900
981141 125220 981369 125820
981141 132420 988551 133020
981255 126660 981939 127260
981255 131460 983421 132060
981369 124740 985131 125340
981483 125700 982623 126300
981711 130500 985017 131100
981711 139140 985473 139740
982053 133860 983421 134460
982395 141540 984219 142140
982851 136260 985929 136860
983307 126180 984789 127260
983307 129060 985245 130140
983991 133860 987753 134460
984675 131460 987525 132060
984675 138180 986613 138780
984675 141540 987753 142140
984675 143940 987525 144540
984675 145860 987525 146460
984903 135300 985587 135900
985131 125700 986271 126300
985473 128100 988323 128700
985587 130020 987981 130620
986385 125220 987753 125820
986499 142500 987525 143100
987183 127140 989007 127740
987183 129060 989235 129660
987183 135780 989121 136380
987183 138660 987525 139260
987411 140100 988665 140700
987639 137700 989121 138780
988095 130980 991287 131580
988095 139140 990945 139740
988551 144420 989919 145020
988779 124740 989691 125340
988779 132900 991287 133500
988779 133860 989577 134460
988779 134820 991287 135420
988779 142500 991287 143100
988779 143460 991287 144060
988779 145380 991287 145980
988893 128100 989577 128700
989007 125700 991287 126300
989007 141540 991287 142140
989121 131940 989919 132540
989235 130020 991287 130620
989463 127140 991287 127740
989463 129060 991287 129660
989463 136740 991287 137340
989463 140580 991287 141180
989919 124740 991287 125340
1055697 124740 1063335 125340
1055697 126180 1057635 126780
1055697 127140 1057635 128220
1055697 128580 1063335 129180
1055697 129540 1057749 130140
1055697 130500 1056837 131100
1055697 131460 1057749 132060
1055697 132420 1063335 133020
1055697 133380 1057749 133980
1055697 134340 1057521 134940
1055697 135780 1061283 136380
1055697 136740 1057635 137820
1055697 138180 1056723 138780
1055697 139140 1057521 139740
1055697 140100 1057749 140700
1055697 141060 1063335 141660
1055697 142020 1057749 142620
1055697 142980 1057065 143580
1055697 143940 1057065 144540
1055697 144900 1063335 145500
1055697 145860 1057749 146460
1057179 130500 1059345 131100
1057179 138180 1059117 138780
1057521 134820 1059345 135420
1057635 142980 1060029 143580
1058319 139620 1060941 140220
1058319 143940 1059345 144540
1058319 145860 1062081 146460
1058775 133860 1061625 134460
1059003 129540 1062765 130140
1059003 131460 1063335 132060
1059003 142020 1063335 142620
1059231 126180 1060713 127260
1059231 136740 1060029 137820
1059915 127620 1061853 128220
1059915 130500 1063335 131100
1060599 143460 1061967 144060
1060827 137700 1063335 138300
1061283 139620 1063335 140220
1061739 125700 1063335 126300
1061739 134820 1063335 135420
1061739 136740 1063335 137340
1061853 138660 1063335 139260
1062423 126660 1063335 127260
1062423 143940 1062993 144540
1127745 124740 1128999 125340
1127745 125700 1128999 126300
1127745 126660 1129227 127260
1127745 127620 1129341 128220
1127745 128580 1129227 129180
1127745 129540 1128999 130140
1127745 130500 1128999 131100
1127745 131460 1128657 132060
1127745 132420 1129227 133020
1127745 133380 1129227 133980
1127745 134340 1128885 134940
1127745 135300 1129227 135900
1127745 136260 1129227 136860
1127745 137220 1128657 137820
1127745 138180 1128657 138780
1127745 139140 1128999 139740
1127745 140100 1129227 140700
1127745 141060 1128999 141660
1127745 142020 1128999 142620
1127745 142980 1128771 143580
1127745 143940 1130253 144540
1127745 144900 1128885 145500
1127745 145860 1130253 146460
1128657 137700 1129911 138300
1129113 124740 1130253 125340
1129113 125700 1130253 126300
1129113 129540 1130253 130140
1129113 130500 1130253 131100
1129113 131460 1130253 132060
1129113 139140 1130253 139740
1129113 141060 1130253 141660
1129113 142020 1130253 142620
1129227 133860 1130367 134460
1129455 132900 1130253 133500
1129455 136740 1129683 137340
1129455 142980 1130253 143580
1129683 127140 1130823 127740
1129683 134820 1129911 135420
1129797 128100 1130937 128700
1130025 138180 1131621 138780
1130139 135300 1131621 135900
1130139 136260 1131621 136860
1130139 137220 1131621 137820
1130139 140100 1131621 140700
1130139 144900 1131621 145500
1130253 129060 1130481 129660
1130253 131940 1130481 132540
1130367 130980 1130937 131580
1130367 132900 1131507 133500
1130367 133860 1131507 134460
1130595 130020 1131165 130620
1130823 126180 1131849 126780
1130937 125220 1132077 125820
1130937 142500 1132077 143100
1131279 130980 1132077 131580
1131393 129060 1132533 129660
1131393 131940 1131735 132540
1131393 143460 1132761 144060
1131507 127620 1132305 128220
1131507 133380 1132761 133980
1131507 134340 1132077 134940
1131507 139140 1132647 139740
1131507 141060 1132305 141660
1131507 145860 1135269 146460
1131735 136740 1132191 137340
1131963 137700 1132761 138300
1132077 125220 1133217 125820
1132077 126660 1132761 127260
1132077 130020 1132305 130620
1132419 131940 1133673 132540
1132419 136260 1134357 136860
1132419 144420 1132761 145020
1132533 130980 1133217 131580
1132533 140100 1132761 140700
1132647 128100 1133901 128700
1132647 134820 1133787 135420
1132647 138660 1133787 139260
1132647 141540 1134129 142140
1132875 129060 1133673 129660
1132875 130020 1133445 130620
1132875 142980 1133331 143580
1132989 144900 1133331 145500
1133103 126180 1133901 126780
1133103 133380 1134699 133980
1133103 137700 1135041 138300
1133103 140100 1134129 140700
1133217 125220 1133901 125820
1133217 127140 1133673 127740
1133445 143940 1133901 144540
1133673 132420 1134015 133020
1133787 138660 1134927 139260
1133787 142500 1135041 143100
1133901 130020 1134585 130620
1133901 134820 1134585 135420
1133901 143460 1135041 144060
1134015 130980 1134699 131580
1134243 127140 1134927 127740
1134243 129060 1135839 129660
1134243 131940 1139829 132540
1134243 144900 1134585 145500
1134357 125220 1135041 125820
1134357 140580 1134585 141180
1134471 135780 1135155 136380
1134471 139620 1135611 140220
1134585 134340 1135725 134940
1134699 126180 1137549 126780
1134699 128100 1135953 128700
1134699 133380 1135269 133980
1134699 144420 1135497 145020
1134813 136740 1135269 137340
1134927 130020 1135611 130620
1134927 138660 1135725 139260
1135041 140580 1135269 141180
1135041 141540 1137549 142140
1135155 137700 1136295 138300
1135155 142980 1135839 143580
1135497 132900 1137093 133500
1135497 144900 1135953 145500
1135611 135300 1136295 135900
1135611 143940 1136637 144540
1135725 127140 1136409 127740
1135725 130020 1136865 130620
1135725 139620 1136865 140220
1135839 124740 1136409 125340
1136067 133860 1136865 134460
1136067 138660 1136865 139260
1136181 136260 1136409 136860
1136181 140580 1136409 141180
1136181 142500 1136523 143100
1136181 145860 1136409 146460
1136295 128100 1138233 128700
1136295 137220 1136979 137820
1136295 144900 1140057 145500
1136409 130980 1138233 131580
1136523 129060 1138119 129660
1136751 135780 1137891 136380
1136865 138180 1138005 138780
1136865 140580 1137435 141180
1136979 143940 1138005 144540
1136979 145860 1137549 146460
1137207 134820 1138005 135420
1137207 136740 1139145 137340
1137321 124740 1138119 125340
1137321 142980 1138005 143580
1137663 141060 1138119 141660
1137777 130020 1138347 130620
1137777 133380 1139487 133980
1137777 139140 1138347 139740
1137777 140100 1138233 140700
1137891 125700 1139487 126300
1137891 142020 1138917 142620
1138119 135300 1138917 135900
1138233 134340 1139373 134940
1138347 129540 1138917 130140
1138347 137700 1139031 138300
1138347 139620 1139373 140220
1138575 141060 1139259 141660
1138575 142980 1140855 143580
1138689 130980 1139145 131580
1138917 129540 1140057 130140
1139031 124740 1139487 125340
1139031 127140 1139601 127740
1139031 137700 1139829 138300
1139031 143940 1139487 144540
1139145 142020 1140171 142620
1139259 128100 1140285 128700
1139259 138660 1139487 139260
1139259 140580 1140057 141180
1139259 145860 1140855 146460
1139373 134340 1140513 134940
1139373 139620 1140513 140220
1139487 130980 1140855 131580
1139487 135300 1140171 135900
1139943 126660 1140855 127260
1139943 136740 1140855 137340
1140285 130020 1140855 130620
1140399 124740 1140855 125340
1140399 125700 1140855 126300
1140399 132420 1140855 133020
1140399 133380 1140855 133980
1140399 135300 1140855 135900
1140399 137700 1140855 138300
1140399 138660 1140855 139260
1140399 140580 1140855 141180
1140399 144420 1140855 145020
1205265 124740 1206177 125340
1205265 125700 1206405 126300
1205265 126660 1209027 127260
1205265 127620 1207773 128220
1205265 128580 1212903 129180
1205265 129540 1206405 130140
1205265 130500 1206405 131100
1205265 131460 1206405 132060
1205265 132420 1207773 133020
1205265 133380 1207203 133980
1205265 134340 1207203 134940
1205265 135300 1206747 135900
1205265 136260 1209027 136860
1205265 137220 1207203 137820
1205265 138180 1208229 138780
1205265 139140 1206177 139740
1205265 140100 1205949 140700
1205265 141060 1206405 141660
1205265 142020 1206177 142620
1205265 142980 1206405 143580
1205265 143940 1207773 144540
1205265 144900 1212675 145500
1205265 145860 1207773 146460
1206291 124260 1207545 125340
1206291 139620 1207545 140700
1206633 141540 1207317 142620
1206747 130500 1208229 131100
1206747 131460 1207317 132060
1207203 134820 1208685 135420
1207431 142500 1209255 143100
1207773 131460 1208001 132060
1207773 137220 1208229 137820
1207887 133380 1208457 133980
1208115 127620 1208685 128220
1208115 141540 1208685 142140
1208229 132420 1212903 133020
1208343 131460 1209255 132060
1208343 137700 1209141 138300
1208571 124260 1209825 125340
1208571 133860 1210053 134460
1208571 138660 1209825 139740
1208799 143460 1209825 144060
1208799 145860 1210053 146460
1209027 136740 1210965 137340
1209255 130020 1210281 130620
1209597 137700 1210281 138300
1209711 127140 1210965 127740
1209711 130980 1212903 131580
1209711 134820 1212903 135420
1209711 141540 1210965 142140
1209711 142500 1210623 143100
1209939 125700 1211193 126300
1209939 139620 1211193 140700
1210395 143460 1211079 144540
1210623 138660 1212903 139260
1210737 130020 1212903 130620
1210737 137700 1212903 138300
1211079 126660 1212903 127260
1211079 133860 1212903 134460
1211079 135780 1212903 136380
1211079 142500 1212903 143100
1211079 145860 1212105 146460
1211307 141540 1212903 142140
1211421 143460 1212903 144060
1211535 125700 1212903 126300
1277313 124740 1278909 125340
1277313 125700 1278795 126300
1277313 126660 1278909 127260
1277313 127620 1279593 128220
1277313 128580 1278339 129180
1277313 129540 1278453 130140
1277313 130500 1277655 131100
1277313 131460 1277997 132060
1277313 132420 1278453 133020
1277313 133380 1278681 133980
1277313 134340 1277997 134940
1277313 135300 1278453 135900
1277313 136260 1277997 136860
1277313 137220 1278225 137820
1277313 138180 1277997 138780
1277313 139140 1278339 139740
1277313 140100 1279821 140700
1277313 141060 1278225 141660
1277313 142020 1278795 142620
1277313 142980 1278453 143580
1277313 143940 1277883 144540
1277313 144900 1277655 145500
1277313 145860 1277541 146460
1277769 145380 1278909 145980
1277997 130980 1278681 131580
1278339 143940 1278909 144540
1278453 136260 1279479 136860
1278567 130020 1278909 130620
1278567 131940 1279365 132540
1278567 134340 1279365 134940
1278567 138180 1279365 138780
1278681 137220 1279707 137820
1278681 141060 1280619 141660
1278795 130980 1279935 131580
1278795 142980 1279821 143580
1279023 129540 1279593 130140
1279023 135300 1280049 135900
1279023 139140 1279593 139740
1279137 126180 1279479 126780
1279137 144420 1279479 145020
1279251 124740 1280277 125340
1279251 128580 1280277 129180
1279251 133380 1279821 133980
1279251 145860 1279593 146460
1279365 131940 1280505 132540
1279365 138180 1280049 138780
1279593 144900 1280277 145500
1279707 134340 1280505 134940
1279821 126660 1280733 127260
1279821 130020 1280961 130620
1279821 143940 1280049 144540
1279935 125700 1280619 126300
1279935 127620 1280163 128220
1279935 139620 1280163 140220
1279935 142020 1280505 142620
1280163 135780 1280391 136380
1280163 140100 1280733 140700
1280163 142980 1280733 143580
1280163 145860 1280733 146460
1280277 137220 1280733 137820
1280391 133380 1282101 133980
1280391 143940 1282101 144540
1280505 131940 1281645 132540
1280505 138180 1282101 138780
1280505 139140 1282101 139740
1280619 124740 1282101 125340
1280619 127620 1282101 128220
1280619 128580 1282101 129180
1280619 136260 1282101 136860
1280619 144900 1282101 145500
1280847 134820 1282329 135420
1280961 140580 1284381 141180
1281075 141540 1282785 142140
1281303 142500 1282785 143100
1281645 126180 1282329 126780
1281645 130020 1282101 130620
1281987 131460 1282557 132060
1281987 132420 1282557 133020
1281987 137220 1283925 137820
1281987 145860 1282785 146460
1282101 130500 1282785 131100
1282215 125220 1284267 125820
1282215 135780 1286547 136380
1282215 139620 1282785 140220
1282215 143460 1284723 144060
1282215 144420 1282785 145020
1282443 128580 1283127 129180
1282443 133380 1289853 133980
1282443 134340 1283013 134940
1282557 129540 1284153 130140
1282671 127140 1284381 127740
1282899 126180 1283583 126780
1282899 131460 1283697 132060
1283355 128100 1283811 128700
1283355 132420 1284153 133020
1283469 130500 1284381 131100
1283583 138660 1284381 139740
1283811 141540 1284381 142140
1283811 142500 1287573 143100
1283811 144420 1284609 145500
1284039 126180 1284951 126780
1284039 134340 1285293 134940
1284039 137700 1286775 138300
1284153 128100 1284609 128700
1284267 131460 1285065 132060
1284267 136740 1284837 137340
1284951 125220 1285521 125820
1284951 127140 1285749 127740
1284951 129540 1285293 130140
1284951 130500 1285407 131100
1284951 143460 1285749 144060
1285179 128580 1285863 129180
1285407 126180 1286547 126780
1285407 131460 1286205 132060
1285407 138660 1286661 139260
1285407 140580 1286547 141180
1285407 141540 1286547 142140
1285635 130500 1286319 131100
1285635 144420 1286547 145020
1285635 145380 1286547 145980
1285749 129540 1286547 130140
1286091 125220 1286547 125820
1286319 127140 1286661 127740
1286319 128100 1287345 128700
1286319 134340 1289739 134940
1286433 132420 1287117 133020
1286547 130500 1287345 131100
1286547 143460 1287801 144540
1287003 125220 1287573 125820
1287003 126180 1287459 126780
1287003 129540 1287801 130140
1287003 135780 1287801 136860
1287003 140580 1288941 141180
1287003 141540 1287573 142140
1287003 144900 1289055 145500
1287003 145860 1287687 146460
1287117 127140 1287345 127740
1287231 137700 1287915 138300
1287345 130980 1289625 131580
1287459 132420 1288257 133020
1287459 139620 1289055 140220
1287687 127140 1288257 127740
1287687 128580 1288371 129180
1287687 138660 1288257 139260
1287915 130020 1288485 130620
1287915 135300 1288371 135900
1288143 125220 1288941 125820
1288143 126180 1288371 126780
1288143 145860 1289055 146460
1288371 136740 1290423 137340
1288371 137700 1289169 138300
1288371 142500 1289169 143100
1288599 126660 1289625 127260
1288599 141540 1290423 142140
1288713 138660 1289739 139260
1288827 128100 1289169 128700
1288827 129540 1289283 130140
1288827 131940 1289055 132540
1288827 135300 1290423 135900
1288827 143460 1290423 144060
1289055 139620 1289853 140220
1289169 128580 1289853 129180
1289283 127620 1289853 128220
1289397 125220 1289625 125820
1289511 131940 1289853 132540
1289511 144420 1290423 145020
1289511 145380 1290423 145980
1289739 129540 1290423 130140
1289739 137700 1290423 138300
1289739 142500 1290423 143100
1289853 125220 1290423 125820
1289853 126660 1290423 127260
1289853 130980 1290423 131580
1289967 134340 1290423 134940
1290081 131940 1290423 132540
1290195 127620 1290423 128220
1354833 124740 1356201 125340
1354833 125700 1358595 126300
1354833 126660 1358595 127260
1354833 127620 1356201 128220
1354833 128580 1356201 129180
1354833 129540 1362243 130140
1354833 130500 1356201 131100
1354833 131460 1358595 132060
1354833 132420 1356201 133020
1354833 133380 1358595 133980
1354833 134340 1356201 134940
1354833 135300 1356201 135900
1354833 136740 1356429 137340
1354833 137700 1356771 138300
1354833 138660 1356885 139260
1354833 139620 1356201 140220
1354833 140580 1356201 141180
1354833 141540 1356087 142140
1354833 142500 1357113 143100
1354833 143460 1358595 144060
1354833 144420 1356771 145020
1354833 145380 1356771 145980
1356543 141540 1357113 142140
1356657 135780 1358481 136380
1356999 138180 1358481 138780
1356999 139620 1358025 140220
1356999 140580 1357341 141180
1356999 145860 1359621 146460
1357227 124740 1358481 125340
1357227 127620 1358481 128220
1357227 128580 1358481 129180
1357227 130500 1358481 131100
1357227 132420 1358481 133020
1357227 134340 1358481 134940
1357455 136740 1359393 137340
1357455 144420 1358253 145020
1358139 140580 1361901 141180
1358139 141540 1358937 142620
1358367 144900 1359165 145500
1358595 139620 1359621 140220
1358823 143940 1359621 144540
1359051 142500 1360305 143580
1359279 130980 1360533 132060
1359393 126180 1359849 126780
1359507 124740 1361445 125340
1359507 127140 1360761 128220
1359507 128580 1360305 129180
1359507 133860 1360419 134460
1359507 134820 1360533 135420
1359507 135780 1359849 136380
1359507 136740 1360761 137820
1359735 144900 1360533 145500
1359963 125700 1360533 126300
1359963 141540 1360989 142140
1360191 145860 1360875 146460
1360419 133380 1364181 133980
1360419 135780 1361331 136380
1360647 130500 1363497 131100
1360647 131940 1360989 132540
1360647 143460 1362585 144060
1360875 126180 1362129 127260
1360875 139140 1361445 139740
1360875 145380 1361445 145980
1361103 131460 1361559 132060
1361103 134340 1361673 134940
1361331 137700 1362585 138780
1361445 125220 1364865 125820
1361673 134820 1362357 135420
1361787 135780 1362585 136380
1361787 136740 1362813 137340
1361787 144420 1363269 145020
1361787 145860 1363269 146460
1362015 127620 1362357 128220
1362015 131940 1363269 132540
1362015 139620 1363041 140220
1362015 140580 1363041 141180
1362015 141540 1362357 142140
1362015 142500 1363269 143100
1362243 126660 1363041 127260
1362243 128580 1363041 129180
1362585 134820 1365777 135420
1362927 127620 1363953 128220
1362927 141540 1363953 142140
1363155 126660 1363953 127260
1363155 129540 1363953 130140
1363155 136260 1363953 136860
1363383 138180 1364181 138780
1363383 139140 1364409 139740
1363611 140100 1364295 140700
1363839 131460 1364637 132060
1363839 132420 1364181 133020
1363839 137220 1368513 137820
1364067 130500 1365549 131100
1364181 143460 1364637 144060
1364295 128580 1365549 129180
1364295 129540 1365093 130140
1364295 142500 1365093 143100
1364295 144420 1365549 145020
1364295 145380 1364979 145980
1364523 127620 1364865 128220
1364523 133380 1367943 133980
1364523 141540 1366005 142140
1364637 126660 1364979 127260
1364637 138660 1364865 139260
1364751 131460 1365549 132060
1364751 140580 1365549 141180
1364865 143460 1365549 144060
1365435 126660 1367145 127260
1365435 127620 1366233 128220
1365435 129540 1366233 130140
1365435 145380 1366233 146460
1365549 131940 1366005 132540
1365663 135780 1366917 136860
1365663 140580 1366689 141180
1365891 128580 1366689 129180
1366119 142500 1368513 143100
1366233 131460 1367145 132060
1366347 125220 1367145 125820
1366347 138660 1367145 139260
1366347 143460 1366917 144060
1366347 144420 1367145 145020
1366575 139620 1366917 140220
1366803 127620 1367145 128220
1366803 129540 1367145 130140
1366803 130500 1367031 131100
1366803 134820 1367373 135420
1366803 141540 1368741 142140
1366803 145380 1367829 145980
1367031 132420 1367259 133020
1367145 135780 1367829 136380
1367373 143460 1367943 144060
1367715 127620 1369197 128220
1367715 128580 1369197 129180
1367715 129540 1369197 130140
1367715 130500 1368741 131100
1367715 131940 1369539 132540
1367715 134820 1368969 135420
1367715 138180 1368969 138780
1367715 139620 1368513 140220
1367715 140580 1369767 141180
1367715 144420 1368513 145020
1367829 136260 1368285 136860
1367943 124740 1369653 125340
1368171 125700 1369653 126300
1368399 143460 1372161 144060
1368399 145380 1369197 146460
1368627 126660 1369425 127260
1368741 142500 1369767 143100
1368855 133380 1369881 133980
1369083 136740 1370337 137820
1369083 139620 1370223 140220
1369083 144420 1372845 145020
1369197 141540 1369767 142140
1369311 130500 1369653 131100
1369425 126660 1370337 127260
1369425 128580 1370337 129180
1369539 132420 1371477 133020
1369539 138180 1370565 138780
1369539 145380 1370223 145980
1369767 134340 1370337 134940
1369881 142020 1370451 142620
1370223 124740 1377633 125340
1370223 125700 1373985 126300
1370223 127620 1371477 128220
1370223 129540 1371021 130140
1370223 130500 1371477 131100
1370223 140100 1373301 140700
1370451 131460 1371249 132060
1370451 134820 1371705 135900
1370565 128580 1371477 129180
1370565 139140 1371249 139740
1370907 136740 1371363 137340
1370907 142020 1371591 142620
1371135 137700 1371477 138300
1371135 145860 1372161 146460
1371249 138660 1371933 139260
1371591 128580 1372389 129180
1371591 141060 1372617 141660
1371591 142020 1372275 142620
1371819 130980 1372617 131580
1371819 136260 1373301 136860
1372047 127140 1374555 127740
1372047 137700 1372617 138300
1372503 130020 1374555 130620
1372503 131940 1374555 132540
1372503 133860 1374555 134460
1372503 138660 1374555 139260
1372503 142980 1373073 143580
1372617 142020 1373301 142620
1372731 128580 1373529 129180
1372731 135300 1373529 135900
1372845 145380 1374555 145980
1372959 132900 1374555 133500
1373187 141060 1373643 141660
1373187 143940 1373985 144540
1373529 142980 1374441 143580
1373643 136260 1376607 136860
1373757 140100 1376607 140700
1373985 142020 1374441 142620
1374099 135300 1375581 135900
1374441 126180 1375353 126780
1374441 128100 1375239 128700
1374441 129060 1375353 129660
1374441 130980 1375353 131580
1374441 137700 1375125 138300
1374441 141540 1375239 142140
1374441 142500 1375353 143100
1374441 143460 1375581 144060
1374441 144420 1377747 145020
1374783 134340 1376379 134940
1375011 131940 1375923 132540
1375011 138660 1375467 139260
1375125 145860 1375809 146460
1375239 127140 1376037 127740
1375239 132900 1376037 133500
1375353 141060 1376835 141660
1375467 137700 1376037 138300
1375809 142500 1377747 143100
1375809 143460 1377747 144060
1375923 126180 1377177 126780
1375923 128100 1376493 128700
1375923 138660 1377519 139260
1376037 137220 1376721 137820
1376151 130500 1377177 131100
1376379 129060 1376721 129660
1376379 131460 1377063 132060
1376493 132420 1377405 133020
1376493 133380 1376835 133980
1376607 135300 1377177 135900
1376607 145860 1377519 146460
1376721 137700 1377405 138300
1376835 128100 1377405 128700
1376835 134340 1377291 134940
1376949 129060 1381509 129660
1377063 127140 1378089 127740
1377063 136260 1380825 136860
1377063 140100 1379913 140700
1377291 133380 1378089 133980
1377291 141060 1380141 141660
1377519 131460 1378317 132060
1377519 134820 1378089 135420
1377747 142980 1381509 143580
1377861 137700 1378545 138300
1377975 130500 1378545 131100
1377975 138660 1378317 139260
1377975 144420 1379229 145020
1377975 145860 1379001 146460
1378089 134340 1378545 134940
1378203 125220 1379457 125820
1378203 126180 1378773 126780
1378317 132420 1379001 133020
1378431 127620 1379115 128220
1378659 133380 1382421 133980
1378659 134820 1379343 135420
1378773 138660 1380141 139260
1378887 126660 1379913 127260
1378887 131460 1379913 132060
1379001 137220 1379685 137820
1379115 130500 1380141 131100
1379229 127620 1379913 128220
1379229 132420 1382991 133020
1379229 145380 1379913 145980
1379685 125700 1380027 126300
1379913 134820 1380597 135420
1380027 124740 1380597 125340
1380027 126180 1381281 126780
1380255 137700 1381053 138300
1380255 145380 1380939 145980
1380597 130020 1381623 130620
1380711 138660 1382193 139260
1380711 139620 1382193 140220
1380711 140580 1382193 141180
1380711 144420 1381281 145020
1380825 135780 1381167 136380
1380939 127620 1388349 128220
1380939 131460 1382535 132060
1380939 141540 1382193 142140
1381167 134820 1382193 135420
1381167 136740 1381623 137340
1381281 145860 1381737 146460
1381395 135780 1382193 136380
1381509 126180 1382193 126780
1381623 124740 1383105 125340
1381851 143460 1383105 144060
1382079 129060 1382877 129660
1382079 130020 1383219 130620
1382079 136740 1382991 137340
1382079 137700 1383561 138300
1382079 144420 1382877 145020
1382307 126180 1382763 126780
1382535 135300 1383447 135900
1382535 145380 1383333 145980
1382763 133860 1383789 134460
1382763 139620 1383447 140220
1382763 142500 1383561 143100
1382877 126180 1383561 126780
1382991 131460 1384929 132060
1382991 132900 1383561 133500
1383219 143940 1384017 144540
1383447 130020 1383903 130620
1383447 136260 1384473 136860
1383447 138660 1386411 139260
1383447 140580 1387209 141180
1383447 141540 1387209 142140
1383447 145860 1384701 146460
1383561 129060 1384017 129660
1383675 124740 1386525 125340
1383675 134820 1384245 135420
1383675 139620 1384245 140220
1383789 126180 1384473 126780
1383903 137220 1384587 137820
1383903 144900 1384473 145500
1384017 143460 1384473 144060
1384245 133380 1384815 133980
1384359 130020 1385499 130620
1384473 143940 1385271 144540
1384587 129060 1385613 129660
1384587 134340 1385613 134940
1384701 135300 1385385 135900
1384815 132420 1385499 133020
1384815 137220 1385499 137820
1385043 126180 1387893 126780
1385271 133380 1386297 133980
1385271 136260 1386297 136860
1385271 142980 1385955 143580
1385271 144900 1386069 145500
1385499 130980 1386981 131580
1385727 143940 1386525 144540
1385727 145860 1386069 146460
1385841 129540 1386525 130140
1385841 134340 1386525 134940
1385841 137220 1386297 137820
1385955 128580 1386525 129180
1385955 131940 1386525 132540
1386183 135300 1386411 135900
1386183 142980 1387209 143580
1386297 144900 1386981 145500
1386525 145860 1387095 146460
1386639 132420 1387209 133020
1386639 137700 1387665 138300
1386867 135300 1387551 135900
1386867 138660 1387893 139260
1386867 139620 1388121 140220
1386981 131460 1387665 132060
1386981 133380 1387665 133980
1386981 134340 1387437 134940
1386981 143940 1387437 144540
1387095 124740 1387893 125340
1387095 129060 1388121 129660
1387095 130020 1387779 130620
1387095 136740 1388349 137340
1387323 140580 1388007 141180
1387323 141540 1388235 142140
1387551 134340 1388235 134940
1387551 135780 1388805 136380
1387551 145860 1387893 146460
1387665 132420 1388121 133020
1387665 142500 1388349 143100
1387893 125220 1388577 125820
1387893 144900 1388805 145500
1388121 130020 1388805 130620
1388121 130980 1392453 131580
1388121 133380 1389033 133980
1388235 128580 1389717 129180
1388235 138180 1389261 138780
1388235 140580 1388919 141180
1388235 143940 1389033 144540
1388349 132420 1388691 133020
1388349 141540 1389033 142140
1388463 142980 1389375 143580
1388577 126180 1389033 126780
1388577 134340 1389261 134940
1388577 137220 1391427 137820
1388577 139620 1389261 140220
1388577 145860 1389717 146460
1388805 124740 1389489 125340
1388805 127140 1389489 127740
1388805 135300 1389489 135900
1388919 136260 1389489 136860
1389033 129540 1389489 130140
1389147 132420 1390629 133020
1389147 141060 1390515 141660
1389375 125700 1390971 126300
1389375 138660 1390401 139260
1389375 142020 1390401 142620
1389375 144900 1390401 145500
1389489 133380 1390173 133980
1389831 126660 1390287 127260
1389831 127620 1390743 128220
1389831 143460 1390401 144060
1390059 134340 1390401 134940
1390173 128580 1391313 129180
1390173 135780 1390857 136380
1390287 139620 1392225 140220
1390287 145860 1390857 146460
1390401 129540 1390857 130140
1390629 142980 1391085 143580
1390743 124740 1391199 125340
1390743 133380 1391427 133980
1390857 138180 1391541 138780
1390971 127620 1391655 128220
1390971 144900 1391541 145500
1391085 132420 1391883 133020
1391085 134340 1391883 134940
1391085 135300 1391769 135900
1391085 141540 1391883 142620
1391199 126660 1391769 127260
1391199 143940 1391769 144540
1391313 129540 1391883 130140
1391313 145860 1391883 146460
1391427 125700 1392567 126300
1391427 142980 1391883 143580
1391655 128580 1392225 129180
1391655 137220 1392681 137820
1391769 124740 1392453 125340
1391769 133380 1392453 133980
1391769 135780 1392453 136860
1391883 131940 1392681 132540
1391883 141060 1393593 141660
1391997 127620 1392681 128220
1392111 126660 1392795 127260
1392111 142500 1392909 143100
1392225 139140 1393365 139740
1392339 129060 1393023 129660
1392339 130020 1392909 130620
1392339 134340 1393593 134940
1392339 138180 1393479 138780
1392339 143940 1392909 144540
1392339 145380 1393821 145980
1392453 132900 1393137 133500
1392453 135300 1394961 135900
1392795 125220 1393479 125820
1392795 127620 1393593 128220
1392909 130980 1393593 131580
1392909 142500 1393593 143100
1393023 126180 1393593 126780
1393023 137220 1393593 137820
1393137 128580 1394961 129180
1393137 131940 1394733 132540
1393137 136260 1394961 136860
1393251 133380 1394961 133980
1393365 143940 1394961 144540
1393479 124740 1394961 125340
1393479 129540 1394961 130140
1393479 140100 1394961 140700
1393593 141540 1394277 142140
1393821 137700 1395987 138300
1393821 138660 1394277 139260
1393935 130980 1397697 131580
1394163 142500 1395417 143100
1394163 145380 1395645 145980
1394277 126180 1394733 126780
1394847 125700 1398609 126300
1394847 126660 1399407 127260
1394847 127620 1395417 128220
1394847 132420 1399407 133020
1394847 134340 1399407 134940
1394847 139140 1399407 139740
1394847 141060 1396785 141660
1395075 143460 1395759 144060
1395303 136260 1396785 136860
1395417 128580 1399179 129180
1395531 129540 1399293 130140
1395987 145380 1396671 145980
1396101 142020 1397013 142620
1396215 143460 1397013 144060
1396443 137700 1397241 138780
1396785 140580 1397241 141180
1397127 136260 1399407 136860
1397127 141540 1397811 142140
1397127 142500 1397925 143100
1397127 143940 1397697 144540
1397127 145380 1397697 145980
1397469 140580 1398153 141180
1397583 137220 1399407 137820
1397697 138180 1399407 138780
1397925 143460 1398609 144540
1398153 145380 1399407 145980
1398267 140100 1399407 140700
1398267 141540 1399407 142140
1398267 142500 1398837 143100
1398495 124740 1399407 125340
1398951 127620 1399407 128220
1399065 130500 1399407 131100
1399065 142980 1399407 143580
