7809 124740 11571 125340
7809 125700 16359 126300
7809 126660 13395 127260
7809 127620 16359 128220
7809 128580 16359 129180
7809 129540 15219 130140
7809 130500 11571 131100
7809 131460 16359 132060
7809 132420 16359 133020
7809 133380 16359 133980
7809 134340 16359 134940
7809 135300 16359 135900
7809 136260 16359 136860
7809 137220 16359 137820
7809 138180 16359 138780
7809 139140 16359 139740
7809 140100 16359 140700
7809 141060 16359 141660
7809 142020 16359 142620
7809 142980 16359 143580
7809 143940 16359 144540
7809 144900 16359 145500
7809 145860 16359 146460
14079 124740 14877 125340
14193 130500 14649 131100
81453 126180 81681 126780
81453 134340 81909 134940
81453 135300 82137 135900
81453 142020 82137 142620
81567 130980 83049 131580
81567 131940 82137 132540
81567 140580 82821 141180
81567 144420 88977 145020
81681 137220 82365 137820
81681 138180 82365 138780
81795 125700 82365 126300
81795 136260 84645 136860
81795 142980 85557 143580
81795 145860 83049 146460
82251 124260 83277 125340
82251 127140 83277 128220
82479 138660 83961 139740
82707 132900 83733 133980
82707 134820 83733 135900
83163 131940 83733 132540
83163 137220 83733 137820
83163 141540 84645 142620
83391 125700 85101 126300
83505 130980 85329 131580
83619 126660 84189 127260
83619 127620 85329 128220
84189 131940 84873 132540
84189 132900 85557 133500
84303 138180 85101 138780
84417 128580 84873 129180
84417 133860 85101 134460
84759 134820 85329 135420
84759 135780 85557 136380
84759 136740 85329 137340
84987 129060 86469 129660
84987 140580 85785 141660
85215 126660 86013 127260
85215 130020 86925 130620
85215 131940 86469 132540
85671 136260 87267 136860
85671 138180 86697 138780
85899 130980 87723 131580
85899 142020 88293 142620
86355 134820 86925 135420
86355 142980 87609 143580
86583 133860 87837 134460
86811 127140 88065 127740
87039 129060 88293 129660
87039 132900 87837 133500
87153 125220 87837 125820
87267 135780 88065 136380
87267 137220 89547 137820
87267 145380 88749 146460
87495 130020 88179 130620
87723 138180 88749 138780
87837 134820 88521 135420
87951 131940 89433 132540
88065 139620 91827 140220
88179 130980 90117 131580
88179 141060 89433 141660
88293 132900 90117 133500
88635 129060 92397 129660
88749 127140 89433 127740
88863 142020 92625 142620
88863 142980 90345 143580
88977 126180 89889 126780
89091 133860 91941 134460
89319 143940 93879 144540
89547 130020 90573 130620
89775 138180 90345 138780
90003 131940 90915 132540
90003 134820 91029 135420
90003 140580 90801 141180
90003 145380 90801 146460
90231 137220 92169 137820
90573 130980 91485 131580
90687 127140 91257 127740
90687 130020 91371 130620
90687 138660 91941 139260
90801 145380 91941 145980
90915 132420 92853 133020
91371 126660 91941 127260
91485 130020 91941 130620
91599 136260 92625 136860
91827 125700 92397 126300
91827 130980 93879 131580
91827 135300 92625 135900
91827 140580 93879 141180
91827 142980 93879 143580
91941 124740 92625 125340
92055 127140 93879 127740
92055 128100 93879 128700
92397 134340 93879 134940
92397 139620 93879 140220
92511 125700 93309 126300
92511 129540 93879 130140
92739 144900 93879 145500
158973 124740 159657 125340
158973 126660 159657 127260
158973 128580 159657 129180
158973 129540 159657 130140
158973 132900 159657 133500
158973 134820 159201 135420
158973 140580 160113 141180
159087 131940 159885 132540
159087 133860 159885 134460
159087 135780 159885 136380
159087 136740 159885 137340
159087 137700 159885 138300
159087 138660 159885 139260
159087 141540 159885 142140
159087 142980 159885 143580
159087 145860 159771 146460
159201 127620 159885 128220
159315 143940 160113 144540
159771 129060 160341 129660
159771 144900 160113 145500
159999 125700 160797 126300
159999 132420 160569 133020
159999 134820 160227 135420
160113 127140 160569 127740
160113 128100 160797 128700
160113 130500 160683 131100
160113 137220 160797 137820
160113 140100 161709 140700
160227 124740 161025 125340
160227 133380 163989 133980
160227 134340 162165 134940
160227 142980 161025 143580
160455 129540 161253 130140
160455 131460 161253 132060
160455 138660 161367 139260
160455 145380 162279 145980
160683 135780 164445 136380
160911 127140 162393 127740
161139 130500 162165 131100
161139 141540 162165 142140
161253 132420 161937 133020
161367 142980 162165 143580
161595 137220 162279 137820
161595 143940 162393 144540
161823 124740 162621 125340
161823 138660 163077 139260
161937 126180 163077 126780
161937 128100 162621 128700
162051 129060 162621 129660
162165 142500 162849 143100
162507 130500 163989 131100
162507 131940 163533 132540
162507 140580 163305 141180
162735 144420 163305 145020
162963 127140 163305 127740
162963 145860 164901 146460
163077 137220 163761 137820
163191 129060 164559 129660
163191 141540 163761 142140
163419 127620 165927 128220
163647 125220 165927 125820
163647 126180 165927 126780
163647 138660 165927 139260
163647 139620 165927 140220
163647 144900 165927 145500
163761 142020 165699 142620
163761 143460 164559 144060
163875 131940 164445 132540
164331 132900 165927 133500
164331 134340 165927 134940
164445 140580 165927 141180
164559 130500 165927 131100
164559 143940 165927 144540
164787 128580 165927 129180
164787 142980 165927 143580
165129 131460 165927 132060
230679 144420 231477 145020
230793 133380 231933 133980
230793 137220 231933 137820
230907 124740 231363 125340
230907 134340 231591 134940
230907 142020 232389 142620
231135 128100 231933 128700
231135 129060 231705 129660
231135 130020 231933 130620
231135 131940 231933 132540
231135 136260 231705 136860
231249 143460 231933 144060
231363 125700 232161 126300
231363 127140 231591 127740
231363 130980 232161 131580
231363 135300 231591 135900
231363 138660 232389 139260
231363 139620 232161 140220
231363 140580 231933 141180
231363 145380 232047 145980
231591 126660 232047 127260
231933 144420 233187 145020
232047 124740 232845 125340
232047 129060 232731 129660
232047 134820 232503 135420
232161 132420 232845 133020
232161 135780 232503 136380
232161 140100 233187 140700
232161 145860 232503 146460
232389 128100 233073 128700
232389 133380 233187 133980
232389 137220 233073 137820
232503 127140 233073 127740
232503 131460 232959 132060
232503 138180 233985 138780
232503 145380 233529 145980
232731 134340 233301 134940
232731 142500 233529 143100
232959 130020 234213 130620
232959 130980 234099 131580
233073 125700 233757 126300
233073 143460 233529 144060
233187 129060 233985 129660
233187 136740 233871 137340
233187 141540 233757 142140
233415 132420 234213 133020
233415 135780 235809 136380
233529 127140 234441 127740
233643 133380 234213 133980
233643 139140 234099 139740
233643 140100 235011 140700
233643 144420 234783 145020
233871 128100 234783 128700
233871 141540 234555 142140
233871 145380 234897 145980
233985 137220 234441 137820
233985 142500 234669 143100
234099 134340 235239 134940
234213 143460 235923 144060
234327 138180 236265 138780
234555 124740 235011 125340
234555 126180 235923 126780
234669 142020 235011 142620
234783 130980 235353 131580
234897 133380 235923 133980
234897 137220 235809 137820
235011 128100 236493 128700
235011 129060 236493 129660
235125 141540 235581 142140
235125 142500 238089 143100
235125 144420 235581 145020
235239 132420 236607 133020
235239 140100 235809 140700
235467 127140 236949 127740
235581 139140 236265 139740
235695 130020 236265 130620
235695 145380 236265 145980
235809 141060 236379 141660
235923 125220 236607 125820
236037 144420 236721 145020
236151 130980 236379 131580
236151 133380 236721 133980
236151 136740 236493 137340
236265 134820 236721 135420
236379 126180 237177 126780
236379 135780 238431 136380
236379 137700 236949 138300
236379 140100 236949 140700
236379 143460 238317 144060
236607 141060 239457 141660
236835 125220 237861 125820
236835 130980 237975 131580
236835 132900 237291 133500
236835 133860 237861 134460
236835 139140 237519 139740
236949 128580 237405 129180
236949 136740 237405 137340
236949 138180 237405 138780
237063 134820 237975 135420
237177 126660 238431 127260
237291 145860 237747 146460
237405 140100 239457 140700
237519 130020 238317 130620
237633 144900 238089 145500
237747 128100 239001 128700
237747 137700 239799 138300
237861 129060 238545 129660
237861 131940 238545 132540
237861 132900 238545 133500
237975 125220 238659 125820
238203 139140 238887 139740
238317 145860 239001 146460
238431 127140 239115 127740
238431 130980 239115 131580
238431 134820 239457 135420
238431 136260 239001 136860
238431 142500 239457 143100
238545 132900 239457 133500
238545 133860 239229 134460
238659 131940 239343 132540
238659 144900 239685 145500
238773 130020 239685 130620
239115 128580 239913 129180
239115 139140 239799 139740
239115 143460 239913 144060
239343 126180 240027 126780
239457 131940 240141 132540
239457 140580 240483 141180
239571 130980 240483 131580
239571 133860 239799 134460
239685 136740 240369 137340
239685 142020 240369 142620
239799 125220 240483 125820
240027 127140 241965 127740
240027 135780 240825 136380
240027 137700 241053 138300
240141 128100 240939 128700
240141 130020 242079 130620
240255 132900 241053 133500
240255 133860 241509 134460
240255 134820 240825 135420
240255 144420 243447 145020
240369 129060 241053 129660
240597 145380 242079 145980
240711 125700 241167 126300
240711 143460 241281 144060
240825 138660 241053 139260
240825 141540 241509 142620
240939 130980 243447 131580
240939 131940 241281 132540
240939 136740 241395 137340
240939 140580 241395 141180
241053 138180 242193 138780
241167 134820 241965 135420
241281 126180 242079 126780
241395 135780 243447 136380
241509 132900 242079 133500
241623 131940 243447 132540
241851 128100 243447 128700
241851 133860 243447 134460
241851 137220 243447 137820
241851 140580 243447 141180
241851 142500 243447 143100
242307 125700 243447 126300
242535 138180 243447 138780
243105 129540 243447 130140
308199 130500 310593 131100
308199 140580 308883 141180
308199 141540 308769 142140
308199 144900 309111 145500
308313 129540 308997 130140
308313 142500 308997 143100
308427 124740 313101 125340
308427 127140 309795 127740
308427 128100 310137 128700
308427 131940 308883 132540
308427 135300 310365 135900
308427 138660 312189 139260
308541 133860 309453 134460
308541 136740 309453 137340
308655 145860 309567 146460
308769 137700 309681 138300
308769 139620 309681 140220
308883 125700 309795 126300
308883 132900 314127 133500
308997 141060 309681 141660
308997 143460 309453 144060
309567 144900 310593 145500
309681 140100 311505 140700
309681 142020 310365 142620
309795 142980 310593 143580
309909 129540 310593 130140
310023 136260 310935 136860
310365 133860 311049 134460
310479 125700 314241 126300
310479 127140 313329 127740
310479 128100 311163 128700
310479 134820 311049 135420
310593 144420 311391 145020
310707 142500 311277 143100
310707 143460 311277 144060
310821 141060 311505 141660
310935 145860 312645 146460
311163 137700 311847 138300
311277 128580 311733 129180
311391 129540 311961 130140
311505 131460 313557 132060
311505 134340 313329 134940
311619 130500 313785 131100
311619 136740 313557 137340
311733 142500 312873 143100
311847 144420 313329 145020
312303 128100 313101 128700
312303 143460 312873 144060
312531 129060 313329 129660
312645 140580 314127 141180
312759 135300 314697 135900
312759 137700 313329 138300
313101 145860 313671 146460
313215 138660 315495 139260
313215 141540 314013 142140
313329 127620 315495 128220
313329 143940 313557 144540
313443 128580 313785 129180
313443 133860 314127 134460
313443 142500 315495 143100
313443 144900 314355 145500
313557 124740 314697 125340
313671 129540 314355 130140
314013 131460 314697 132060
314013 137220 314469 137820
314013 143460 315495 144060
314127 130500 315495 131100
314127 136260 314925 136860
314241 128580 315495 129180
314355 125700 315381 126300
314811 129540 315381 130140
314811 141060 315495 141660
315039 124740 315495 125340
315039 126660 315495 127260
315153 131460 315495 132060
380019 131940 380703 132540
380247 134820 381387 135420
380361 141060 380817 141660
380475 126660 381159 127260
380475 129540 380931 130140
380475 130500 380817 131100
380703 125220 381501 125820
380703 127620 381273 128220
380703 131940 381159 132540
380703 138180 381273 138780
380703 145860 381843 146460
380817 130980 382071 131580
380931 128580 381501 129180
380931 132900 388341 133500
380931 136260 382071 136860
380931 137220 388341 137820
380931 139140 381501 139740
380931 143460 381501 144060
381387 140580 382185 141180
381501 130020 382185 130620
381615 124740 382185 125340
381615 134820 382755 135420
381729 138660 382641 139260
381729 142500 382983 143100
381843 128100 382641 128700
381843 143460 382413 144060
382071 139620 384921 140220
382071 141540 382641 142140
382071 144420 382641 145020
382185 130020 383325 130620
382299 145860 383439 146460
382641 144900 384237 145500
382755 141060 384123 141660
382869 131940 383097 132540
382983 134340 386289 134940
382983 138660 383781 139260
382983 142500 383781 143100
382983 143460 383553 144060
383211 128100 384009 128700
383439 131940 385377 132540
383439 145860 384579 146460
383553 125700 384921 126300
383553 129060 384123 129660
383895 142020 391305 142620
384123 130020 384921 131100
384123 141060 384693 141660
384351 144900 385491 145500
384579 129060 386403 129660
384579 138180 387429 138780
384579 145860 385719 146460
384807 141060 385947 141660
385263 135780 386061 136860
385377 140100 385605 140700
385491 127140 386289 128220
385491 130980 386289 132060
385491 144420 386517 145020
386175 139620 389025 140220
386175 145380 386517 145980
386289 127620 386973 128220
386403 141060 387087 141660
386745 134820 387201 135420
386745 144420 387885 145020
386859 129060 388797 129660
387087 143460 387657 144060
387087 145380 389481 145980
387201 126180 390963 126780
387201 133860 387429 134460
387999 128100 388797 128700
387999 130980 388797 132060
388227 133860 389481 134460
388227 135300 391077 135900
388683 144420 388911 145020
388911 136260 389937 136860
389139 129060 389937 130140
389139 131940 389937 133020
389367 124740 390621 125340
389367 127140 390165 128220
389595 130500 392445 131100
389595 133380 391305 133980
389595 139620 391533 140220
389595 142980 391533 143580
389823 138660 391077 139260
389823 143940 390621 144540
390051 134340 391533 134940
390051 145380 393015 145980
390849 136740 393015 137340
390963 124740 392673 125340
390963 128100 393015 128700
391077 131460 391305 132060
391077 140580 391647 141180
391191 125700 392217 126300
391419 135780 393015 136380
391419 137700 393015 138300
391647 126660 392445 127260
391647 133380 393015 133980
391647 139140 393015 139740
391875 131460 393015 132060
391875 132420 392673 133020
391875 134340 393015 134940
392103 140100 393015 140700
392103 141060 393015 141660
392103 142020 393015 142620
392559 129540 393015 130140
457539 131940 458109 132540
457539 135780 458109 136380
457539 136740 458109 137340
458223 130980 458793 131580
458223 138660 458793 139260
458451 131940 459021 132540
458451 140580 459249 141180
458679 136740 458907 137340
458679 143460 460161 144540
459135 132900 460617 133980
459135 134820 460617 135900
459249 125220 460845 125820
459249 128100 460845 128700
459249 130020 460845 130620
459249 137700 460845 138300
459249 141540 460845 142140
459249 142500 460845 143100
459249 145380 460845 145980
459363 136740 460731 137340
459591 131940 460617 132540
459819 126660 460617 127260
460731 131940 461301 132540
460731 133860 462213 134940
460731 138660 462213 139740
461187 136740 463125 137340
461643 126180 463011 126780
461643 135780 463125 136380
462099 125220 465063 125820
462099 128100 465063 128700
462099 130020 465063 130620
462099 141540 465063 142140
462099 143940 462897 144540
462099 145380 465063 145980
462555 132420 465063 133020
462897 129060 465063 129660
462897 139620 463581 140220
462897 142500 463125 143100
462897 144420 465063 145020
463239 127140 465063 127740
463467 136260 465063 136860
463467 137220 463809 137820
463467 142500 465063 143100
463581 134820 465063 135420
463923 138180 465063 138780
464265 137220 465063 137820
529929 127140 530385 127740
530043 144420 531525 145020
530157 135300 530841 135900
530385 145380 531069 145980
530499 129540 531981 130140
530499 133860 537909 134460
530499 137220 531753 137820
530499 140100 531183 140700
530499 141060 531411 141660
530499 142980 533121 143580
530613 126660 531069 127260
530727 128580 533121 129180
530727 130980 531297 131580
530841 127620 531297 128220
530841 131940 531525 132540
530955 125700 531639 126300
531069 136260 531753 136860
531411 138660 532209 139740
531411 142020 532095 142620
531639 130500 539049 131100
531639 140100 534945 140700
531867 135300 533349 135900
531867 141060 535629 141660
532323 137220 535173 137820
533121 124740 533577 125340
533121 131460 534945 132060
533121 132900 535173 133500
533121 145860 534033 146460
533235 125700 534033 126300
533691 128100 534489 129180
533919 127140 534945 127740
534147 124740 537909 125340
534147 129540 534945 130140
534603 134820 538365 135420
534831 125700 537225 126300
534831 135780 535629 136860
535287 129540 538593 130140
535629 142020 537909 142620
535743 135780 536313 136380
535743 138660 536313 139260
535743 141060 536427 141660
535743 144420 536769 145020
535971 139620 537339 140220
536427 132900 540189 133500
536655 137700 537453 138300
536769 143460 540531 144060
537111 128100 537453 128700
537567 137220 538365 137820
537795 128100 538365 128700
538023 131460 538821 132060
538023 144900 540873 145500
538137 141060 539961 141660
538251 126660 542583 127260
538707 124260 539505 125340
538707 128100 539277 128700
538707 136740 539391 137340
538935 135780 539733 136380
539163 129060 541101 130140
539163 140100 542583 140700
539391 131460 542583 132060
539391 134820 540189 135420
539391 139140 541329 139740
539619 133860 542583 134460
539619 137220 540189 137820
540075 135780 542583 136380
540189 141060 541329 141660
540303 142020 541329 142620
540531 134820 541215 135420
540531 136740 541101 137340
540759 142980 541557 143580
540987 125220 542583 125820
540987 128100 542583 128700
540987 145860 541671 146460
541101 137700 542583 138300
541671 130500 542469 131100
541899 129540 542583 130140
541899 139140 542583 139740
542241 143940 542583 144540
607335 124740 608475 125340
607335 132900 608475 133500
607563 134820 608589 135420
607563 136260 607905 136860
607563 144420 608703 145020
607677 141540 608361 142140
607791 145380 608931 145980
607905 126660 608361 127260
607905 128580 608361 129180
607905 136740 608361 137340
608019 127620 608817 128220
608019 138660 609045 139260
608019 139620 608589 140220
608247 142980 609045 143580
608361 130980 609045 131580
608475 141060 609615 141660
608703 136260 609957 136860
608703 143940 612465 144540
608817 125220 609273 125820
608931 132900 611553 133500
608931 144900 609273 145500
609045 137700 609729 138300
609159 126660 610413 127260
609159 128580 612921 129180
609387 131460 609957 132060
609501 133860 610185 134460
609501 142500 613263 143100
609615 134820 610413 135420
609729 140100 610413 140700
609729 141540 610413 142140
610071 127620 610869 128220
610299 130020 610641 130620
610299 139140 611325 139740
610413 136260 612465 136860
610527 125220 611553 125820
610641 130500 612693 131100
610641 134340 613377 134940
610641 137220 613149 137820
610641 138180 611325 138780
610983 126660 612921 127260
611439 135300 612237 135900
611439 140100 612465 140700
611553 141540 612237 142140
611667 131460 612465 132060
611895 139140 612579 139740
612009 132420 612693 133020
612123 144900 614061 145500
612351 125700 613035 126300
612465 129540 614061 130140
612465 133380 614061 133980
613035 130980 614631 131580
613035 138180 614061 138780
613149 139620 614631 140220
613149 140580 614631 141180
613263 135300 613833 135900
613263 136260 614061 136860
613377 137220 614631 137820
613491 124740 614517 125340
613491 145860 614631 146460
613719 134340 614631 134940
613947 125700 614631 126300
614403 135300 614631 135900
679611 138180 679953 138780
679839 130980 681321 131580
679839 142500 680409 143100
679953 131940 680409 132540
679953 145380 680409 145980
680067 141540 681321 142140
680181 124740 680865 125340
680181 138180 682119 138780
680181 143460 680637 144060
680295 134340 680865 134940
680295 144420 680865 145020
680865 125220 681321 125820
680865 130020 681549 130620
680865 133860 681321 134460
680865 136740 682461 137340
680865 140100 681549 140700
680865 145860 682119 146460
680979 128100 681549 128700
680979 134820 681777 135420
680979 135780 681777 136380
680979 143460 681549 144060
681435 131940 686109 132540
681663 125220 683601 125820
681663 133860 682005 134460
681663 141060 682461 141660
681663 142500 682233 143100
681891 128100 682461 128700
682005 134340 682461 134940
682119 129060 682689 129660
682119 130980 683373 131580
682119 132900 682917 133500
682119 143460 683601 144060
682347 126660 683145 127260
682575 136740 683145 137340
682575 142500 684285 143100
682689 135300 685197 135900
682689 138660 683829 139260
682689 139620 684057 140220
683031 129060 683601 129660
683145 145380 683829 145980
683259 126180 683829 126780
683259 136740 683829 137340
683487 133380 684969 133980
683715 129540 687477 130140
683943 128580 688617 129180
684171 138180 684741 138780
684171 140100 685425 140700
684399 125220 686793 125820
684399 143940 684969 144540
684513 136740 685197 137340
684627 130500 685881 131100
684855 139140 688617 139740
685083 141060 686565 141660
685083 142500 690669 143100
685311 136260 685881 136860
685539 133380 685767 133980
685539 135300 686109 135900
685539 143460 687477 144060
685653 134340 685881 134940
685767 126660 686565 127260
685995 130980 687135 131580
686223 132420 686793 133020
686223 133380 689073 133980
686223 134340 686907 134940
686223 145380 688161 145980
686337 137700 687591 138300
686565 136740 686793 137340
686907 125700 687249 126300
686907 131940 690669 132540
687135 130980 687933 131580
687135 135780 687705 136380
687135 136740 688161 137340
687249 125220 687933 125820
687249 127140 688161 127740
687363 134820 688389 135420
687363 144420 687933 145020
687705 130020 688389 130620
687819 137700 689985 138300
688275 126180 689301 126780
688275 143460 688845 144060
688389 145380 688731 145980
688503 125220 689073 125820
688503 129540 689301 130140
688617 134340 689073 134940
688617 139620 689301 140220
688845 130500 690555 131100
688845 136740 689301 137340
688959 127620 692151 128220
689073 140580 689757 141180
689187 128580 689871 129180
689187 143460 689757 144060
689187 145380 689415 145980
689301 135780 690441 136380
689301 136740 690441 137340
689301 139140 689529 139740
689643 126660 690327 127260
689643 133860 690441 134460
689643 139620 689871 140220
689871 145860 690327 146460
690099 129540 692151 130140
690099 139140 692151 139740
690213 137700 690783 138300
690327 126660 691125 127260
690327 132900 692151 133500
690327 144900 691125 145500
690441 141540 692151 142140
690897 128580 692151 129180
691011 130500 692151 131100
757473 129060 757929 129660
757473 131940 758157 132540
757473 133380 758157 133980
757473 135300 758157 135900
757473 136740 757929 137340
757473 137700 758157 138300
757473 140100 758157 140700
757473 142500 758157 143100
757587 124740 758157 125340
757587 126180 758157 126780
757587 127140 758157 127740
757587 130020 759297 130620
757587 134340 758271 134940
757587 139140 758157 139740
757815 128100 758613 128700
757815 130980 758613 131580
758157 125700 758841 126300
758271 136740 762033 137340
758385 133860 759183 134460
758385 138660 758613 139260
758385 141540 759981 142140
758385 145380 759981 145980
758727 127140 759411 127740
758955 138660 760437 139260
759069 134820 759753 135420
759069 137700 760323 138300
759297 132420 760095 133020
759639 126660 761463 127260
759639 129060 760665 129660
759639 133860 760665 134460
759753 124740 760437 125340
759753 135780 760437 136380
759867 125700 760437 126300
759867 130020 761577 130620
759867 130980 761577 131580
759867 142500 760551 143100
759981 127620 760665 128220
760209 143460 760665 144060
760551 132420 762489 133020
760551 141540 762489 142620
760551 145380 762489 146460
760779 133380 761463 133980
760779 137700 762717 138300
760893 138660 762831 139260
761235 143460 761805 144060
761235 144420 762261 145020
761463 127620 761805 128220
761463 128580 761805 129180
761691 124740 762261 125340
761691 135300 764199 135900
761691 140100 764199 140700
761919 126660 762717 127260
761919 130020 764199 130620
762147 127620 764199 128220
762147 128580 764199 129180
762147 130980 764199 131580
762147 133860 764199 134460
762147 143460 764199 144060
762603 131940 764199 132540
762831 137220 764199 137820
762831 138180 764199 138780
762831 139140 764199 139740
762945 126660 764199 127260
763287 142020 764199 142620
763971 125700 764199 126300
828837 135780 829293 136380
829179 131940 829521 132540
829293 124740 829977 125340
829293 126180 829977 126780
829293 134820 829977 135420
829293 138660 829977 139260
829293 144420 829977 145020
829293 145860 829749 146460
829407 129540 829977 130140
829521 127140 830205 127740
829521 136740 830205 137340
829521 137700 830205 138300
829635 132420 830205 133020
830091 140580 830889 141660
830091 145380 830661 145980
830319 128100 831117 129180
830319 143460 831117 144540
830433 125220 832257 125820
830433 132900 831801 133500
830433 139620 831801 140220
830775 129540 832713 130140
830775 130980 831573 132060
831003 127140 832485 127740
831003 136740 831573 137340
831003 137700 831573 138300
831687 134820 832485 135900
831687 145380 832257 145980
832257 130500 832713 131100
832257 137220 834993 137820
832257 141540 832941 142140
832371 132900 834765 133500
832599 134820 833397 135900
832713 130020 832941 130620
833055 127140 833853 128220
833055 130500 840465 131100
833055 142500 833853 143580
833283 129540 834993 130140
833511 125220 839097 125820
833511 126180 836361 126780
833511 144420 834993 145020
834081 138180 834309 138780
834195 145380 834993 146460
834423 140580 835221 141660
834651 128100 837159 128700
834879 138180 836817 138780
835335 132900 837273 133500
835335 139620 836133 140700
835449 135780 836817 136380
835563 127140 835905 127740
835563 143460 836133 144060
835563 144900 839325 145500
835905 133860 839667 134460
836247 129060 840009 129660
836247 136740 837729 137340
836589 143460 837729 144060
836703 145860 837045 146460
836817 127140 837501 127740
836931 134820 839781 135420
836931 137700 837501 138300
837159 138660 839097 139260
837159 142020 838983 142620
837387 131460 841719 132060
837387 132420 840237 133020
837387 145860 838185 146460
837501 126180 838413 126780
837729 143460 838869 144060
838071 127140 838869 127740
838185 128100 838869 128700
838299 140100 838869 140700
838527 137700 839781 138300
838983 128100 839667 128700
838983 136260 839781 136860
838983 140100 839553 140700
838983 141540 840009 142140
839211 142500 840237 143100
839325 126180 840351 126780
839439 139140 840579 139740
839439 144420 841719 145020
839667 127140 841719 127740
839667 143460 841719 144060
840123 134820 841719 135420
840123 137220 840693 137820
840237 145380 841719 145980
840351 140100 841719 140700
840579 125700 841719 126300
840579 141060 841719 141660
840807 139140 841719 139740
841035 130500 841719 131100
906243 142980 906813 143580
906699 126180 909777 126780
906699 130020 907383 130620
906699 137700 908637 138300
906699 145380 909093 145980
906813 144420 907497 145020
906927 125220 909777 125820
906927 127140 907725 127740
906927 132420 907725 133020
906927 133380 907953 133980
906927 139140 907725 139740
907155 136260 907725 136860
907155 140580 908295 141180
907611 130020 908181 130620
907953 128100 909321 128700
907953 130980 909321 131580
907953 133860 908865 134460
907953 134820 909549 135420
907953 136740 909321 137340
907953 141540 909321 142140
908523 132420 910005 133020
908523 139140 909093 139740
908751 135780 909549 136380
908751 140580 909777 141180
908865 129540 909549 130140
909207 133860 912399 134460
909207 139620 910005 140220
909207 142500 910233 143580
909663 145380 911601 145980
909777 126660 910005 127260
909891 128100 912399 128700
909891 130980 912399 131580
909891 136740 911829 137820
910119 134820 912057 135420
910347 140580 911601 141180
910347 143940 911715 144540
910575 125220 911829 125820
910575 126660 912513 127260
910575 132420 911829 133020
910575 138180 912057 138780
910575 141540 913767 142140
910689 135780 911373 136380
910803 129540 911487 130140
910803 139620 911601 140220
911601 129060 912399 129660
911715 140100 912741 140700
911715 143460 913767 144060
911943 142500 913767 143100
912171 130020 913767 130620
912171 132420 913767 133020
912171 145380 913767 145980
912285 138660 913767 139260
912627 125700 913425 126300
912627 128580 913653 129180
912627 131460 913653 132060
912627 133380 913653 133980
912627 137220 913767 137820
912855 124740 913767 125340
912855 127620 913767 128220
912855 135300 913767 135900
913083 126660 913767 127260
913539 140100 913767 140700
978291 129060 979431 129660
978291 130020 979431 130620
978405 125700 978861 126300
978405 140580 979545 141180
978747 124740 979887 125340
978747 144420 979203 145020
978861 126660 979317 127260
978975 132420 980457 133020
978975 135300 981141 135900
979089 141540 979545 142140
979203 127620 979773 128220
979203 133380 980229 133980
979203 134340 980229 134940
979203 136260 982965 136860
979203 139140 981141 139740
979203 142500 980001 143100
979203 143460 980685 144060
979317 125700 980001 126300
979317 131460 979773 132060
979431 144420 980001 145020
979431 145380 980457 145980
979887 129540 980115 130140
979887 140100 982737 140700
980115 125220 981255 125820
980115 127140 981255 127740
980115 137700 980913 138300
980457 141540 981141 142140
980571 132420 981255 133020
980571 142500 981141 143100
980685 131460 981369 132060
980799 128580 988209 129180
980799 134340 981597 134940
980913 144420 981369 145020
981027 130020 981825 131100
981141 133380 982281 133980
981255 125220 982395 125820
981597 142500 982737 143100
981711 134820 985473 135420
981825 126660 983421 127260
981825 143940 983421 144540
982395 132900 983649 133500
982509 125700 983649 126300
983307 130980 984789 132060
983307 137700 984789 138780
983307 139620 984789 140700
983307 145380 984789 146460
983421 136740 983649 137340
983649 125220 984789 125820
983991 127140 985929 128220
983991 132900 986841 133500
983991 136740 989577 137340
983991 142500 984789 143100
984105 141540 984789 142140
984789 125220 985473 125820
984903 130020 985701 131100
985359 139140 987525 139740
985473 131940 989235 132540
985473 135300 987525 135900
985473 142980 987525 143580
985473 144900 991059 145500
986043 142020 987753 142620
986157 125700 987753 126300
986499 138180 987753 138780
986499 141060 990261 141660
987183 127620 990945 128220
987411 124260 988893 125340
987639 133860 988893 134460
987867 130020 989349 131100
988551 140100 990489 140700
988779 142980 991287 143580
989007 135780 991287 136380
989007 138180 991287 138780
989121 129060 989577 129660
989349 131460 991287 132060
989463 133860 991287 134460
989577 124740 990033 125340
989691 143940 990375 144540
989805 126180 991287 126780
990831 128580 991287 129180
990831 129540 991287 130140
990831 139140 991287 139740
990945 137220 991287 137820
1056609 138180 1057293 138780
1056723 130500 1057293 131100
1056951 142500 1057749 143580
1057179 128100 1057749 128700
1057407 133860 1058889 134940
1057407 138660 1058889 139740
1057521 125220 1059345 125820
1057521 126180 1059345 126780
1057521 127140 1059345 127740
1057521 130020 1059345 130620
1057521 135300 1059345 135900
1057521 136740 1059345 137340
1057635 130980 1059117 132060
1057635 145380 1058433 146460
1058319 140100 1062081 140700
1059003 133380 1063335 133980
1059003 138180 1059573 138780
1059231 143460 1060029 144540
1059915 125220 1061853 126300
1059915 134820 1061853 135900
1059915 136740 1061853 137820
1060371 141540 1060941 142140
1060599 126660 1062537 127260
1060599 143940 1062537 144540
1060827 129060 1063335 129660
1060827 130020 1061397 130620
1060827 138180 1063335 138780
1060827 145380 1061397 145980
1061169 131940 1063335 132540
1061283 141540 1063335 142140
1061283 142980 1063335 143580
1061739 127620 1063335 128220
1061739 130980 1063335 131580
1061967 145860 1063335 146460
1062423 134340 1063335 134940
1062879 143940 1063335 144540
1127859 144420 1128315 145020
1128315 126180 1128885 126780
1128315 129060 1128771 129660
1128315 139620 1128543 140220
1128429 130020 1129569 130620
1128429 142500 1129683 143100
1128543 127140 1129341 127740
1128543 128100 1129113 128700
1128543 131460 1129227 132060
1128543 137220 1129341 137820
1128543 138180 1129227 138780
1128543 140580 1129341 141180
1128543 145380 1129113 145980
1128657 132900 1129569 133500
1128771 134340 1129569 134940
1128885 124740 1129227 125340
1128885 125700 1129227 126300
1128885 139140 1129227 139740
1128885 141540 1130025 142140
1129113 128580 1130253 129180
1129113 135300 1130253 135900
1129113 136260 1130253 136860
1129227 131940 1130367 132540
1129341 138660 1130481 139260
1129341 140580 1130025 141180
1129455 139620 1130595 140220
1129569 130020 1130709 130620
1129569 134340 1130253 134940
1129569 137220 1130253 137820
1129683 144420 1130709 145020
1129683 145380 1130367 145980
1129797 126180 1130937 126780
1130139 124740 1131621 125340
1130139 132900 1130481 133500
1130139 141060 1131621 141660
1130139 142020 1131621 142620
1130139 142980 1131621 143580
1130253 133860 1130481 134460
1130367 129060 1131507 129660
1130367 131940 1131507 132540
1130709 127140 1133331 127740
1130823 128100 1132305 128700
1130823 134820 1131849 135420
1130937 137700 1132077 138300
1131051 130020 1132191 130620
1131051 136740 1131849 137340
1131051 139620 1132191 140220
1131279 138660 1131735 139260
1131279 145380 1132077 145980
1131393 132900 1132077 133500
1131393 133860 1131621 134460
1131507 135780 1132989 136380
1131507 143940 1132077 144540
1131621 131940 1132533 132540
1131735 126180 1132533 126780
1131735 141540 1132761 142140
1131963 125220 1132191 125820
1131963 130980 1132647 131580
1131963 133860 1132647 134460
1131963 134820 1132761 135420
1131963 142500 1133901 143100
1132077 132900 1132761 133500
1132077 136740 1134015 137340
1132191 124740 1135953 125340
1132191 130020 1132989 130620
1132419 129060 1132989 129660
1132533 138180 1133217 138780
1132533 139140 1134129 139740
1132533 140580 1133217 141180
1132647 143460 1133787 144060
1132647 144420 1133787 145020
1132989 134340 1133673 134940
1133103 130980 1134129 131580
1133217 135780 1133673 136380
1133331 127620 1133901 128220
1133331 130020 1134015 130620
1133445 141060 1134129 141660
1133445 145380 1134129 145980
1133559 129060 1134357 129660
1133559 131940 1134357 132540
1133559 138180 1134699 138780
1133673 132900 1134015 133500
1133673 134820 1134015 135420
1133787 126180 1134813 126780
1133787 143940 1134927 144540
1133901 142020 1134927 142620
1134015 140100 1135155 140700
1134129 134340 1134699 134940
1134129 139140 1135269 139740
1134243 136260 1135269 136860
1134243 142980 1135269 143580
1134471 130020 1135041 130620
1134471 132900 1135611 133500
1134471 135300 1134699 135900
1134471 137220 1135269 137820
1134471 141060 1135611 141660
1134471 144900 1135611 145500
1134585 130980 1136523 131580
1134813 127140 1135839 127740
1134927 143940 1135725 144540
1135155 142020 1136295 142620
1135497 130020 1135839 130620
1135497 133860 1136181 134460
1135497 139620 1135839 140220
1135611 132420 1136637 133020
1135611 134820 1136295 135420
1135611 135780 1135839 136380
1135611 138180 1135839 138780
1135725 129060 1136637 129660
1135839 128100 1136409 128700
1135839 141060 1136979 141660
1135839 144900 1136409 145500
1136181 136740 1137321 137340
1136181 137700 1137321 138300
1136181 139140 1136865 139740
1136181 140100 1136865 140700
1136295 124740 1137435 125340
1136295 127140 1139145 127740
1136295 142980 1137435 143580
1136523 130500 1139031 131100
1136523 143940 1137093 144540
1136523 145380 1137321 145980
1136751 133860 1137891 134460
1136751 142020 1136979 142620
1136979 131460 1138005 132060
1136979 132420 1138119 133020
1137093 144420 1138005 145020
1137207 135300 1138005 135900
1137321 137700 1138005 138300
1137321 140580 1138005 141180
1137435 126180 1138005 126780
1137435 141540 1138005 142140
1137435 142500 1138575 143100
1137435 145860 1139373 146460
1137663 125220 1138461 125820
1137777 129540 1138461 130140
1137777 138660 1138347 139260
1137777 139620 1138461 140220
1138005 141060 1138689 141660
1138119 128100 1139373 128700
1138119 136260 1138917 136860
1138233 133860 1139373 134460
1138575 129060 1138803 129660
1138575 132420 1138803 133020
1138575 138180 1139373 138780
1138575 143460 1138803 144060
1138803 125220 1139487 125820
1138803 126180 1139373 126780
1138803 129540 1139031 130140
1138803 135300 1139601 135900
1138803 140580 1139373 141180
1138803 142020 1139259 142620
1139031 130980 1139601 131580
1139031 136740 1140057 137340
1139031 144420 1139601 145020
1139259 130020 1140399 130620
1139259 132420 1139487 133020
1139259 139140 1139487 139740
1139373 126180 1140513 126780
1139373 133380 1140513 133980
1139373 138180 1140513 138780
1139487 127140 1140855 127740
1139487 142500 1140285 143100
1139487 143460 1140285 144060
1139487 145380 1140171 145980
1139601 135780 1140855 136380
1139715 129060 1140855 129660
1139715 131460 1140855 132060
1139943 140580 1140513 141180
1139943 141540 1140855 142140
1140171 128100 1140855 128700
1140399 125220 1140855 125820
1140399 130500 1140855 131100
1140399 134340 1140855 134940
1140399 137220 1140855 137820
1140399 139140 1140855 139740
1205835 132900 1206405 133500
1205835 135780 1207317 136380
1205835 140100 1206405 140700
1206063 124740 1206405 125340
1206063 134820 1206633 135420
1206063 138660 1206747 139740
1206063 142020 1206747 142620
1206063 144420 1206633 145020
1206291 125700 1210053 126300
1206291 129060 1208685 129660
1206291 130500 1206861 131100
1206291 131460 1206861 132060
1206291 137700 1206861 138300
1206291 141060 1211877 141660
1206519 133860 1207089 134460
1206861 139140 1207545 139740
1206975 137700 1208457 138300
1206975 144420 1210737 145020
1207089 133380 1208001 133980
1207089 134340 1207545 134940
1207203 131460 1207887 132060
1207203 142020 1208685 142620
1207431 124740 1208685 125340
1207431 140100 1209369 140700
1207431 142980 1209255 143580
1207545 138660 1208001 139260
1207659 127620 1208229 128220
1207659 136740 1208229 137340
1207659 145380 1208913 146460
1207887 131460 1208457 132060
1207887 135780 1208571 136380
1208115 130020 1209369 131100
1208115 133860 1208685 134460
1208457 136740 1209141 137340
1208571 127140 1209825 128220
1208571 134820 1209825 135900
1209027 137700 1209711 138300
1209711 129060 1212903 129660
1209711 131460 1212903 132060
1209711 133380 1212903 133980
1209711 138660 1210737 139260
1209711 142020 1212903 142620
1209939 135780 1211193 136860
1209939 145380 1211193 146460
1210737 125220 1212903 125820
1210737 128100 1212903 128700
1210737 130500 1212903 131100
1210965 143940 1211649 144540
1211079 126180 1212903 126780
1211079 134340 1211877 134940
1211079 139620 1212903 140220
1211079 142980 1212903 143580
1211307 127140 1212903 127740
1211763 138180 1212903 138780
1211991 143940 1212903 144540
1211991 145860 1212903 146460
1212561 144900 1212903 145500
1212675 137220 1212903 137820
1277427 145860 1278225 146460
1277541 126180 1278225 126780
1277541 130500 1278681 131100
1277541 144900 1278681 145500
1277769 143940 1278453 144540
1277883 128100 1278567 128700
1277883 129060 1278225 129660
1277883 131460 1278681 132060
1277883 134340 1278681 134940
1277883 136260 1278567 136860
1277883 138180 1278681 138780
1278111 125220 1278909 125820
1278111 127140 1278909 127740
1278111 137220 1278795 137820
1278111 140580 1278795 141660
1278225 145860 1279365 146460
1278339 129540 1279137 130140
1278339 132420 1279137 133020
1278339 135300 1279137 135900
1278339 142980 1278909 143580
1278567 128100 1279365 128700
1278567 133380 1279365 133980
1278681 144900 1279365 145500
1279023 143460 1280049 144060
1279137 129060 1280961 129660
1279137 134820 1280961 135420
1279137 136740 1279479 137340
1279137 137700 1279479 138300
1279137 142500 1280733 143100
1279251 130500 1280277 131100
1279251 131460 1279593 132060
1279365 126180 1280505 126780
1279365 127140 1280505 127740
1279365 140580 1280049 141180
1279365 144420 1280505 145020
1279479 138660 1280619 139260
1279479 139620 1280049 140220
1279479 145860 1280277 146460
1279593 137220 1280391 137820
1279707 125220 1280505 125820
1279707 132420 1280505 133020
1279707 133380 1280505 133980
1279935 141540 1280505 142140
1280049 131460 1280277 132060
1280049 139620 1280733 140220
1280163 128100 1280961 128700
1280163 136260 1280733 136860
1280505 125700 1282101 126300
1280505 141060 1282101 141660
1280619 126660 1282101 127260
1280619 130500 1282101 131100
1280619 131460 1282101 132060
1280619 145380 1281759 145980
1280733 136740 1281759 137340
1280847 135780 1281873 136380
1280961 132900 1281417 133500
1281189 137700 1281645 138300
1281303 129060 1283241 129660
1281645 128100 1282101 128700
1281645 138660 1282101 139260
1281759 136740 1282329 137340
1281759 139620 1282329 140220
1281759 144420 1282329 145020
1281987 124740 1283013 125340
1281987 133380 1282557 133980
1281987 134340 1282557 134940
1281987 135300 1283013 135900
1281987 142980 1282785 143580
1282215 142020 1282785 142620
1282215 145380 1282785 145980
1282443 125700 1283241 126300
1282443 131460 1283013 132060
1282443 132420 1283469 133020
1282443 137700 1283013 138300
1282443 138660 1283697 139740
1282671 128100 1283469 128700
1282785 133860 1283013 134460
1282899 126660 1283697 127260
1282899 130020 1283583 131100
1282899 136740 1284381 137340
1283355 124740 1288941 125340
1283355 129060 1283925 129660
1283355 137700 1283583 138300
1283469 127620 1285065 128220
1283583 131460 1284381 132060
1283811 140100 1287573 140700
1283811 142020 1284381 142620
1283811 142980 1289397 143580
1284039 129540 1285065 130140
1284039 132420 1286547 133020
1284039 135300 1285065 135900
1284153 126660 1284609 127260
1284153 138180 1284837 138780
1284267 130500 1285065 131100
1284495 128580 1285293 129180
1284495 144420 1285749 145500
1284723 136740 1288485 137340
1284837 126180 1285521 126780
1284951 131460 1285521 132060
1285179 129540 1285863 130140
1285179 133860 1286433 134940
1285293 130500 1285749 131100
1285293 138180 1285749 138780
1285407 139140 1286661 139740
1285635 127620 1287117 128220
1286091 131460 1287801 132060
1286205 130500 1286661 131100
1286205 138180 1286775 138780
1286319 128580 1287345 129180
1286433 126180 1287117 126780
1286433 129540 1287117 130140
1286433 141540 1287117 142620
1286433 144420 1287117 145500
1286775 132900 1287573 133500
1286775 134820 1288029 135900
1287003 133860 1287801 134460
1287117 130020 1288029 130620
1287231 141060 1287915 141660
1287345 126180 1288257 127260
1287573 145380 1288257 146460
1287801 137700 1288485 138300
1288143 132420 1290423 133020
1288143 133860 1288941 134460
1288143 138660 1288827 139740
1288257 126180 1288941 126780
1288257 128100 1288941 129180
1288257 129540 1288941 130140
1288257 134820 1288941 135900
1288371 130500 1289055 131100
1288371 131460 1290423 132060
1288599 127140 1289625 127740
1288827 136260 1290423 136860
1288827 140100 1289853 140700
1288827 143940 1290423 144540
1288941 145380 1289625 146460
1289055 126180 1289625 126780
1289055 128100 1289625 128700
1289055 133860 1289625 134460
1289055 137700 1289853 138300
1289055 141060 1289853 141660
1289283 129060 1290423 129660
1289511 125220 1289967 125820
1289511 130500 1290423 131100
1289625 134340 1290081 134940
1289625 138660 1290423 139740
1289739 127620 1290309 128220
1289739 133380 1290423 133980
1355289 139140 1355973 139740
1355973 141540 1356657 142620
1356087 124260 1357341 125340
1356087 127140 1357341 128220
1356087 130020 1357341 131100
1356087 131940 1357341 133020
1356087 133860 1357341 134940
1356087 138180 1357113 138780
1356087 139620 1357113 140220
1356087 140580 1357113 141180
1356087 142980 1357113 143580
1356087 143940 1357113 144540
1356087 144900 1358481 145500
1356087 145860 1357113 146460
1356315 136740 1357569 137820
1356999 141540 1358253 142620
1357227 135300 1358481 135900
1357227 140580 1358253 141180
1357341 138660 1364751 139260
1357911 139620 1358709 140220
1358139 142980 1359165 143580
1358367 124260 1359621 125340
1358367 127140 1359621 128220
1358367 130020 1359621 131100
1358367 131940 1359621 133020
1358367 133860 1359621 134940
1358481 125700 1360077 126300
1358823 141540 1360077 142620
1359051 144900 1359849 145500
1359279 136740 1359621 137340
1359507 135300 1363269 135900
1359507 139620 1362129 140220
1359507 143460 1360761 144540
1359507 145860 1360305 146460
1360077 126180 1360989 126780
1360077 133380 1360533 133980
1360191 128580 1362357 129180
1360419 130980 1361217 132060
1360419 144900 1362129 145500
1360647 127620 1360989 128220
1360647 130020 1362129 130620
1360647 132420 1360989 133020
1360647 137220 1362585 137820
1360761 145860 1361217 146460
1360875 141540 1362129 142620
1361103 125220 1361559 125820
1361103 133860 1361673 134460
1361445 131460 1363953 132060
1361559 143940 1362129 144540
1361787 124740 1362129 125340
1361787 140580 1362129 141180
1362015 126660 1362357 127260
1362015 132420 1363953 133020
1362129 129540 1363269 130140
1362129 141060 1365093 141660
1362243 127620 1363041 128220
1362243 140100 1363725 140700
1362471 125700 1363269 126300
1362471 143460 1364295 144060
1362471 144900 1363269 145500
1362699 124740 1363725 125340
1362699 133860 1363269 134460
1362699 136740 1364409 137340
1362927 126660 1363269 127260
1362927 128580 1364409 129180
1363383 130500 1364181 131100
1363839 125700 1364637 126300
1363839 126660 1364751 127260
1363839 127620 1364637 128220
1363839 129540 1364409 130140
1363839 135300 1364181 135900
1364067 133380 1364637 133980
1364181 140100 1368513 140700
1364295 124740 1368057 125340
1364295 134340 1364751 134940
1364295 144900 1368057 145500
1364409 137700 1365549 138300
1364523 131460 1364865 132060
1364523 143460 1364979 144060
1364751 127620 1365549 128220
1364751 133860 1365549 134460
1364751 135300 1365777 135900
1364751 138660 1366461 139260
1364865 126660 1365549 127260
1364979 129540 1365549 130140
1364979 136740 1368057 137340
1364979 142020 1365549 142620
1365435 128580 1366005 129180
1365435 130500 1366917 131100
1365435 131460 1366347 132060
1365435 143460 1366461 144060
1365663 126180 1366461 126780
1365663 132420 1367145 133020
1365663 137700 1366119 138300
1365891 141540 1366917 142140
1366119 127620 1366917 128220
1366119 129540 1366917 130140
1366119 133860 1366917 134460
1366575 128580 1367829 129180
1366575 137700 1366803 138300
1366803 135780 1367259 136380
1366803 143460 1367487 144060
1366803 145860 1367829 146460
1366917 130500 1367829 131100
1367031 126180 1370793 126780
1367031 127620 1367829 128220
1367031 129540 1367829 130140
1367031 131460 1367943 132060
1367031 138660 1367829 139260
1367145 132420 1367829 133020
1367259 134820 1367829 135420
1367715 135780 1372275 136380
1367715 137700 1368969 138300
1367715 142020 1368513 142620
1367829 133380 1368969 133980
1367829 143460 1368513 144060
1367943 134340 1368399 134940
1367943 139140 1370679 139740
1368285 132420 1368969 133020
1368285 136740 1369197 137340
1368399 144420 1369197 145500
1368627 125220 1369425 125820
1368627 130500 1369425 131100
1368627 141060 1369311 141660
1368627 142020 1369083 142620
1368855 131460 1370565 132060
1368855 134820 1370565 135420
1369083 127620 1370337 128220
1369083 129540 1370337 130140
1369083 133860 1369881 134460
1369083 140100 1370337 140700
1369311 142020 1369995 142620
1369425 143940 1370337 144540
1369539 124740 1370337 125340
1369539 130500 1370337 131100
1369539 142980 1370451 143580
1369995 132900 1370565 133500
1370109 145380 1372959 145980
1370223 128580 1370679 129180
1370223 137220 1375809 137820
1370223 141540 1372161 142140
1370451 125220 1371249 125820
1370565 143940 1371249 144540
1370907 129540 1374669 130140
1370907 134340 1371477 134940
1370907 142980 1371591 143580
1371021 126180 1371249 126780
1371135 132900 1373073 133980
1371135 138180 1372275 138780
1371135 139140 1373985 139740
1371363 127140 1372161 127740
1371363 128580 1371705 129180
1371363 130980 1371933 131580
1371363 143940 1372047 144540
1371591 142980 1372047 143580
1371819 125220 1372617 125820
1371819 126180 1372617 126780
1372047 143460 1374555 144060
1372161 142020 1372731 142620
1372275 128100 1374555 128700
1372503 130500 1376265 131100
1372503 134340 1373301 134940
1372503 135780 1374555 136380
1372503 138180 1376265 138780
1372503 141060 1373301 141660
1373073 142500 1374555 143100
1373187 140100 1373871 140700
1373415 145860 1373871 146460
1373529 133380 1376037 133980
1373529 134340 1374441 134940
1373529 141060 1375467 141660
1373871 125700 1375353 126300
1373871 144900 1374441 145500
1374213 139140 1376607 139740
1374327 145860 1375239 146460
1374441 127140 1375353 127740
1374441 131940 1375125 132540
1374441 134820 1375467 135420
1374783 142980 1376379 143580
1375011 144900 1376151 145500
1375125 128100 1376037 128700
1375125 135780 1375809 136380
1375239 129060 1376493 130140
1375239 132420 1376037 133020
1375581 140580 1376265 141180
1375695 141540 1375923 142140
1375695 145860 1376721 146460
1375923 125220 1376493 125820
1375923 127140 1377177 127740
1375923 134820 1377633 135420
1375923 136740 1376151 137340
1375923 143940 1376607 144540
1376265 138180 1376949 138780
1376379 128100 1376949 128700
1376379 130980 1381623 131580
1376379 141540 1378089 142140
1376493 136260 1377177 136860
1376493 140100 1377177 140700
1376493 144900 1376949 145500
1376607 129060 1377063 129660
1376607 130020 1377063 130620
1376607 137220 1377405 137820
1376721 133380 1377405 133980
1376721 143940 1377405 144540
1376835 142980 1377519 143580
1376949 131940 1377405 132540
1377063 125220 1378317 125820
1377063 126180 1378317 126780
1377063 128580 1378203 129180
1377063 139140 1380825 139740
1377177 129540 1377633 130140
1377291 144900 1378317 145500
1377405 133860 1377861 134460
1377405 145860 1378089 146460
1377519 135780 1378089 136380
1377519 136740 1378203 137340
1377633 142500 1378545 143100
1377633 143460 1379115 144060
1377975 127140 1381395 127740
1377975 133380 1378773 133980
1377975 140580 1378659 141180
1378203 129540 1378773 130140
1378431 134340 1382193 134940
1378431 136740 1379115 137340
1378431 137700 1380369 138300
1378545 141540 1379229 142140
1378659 126180 1380141 126780
1378887 132420 1379343 133020
1378887 144900 1380825 145500
1379001 135780 1380027 136380
1379001 142500 1380141 143100
1379115 128580 1379913 129180
1379115 140580 1380825 141180
1379343 125220 1380255 125820
1379343 129540 1380597 130140
1379343 132900 1380027 133500
1379343 143460 1380027 144060
1379799 136740 1381281 137340
1379799 141540 1381053 142140
1379913 131940 1380597 132540
1380255 125700 1384017 126300
1380483 132900 1381623 133500
1380483 135780 1380939 136380
1380483 143460 1381965 144060
1380711 142500 1381281 143100
1380825 145380 1382649 145980
1380939 128580 1381509 129180
1380939 137700 1382193 138300
1381053 135780 1381509 136380
1381395 129540 1385955 130140
1381509 128100 1381965 128700
1381509 136740 1382193 137340
1381623 131940 1382649 132540
1381851 127140 1382877 127740
1382079 130980 1383561 131580
1382079 132900 1383105 133500
1382079 135780 1383333 136380
1382079 138660 1383561 139260
1382079 139620 1382877 140220
1382079 140580 1383561 141180
1382079 141540 1383561 142140
1382193 133860 1382877 134460
1382307 128100 1383333 128700
1382763 134820 1383789 135420
1382877 136740 1383561 137340
1382991 131940 1383561 132540
1382991 143460 1383561 144060
1383219 145380 1390629 145980
1383333 139620 1383789 140220
1383333 144420 1388919 145020
1383447 132900 1387209 133500
1383447 137700 1385385 138300
1383447 142500 1387779 143100
1383675 127140 1384701 127740
1383675 128100 1384473 128700
1383675 133860 1391085 134460
1383789 140100 1384473 140700
1384017 125220 1384701 125820
1384017 130980 1385613 131580
1384017 131940 1386069 132540
1384017 135780 1387095 136380
1384131 134820 1391541 135420
1384359 126180 1385157 126780
1384359 143460 1389945 144060
1384701 139140 1385385 139740
1384701 141060 1385385 141660
1384815 128100 1385727 128700
1385271 127140 1386981 127740
1385271 140100 1386411 140700
1385385 137220 1385955 137820
1385499 125220 1386297 125820
1385727 138180 1387665 138780
1385841 139140 1386411 139740
1385955 141060 1386867 141660
1386183 130500 1386867 131100
1386183 137220 1388121 137820
1386411 128580 1388349 129180
1386411 129540 1389147 130140
1386639 125700 1387665 126300
1386867 139140 1390629 139740
1386981 140100 1387665 140700
1387095 141540 1387437 142140
1387551 127140 1388235 127740
1387551 130980 1388235 131580
1387779 126180 1388691 126780
1387893 140580 1388349 141180
1388007 132420 1388463 133020
1388121 141540 1388463 142140
1388235 127620 1389945 128220
1388235 131460 1388919 132060
1388235 136740 1388919 137340
1388235 142500 1389603 143100
1388463 125220 1389831 125820
1388463 137700 1388919 138300
1388577 132420 1389261 133020
1388691 126660 1389945 127260
1388691 130500 1389147 131100
1388691 135780 1390287 136380
1388805 140580 1389603 141180
1389147 138180 1390173 138780
1389375 129540 1390515 130140
1389489 130500 1390173 131100
1389489 131940 1390173 132540
1389489 136740 1390173 137340
1389603 128580 1390287 129180
1389603 141540 1390287 142140
1389603 144420 1390173 145020
1389831 132900 1390287 133500
1390059 140580 1392567 141180
1390173 126660 1391313 127260
1390287 125220 1392909 125820
1390287 137700 1392681 138300
1390287 142020 1391199 142620
1390287 143460 1394049 144060
1390401 136260 1390857 136860
1390629 127620 1391085 128220
1390743 129540 1391427 130140
1390743 130500 1391199 131100
1390743 131460 1391883 132060
1390743 138660 1391427 139740
1390743 145860 1391427 146460
1391199 128580 1391769 129180
1391427 144900 1392909 145500
1391541 127620 1392111 128220
1391655 126660 1392225 127260
1391655 130500 1392453 131100
1391655 135300 1391997 135900
1391769 129540 1392453 130140
1391769 134340 1392453 134940
1391769 141540 1392453 142620
1391883 139140 1392339 139740
1391997 132900 1392567 133500
1392111 128580 1392909 129180
1392339 131460 1393593 132060
1392339 136260 1392681 136860
1392453 133860 1393137 134460
1392567 127620 1392909 128220
1392681 126660 1394961 127260
1392681 141540 1393365 142620
1392795 134820 1393479 135420
1393023 132900 1393821 133500
1393023 139620 1394277 140220
1393251 137700 1393935 138300
1393251 140580 1394049 141180
1393365 125220 1397127 125820
1393365 129060 1394049 129660
1393365 144900 1394961 145500
1393365 145860 1394961 146460
1393479 127620 1394961 128220
1393479 130500 1394961 131100
1393479 134340 1394961 134940
1394505 140580 1395417 141180
1394619 131940 1395303 132540
1394619 136740 1397469 137340
1394733 132900 1395417 133500
1394847 128580 1395531 129180
1394847 129540 1395645 130140
1394847 135300 1399407 135900
1394847 138180 1395417 138780
1394847 139620 1395531 140220
1394847 142020 1395645 142620
1394847 142980 1396785 143580
1394847 143940 1395759 144540
1395303 127620 1399065 128220
1395303 144900 1399065 145500
1395417 130500 1399179 131100
1395531 131940 1396215 132540
1395531 140580 1396443 141180
1395873 137700 1396557 138780
1395987 139620 1397241 140220
1396101 132900 1399407 133500
1396215 143940 1397241 144540
1396671 141060 1397355 141660
1396899 142980 1397355 143580
1397127 137700 1397811 138780
1397469 142020 1399407 142620
1397469 143460 1398039 144060
1397583 129060 1399407 129660
1397583 133860 1399407 134460
1397583 139620 1397811 140220
1397811 136740 1399407 137340
1397811 137700 1398495 138300
1398039 140580 1398837 141180
1398267 139620 1399407 140220
1398495 125700 1399407 126300
1398495 143460 1399407 144060
1398723 145860 1399407 146460
