513 146820 44403 147420
513 147780 15219 148380
513 148740 44403 149340
513 149700 44403 150300
513 150660 15219 151260
513 151620 44403 152220
513 152580 44403 153180
513 153540 44403 154140
513 154500 44403 155100
513 155460 15219 156060
513 156420 44403 157020
513 157380 44403 157980
513 158340 44403 158940
513 159300 44403 159900
513 160260 15219 160860
16131 147780 17157 148380
22401 150660 29811 151260
22401 155460 29811 156060
22401 160260 29811 160860
46227 147780 53637 148380
51585 146820 55347 147420
51585 148740 55347 149340
51585 149700 55347 150300
51585 150660 55347 151260
51585 151620 55347 152220
51585 152580 55347 153180
51585 153540 55347 154140
51585 154500 55347 155100
51585 155460 55347 156060
51585 156420 55347 157020
51585 157380 55347 157980
51585 158340 55347 158940
51585 159300 55347 159900
51585 160260 55347 160860
55347 147780 56373 148380
56145 146820 57855 147420
56145 148740 57855 149340
56145 149700 57855 150300
56145 150660 56487 151260
56145 151620 57855 152220
56145 152580 57855 153180
56145 153540 57855 154140
56145 154500 57855 155100
56145 155460 56487 156060
56145 156420 57855 157020
56145 157380 57855 157980
56145 158340 57855 158940
56145 159300 57855 159900
56145 160260 56487 160860
56373 147780 57855 148380
63897 146340 85899 146940
63897 150180 85899 150780
63897 151140 85899 151740
63897 154980 85899 155580
63897 155940 85899 156540
63897 159780 85899 160380
93081 146340 95475 146940
93081 147300 95475 147900
93081 148260 95475 148860
93081 149220 95475 149820
93081 150180 95475 150780
93081 151140 95475 151740
93081 152100 95475 152700
93081 153060 95475 153660
93081 154020 95475 154620
93081 154980 95475 155580
93081 155940 95475 156540
93081 156900 95475 157500
93081 157860 95475 158460
93081 158820 95475 159420
93081 159780 95475 160380
116109 150660 123519 151260
116109 155460 123519 156060
116109 160260 123519 160860
124545 150180 146547 150780
124545 154980 146547 155580
124545 159780 146547 160380
130701 146820 133095 147420
130701 147780 133095 148380
130701 148740 133095 149340
130701 151620 133095 152220
130701 152580 133095 153180
130701 153540 133095 154140
130701 156420 133095 157020
130701 157380 133095 157980
130701 158340 133095 158940
139137 146340 146547 146940
139137 151140 146547 151740
139137 155940 146547 156540
147573 150660 154983 151260
147573 155460 154983 156060
147573 160260 154983 160860
168321 146340 170715 146940
168321 147300 170715 147900
168321 148260 170715 148860
168321 149220 170715 149820
168321 150180 170715 150780
168321 151140 170715 151740
168321 152100 170715 152700
168321 153060 170715 153660
168321 154020 170715 154620
168321 154980 170715 155580
168321 155940 170715 156540
168321 156900 170715 157500
168321 157860 170715 158460
168321 158820 170715 159420
168321 159780 170715 160380
184053 150660 191463 151260
184053 155460 191463 156060
184053 160260 191463 160860
192489 146340 214491 146940
192489 150180 214491 150780
192489 151140 214491 151740
192489 154980 214491 155580
192489 155940 214491 156540
192489 159780 214491 160380
205941 147780 208335 148380
205941 148740 208335 149340
205941 152580 206967 153180
205941 153540 208335 154140
205941 157380 206967 157980
205941 158340 208335 158940
214377 147300 218139 147900
214377 148260 218139 148860
214377 149220 218139 149820
214377 152100 218139 152700
214377 153060 218139 153660
214377 154020 218139 154620
214377 156900 218139 157500
214377 157860 221787 158460
214377 158820 218139 159420
218025 146340 219963 146940
218025 150180 218709 150780
218025 151140 219051 151740
218025 154980 219051 155580
218025 155940 219051 156540
218025 159780 219963 160380
218253 148740 218709 149340
218253 153540 219051 154140
218937 149220 219165 149820
218937 156900 219279 157500
219051 150180 220077 150780
219165 152580 221103 153180
219507 154980 220077 155580
219849 147300 220875 147900
219849 148260 220533 148860
219849 154020 220419 154620
219849 158820 220305 159420
220419 151620 227829 152220
220419 153540 224181 154140
220419 155940 221217 156540
220533 149700 221559 150300
220647 154980 221217 155580
220647 156900 222585 157500
220647 158820 221445 159420
220761 146340 221559 146940
220761 159780 221559 160380
220875 148740 221673 149340
221103 147300 221673 147900
221445 150660 222357 151260
221559 152580 221901 153180
221787 149220 223497 150300
221787 154980 223725 155580
221787 158340 223725 158940
222699 150660 223269 151260
222813 147780 224751 148380
222927 146340 223953 146940
222927 157380 223725 157980
222927 159780 223611 160380
223383 152580 225321 153180
223383 156420 224181 157020
223497 150660 224409 151260
223725 154500 224637 155100
223725 159780 225321 160860
224067 157380 227829 157980
224067 158340 224409 158940
224295 146340 226233 146940
224295 149220 226005 150300
224751 153540 225321 154140
224979 147780 225549 148380
225435 153060 227031 154140
225435 154980 226119 155580
225663 156420 226689 157020
225663 159300 226005 159900
225891 147300 226917 147900
225891 158340 226917 158940
226119 150660 226347 151260
226119 159780 226917 160380
226233 146340 227145 146940
226461 155460 227145 156060
226803 149220 227373 149820
226917 148260 227373 148860
227031 150660 227601 151260
227031 159300 227601 159900
227031 160260 227829 160860
227259 147300 228741 147900
227259 153060 228741 153660
227259 154980 228741 155580
227259 155940 228741 156540
227259 158340 227829 158940
227487 148740 228057 149340
227487 149700 228057 150300
227943 150660 228627 151260
228171 151620 228855 152220
228399 159300 228969 159900
228627 148260 228969 148860
228627 149220 230565 149820
228627 150180 228855 150780
228627 154020 229083 154620
228627 156900 228855 157500
228627 157860 230565 158460
228627 160260 228969 160860
228741 152580 229767 153180
228741 155940 229653 156540
229083 146820 229311 147420
229539 147300 229995 147900
229539 151140 230337 151740
229653 155460 230565 156060
229995 146820 233757 147420
230223 150180 231249 150780
230223 152580 230793 153180
230223 156900 231249 157500
230337 148260 230793 148860
230337 153540 231363 154140
230337 158820 231363 159420
230337 159780 231363 160380
230451 154500 231021 155100
230679 151140 231705 151740
230907 157860 231477 158460
231135 148260 233073 148860
231363 152100 233073 153180
231363 158820 233073 159900
231477 156900 233073 157980
231819 153540 232617 154140
232161 151140 233073 151740
232275 149220 233073 149820
232275 154980 234213 155580
232503 155940 233529 156540
232959 150180 233757 150780
232959 153540 233529 154140
232959 160260 233757 160860
233187 157860 233757 158460
233187 158820 234099 159420
233415 148260 235125 149340
233415 152580 233757 153180
233643 151140 234213 151740
233643 155940 235353 157020
233871 147300 235809 147900
233871 153540 235809 154140
234099 158340 234669 158940
234783 159300 235809 159900
235011 151140 235467 151740
235011 154980 235695 155580
235011 158340 235581 158940
235125 148260 235581 148860
235239 152580 237177 153180
235239 157380 235809 157980
235239 160260 236037 160860
235467 146340 235809 146940
235467 149220 236037 149820
235467 150180 236151 150780
235581 155940 236037 156540
235809 148260 236265 148860
235809 151140 236265 151740
235923 154020 236265 154620
235923 154980 236949 155580
236037 146340 237975 146940
236037 147300 236493 147900
236037 149220 236493 149820
236037 156420 236265 157020
236037 157860 237975 158460
236265 159300 236721 159900
236379 150180 238317 150780
236493 147780 237177 148380
236493 154020 237177 154620
236493 156420 237177 157020
236835 151620 237405 152220
236835 159780 237405 160380
236949 158820 237405 159420
237291 147300 238887 147900
237291 148260 238887 148860
237291 149220 238887 149820
237291 152580 238887 153180
237291 153540 238887 154140
237291 154500 238887 155100
237291 155940 238887 156540
237291 156900 238887 157500
238089 160260 238887 160860
