218937 151140 220533 152220
219051 149220 220647 150300
221103 154500 221901 155100
221559 148260 223155 149340
221787 158820 222357 159420
222471 157380 223041 157980
223383 147300 223953 147900
224067 156900 226005 157500
226803 149700 227601 150300
229539 151620 229881 152220
230451 156420 231021 157020
231249 159780 231591 160380
231363 150180 233073 151260
231363 153060 235125 153660
233415 149220 233985 149820
233415 154020 233985 154620
233415 156420 233757 157020
235011 151620 236949 152220
235695 157860 236151 158460
237063 156900 237405 157500
237291 151140 238887 151740
237291 154020 238887 154620
237291 154980 238887 155580
237291 158820 238887 159420
