15105 147780 16131 148380
15105 150660 22515 151260
15105 155940 18867 156540
15105 160260 22515 160860
16587 154980 18525 155580
18753 147300 20235 147900
18753 148260 20235 148860
18753 154980 27531 155580
29697 155460 51699 156060
34713 150180 64011 150780
34713 151140 64011 151740
34713 159780 64011 160380
44289 146820 51699 147420
44289 156420 51699 157020
55233 146820 56259 147420
55233 155460 56259 156060
55233 156420 56259 157020
56373 155460 65151 156060
57741 146820 130815 147420
57741 156420 130815 157020
85785 154980 93195 155580
95361 154980 124659 155580
130701 149700 133095 150300
130701 150660 133095 151260
130701 154500 133095 155100
130701 155460 133095 156060
130701 159300 133095 159900
132981 146820 206055 147420
132981 156420 206055 157020
146433 154980 168435 155580
170601 154980 192603 155580
205941 149700 208335 150300
205941 151620 206967 152220
205941 154500 208335 155100
205941 159300 208335 159900
206853 146820 215631 147420
206853 156420 215631 157020
214377 150180 218139 150780
214377 151140 218139 151740
214377 159780 218139 160380
215517 154500 219279 155100
217341 156420 218367 157020
218025 147300 219963 147900
218025 152100 219051 152700
218025 153060 219051 153660
218253 149700 218937 150300
218937 155940 220533 157020
219051 148740 220989 149340
219165 158340 219849 158940
219735 154500 220305 155100
220419 158340 220761 158940
220647 150180 221217 150780
220647 151140 221217 151740
220989 146820 221559 147420
221103 148260 221673 148860
221103 152100 221901 152700
221103 153060 221901 153660
221103 154020 221901 154620
221103 155940 221901 156540
221331 158820 221901 159420
221445 149700 221901 150300
221445 159780 223041 160860
221901 157860 222813 158460
222699 151140 223269 151740
222699 158820 223497 159420
222813 155460 226575 156060
222927 146820 223497 147420
223269 154500 223839 155100
223383 156900 224181 157500
223497 160260 223839 160860
223953 148260 224181 148860
224295 150660 226233 151260
224523 148260 225549 148860
224523 154500 228285 155100
224637 147300 225321 147900
224637 159300 225321 159900
225207 153540 225549 154140
225435 152100 227031 153180
225891 149700 226917 150300
226233 150660 227145 151260
226347 159300 227145 159900
226575 156420 227373 157020
226803 158340 227373 158940
226917 153540 228855 154140
227031 146820 228057 147420
227259 147780 227829 148380
227259 152100 228741 152700
227715 156420 229653 157020
227715 158340 229653 158940
227943 149700 229881 150300
228285 146820 229197 147420
228627 151140 229653 151740
228627 157380 228855 157980
228627 159780 228969 160380
228741 154500 229083 155100
228855 153060 230451 154140
229083 155460 229767 156060
229197 146820 230109 147420
230223 151140 230793 151740
230223 158340 230793 158940
230337 159300 231363 159900
230451 149220 230907 149820
230451 152100 231477 152700
230451 155940 231021 156540
230679 147300 231477 147900
230679 157380 231363 157980
230907 153060 231477 153660
231135 150660 231477 151260
231249 148740 231933 149340
231363 157860 233301 158460
232275 155460 232845 156060
232503 154020 233529 154620
232959 147780 234897 148380
232959 149220 233529 149820
232959 159300 234897 159900
233415 155940 233757 156540
233643 146820 233985 147420
233643 152100 235353 153180
233643 156900 235353 157980
233871 150180 235581 151260
234099 154980 235125 155580
234555 158340 235125 158940
234783 149220 235581 149820
235239 155940 235695 156540
235467 148260 235923 148860
235467 154500 236151 155100
235467 158340 236265 158940
235695 150660 236151 151260
235695 156420 236151 157020
235695 159300 236379 159900
235923 147780 236265 148380
235923 149700 236949 150300
235923 153060 236151 153660
235923 160260 236379 160860
236151 155460 236607 156060
236151 156420 236607 157020
236151 157380 236379 157980
236379 147300 237405 147900
236379 153060 238317 153660
236379 154500 237405 155100
236493 158340 237177 158940
236607 157380 237405 157980
236607 159300 237405 159900
236835 155940 237405 156540
236949 150660 237405 151260
237063 148260 237405 148860
237177 152100 237405 152700
237291 149700 238887 150300
237861 157860 238887 158460
