513 146340 15219 146940
513 147300 15219 147900
513 148260 15219 148860
513 149220 15219 149820
513 150180 15219 150780
513 151140 15219 151740
513 152100 15219 152700
513 153060 15219 153660
513 154020 15219 154620
513 154980 855 155580
513 155940 15219 156540
513 156900 15219 157500
513 157860 15219 158460
513 158820 15219 159420
513 159780 15219 160380
1995 154980 16701 155580
16017 147780 16245 148380
17043 147780 46341 148380
18411 154980 18867 155580
18753 146340 27531 146940
18753 149220 20235 149820
18753 150180 27531 150780
18753 151140 27531 151740
18753 152100 20235 152700
18753 153060 20235 153660
18753 154020 20235 154620
18753 155940 27531 156540
18753 156900 20235 157500
18753 157860 20235 158460
18753 158820 20235 159420
18753 159780 27531 160380
27417 154980 34827 155580
29697 150660 51699 151260
29697 160260 51699 160860
34713 146340 64011 146940
34713 155940 64011 156540
44289 148740 51699 149340
44289 149700 51699 150300
44289 151620 51699 152220
44289 152580 51699 153180
44289 153540 51699 154140
44289 154500 51699 155100
44289 157380 51699 157980
44289 158340 51699 158940
44289 159300 51699 159900
53523 147780 55461 148380
55233 148740 56259 149340
55233 149700 56259 150300
55233 150660 56259 151260
55233 151620 56259 152220
55233 152580 56259 153180
55233 153540 56259 154140
55233 154500 56259 155100
55233 157380 56259 157980
55233 158340 56259 158940
55233 159300 56259 159900
55233 160260 56259 160860
56259 147780 56487 148380
56373 150660 65151 151260
56373 160260 65151 160860
57741 147780 130815 148380
57741 148740 130815 149340
57741 149700 130815 150300
57741 151620 130815 152220
57741 152580 130815 153180
57741 153540 130815 154140
57741 154500 130815 155100
57741 157380 130815 157980
57741 158340 130815 158940
57741 159300 130815 159900
65037 155460 72447 156060
72333 150660 116223 151260
72333 160260 116223 160860
85785 146340 93195 146940
85785 155940 93195 156540
95361 146340 139251 146940
95361 155940 139251 156540
123405 150660 130815 151260
123405 160260 130815 160860
132981 147780 206055 148380
132981 148740 206055 149340
132981 149700 206055 150300
132981 150660 147687 151260
132981 151620 206055 152220
132981 152580 206055 153180
132981 153540 206055 154140
132981 154500 206055 155100
132981 157380 206055 157980
132981 158340 206055 158940
132981 159300 206055 159900
132981 160260 147687 160860
146433 146340 168435 146940
146433 155940 168435 156540
154869 150660 184167 151260
154869 160260 184167 160860
170601 146340 192603 146940
170601 155940 192603 156540
191349 150660 198759 151260
191349 160260 198759 160860
198645 155460 206055 156060
205941 146820 206967 147420
205941 150660 206967 151260
205941 156420 206967 157020
205941 160260 206967 160860
206853 151620 215631 152220
206853 152580 215631 153180
206853 157380 215631 157980
208221 147780 222927 148380
208221 148740 215631 149340
208221 149700 215631 150300
208221 153540 215631 154140
208221 154500 215631 155100
208221 155460 222927 156060
208221 158340 215631 158940
208221 159300 215631 159900
214377 146340 218139 146940
215517 150660 219279 151260
215517 156420 217455 157020
215517 160260 219279 160860
217341 148740 218367 149340
217341 149700 218367 150300
217341 151620 218367 152220
217341 153540 218367 154140
218025 156900 219051 157500
218025 158820 219963 159420
218595 148740 219165 149340
218823 149700 219165 150300
218937 152100 219621 152700
218937 153060 220533 154140
219165 146820 221103 147420
219165 154500 219849 155100
219165 156900 220761 157980
219849 159780 220875 160380
219963 150180 220761 150780
220191 152100 220419 152700
220191 154500 221217 155100
220191 158820 220761 159420
220419 151140 220761 151740
220533 149220 221559 149820
220989 150660 221559 151260
220989 152580 221673 153180
220989 160260 221559 160860
221103 158340 221901 158940
221217 157380 222129 157980
221331 156420 221901 157020
221445 146340 223041 147420
221559 150180 225321 150780
221787 152100 223497 153180
221787 154020 223383 155100
222015 151140 222813 151740
222243 158820 222813 159420
222471 156900 223497 157500
222699 157860 223497 158460
222813 159300 224751 159900
222927 160260 223611 160860
223041 148260 224067 148860
223155 151140 224181 151740
223383 146820 227145 147420
223383 149220 224409 149820
223383 155940 224181 156540
223611 154980 224637 155580
223611 157380 224181 157980
223611 158340 224181 158940
224067 148260 224637 148860
224067 153540 224865 154140
224295 152100 225093 152700
224295 157860 226005 158940
224523 151140 225093 151740
224637 147780 225093 148380
224865 148740 225549 149340
224979 154980 225549 155580
225093 154020 225549 154620
225207 152580 225549 153180
225207 159300 225777 159900
225207 160260 227145 160860
225435 147780 227373 148380
225663 151140 226689 151740
225663 155940 226689 156540
225891 149220 226917 149820
225891 154020 226917 154620
225891 156900 226233 157500
225891 159300 226461 159900
226005 154980 226917 155580
226575 156900 227145 157500
226575 157860 227145 158460
226917 148740 227601 149340
226917 152100 227373 152700
226917 153060 227373 153660
227031 150180 228741 150780
227031 155460 227487 156060
227031 158820 228741 159420
227259 151140 228741 151740
227259 154020 228741 154620
227259 156420 227829 157020
227259 159780 228741 160380
227715 147780 231477 148380
227715 155460 228285 156060
227715 157380 228741 157980
227943 146820 228399 147420
227943 148740 228969 149340
228627 146340 230565 146940
228627 152100 230565 152700
228627 153060 228969 153660
228627 154980 232389 155580
228627 155940 228855 156540
228741 150180 230337 151260
228741 156900 230337 157980
228855 158820 230451 159900
229539 155940 230565 156540
230337 148740 231363 149340
230337 153060 231021 153660
230337 160260 231363 160860
230451 154020 231021 154620
230451 157860 231021 158460
230565 151620 231021 152220
230679 146340 231249 146940
230679 149700 230907 150300
230907 155940 232617 157020
231135 150180 231477 150780
231249 153540 231933 154140
231249 157380 231591 157980
231249 158820 231477 159420
231363 151620 235125 152220
231477 159780 233073 160860
231591 146340 232617 146940
231819 148740 232617 149340
232275 149700 236037 150300
232503 153540 233073 154140
232503 154500 233073 155100
232503 158340 233529 158940
232731 155460 233073 156060
232959 147300 233529 147900
232959 148260 233529 148860
232959 150660 233985 151260
232959 152580 233529 153180
232959 156900 233757 157500
233187 146340 233757 146940
233415 153540 233985 154140
233415 155460 235353 156060
233643 154500 233985 155100
233643 157860 235581 158460
233643 159780 235353 160860
233871 146340 235581 147420
233985 158820 234441 159420
234783 147780 235581 148380
234783 158820 235239 159420
235011 148740 238773 149340
235011 153060 235581 153660
235239 152100 235695 152700
235239 156420 235809 157020
235353 151140 235923 151740
235467 154020 235695 154620
235467 158820 235809 159420
235581 154980 236037 155580
235581 159780 236037 160380
235695 146340 236151 146940
235695 147300 236151 147900
235695 153540 236721 154140
235695 157380 236265 157980
235923 152100 236379 152700
235923 155940 236949 156540
236037 150180 236493 150780
236037 154500 236493 155100
236037 158820 237063 159420
236151 147780 236607 148380
236151 151140 237177 151740
236265 157380 236721 157980
236265 160260 238203 160860
236835 149700 237405 150300
236835 154980 237405 155580
237063 147780 237405 148380
237063 152580 237405 153180
237063 154020 237405 154620
237063 156420 237405 157020
237063 158340 237405 158940
237291 146820 238887 147420
237291 150660 238887 151260
237291 151620 238887 152220
237291 157380 238887 157980
237291 159300 238887 159900
238203 153060 238887 153660
238317 155460 238887 156060
