741 154980 2109 155580
15105 146340 18867 146940
15105 147300 18867 147900
15105 148260 18867 148860
15105 149220 18867 149820
15105 150180 18867 150780
15105 151140 18867 151740
15105 152100 18867 152700
15105 153060 18867 153660
15105 154020 18867 154620
15105 155460 22515 156060
15105 156900 18867 157500
15105 157860 18867 158460
15105 158820 18867 159420
15105 159780 18867 160380
20121 147300 93195 147900
20121 148260 93195 148860
20121 149220 93195 149820
20121 152100 93195 152700
20121 153060 93195 153660
20121 154020 93195 154620
20121 156900 93195 157500
20121 157860 93195 158460
20121 158820 93195 159420
27417 146340 34827 146940
27417 150180 34827 150780
27417 151140 34827 151740
27417 155940 34827 156540
27417 159780 34827 160380
34713 154980 64011 155580
65037 150660 72447 151260
65037 160260 72447 160860
72333 155460 116223 156060
85785 150180 93195 150780
85785 151140 93195 151740
85785 159780 93195 160380
95361 147300 168435 147900
95361 148260 168435 148860
95361 149220 168435 149820
95361 150180 124659 150780
95361 151140 139251 151740
95361 152100 168435 152700
95361 153060 168435 153660
95361 154020 168435 154620
95361 156900 168435 157500
95361 157860 168435 158460
95361 158820 168435 159420
95361 159780 124659 160380
123405 155460 130815 156060
130701 160260 133095 160860
132981 155460 147687 156060
146433 150180 168435 150780
146433 151140 168435 151740
146433 159780 168435 160380
154869 155460 184167 156060
170601 147300 214491 147900
170601 148260 214491 148860
170601 149220 214491 149820
170601 150180 192603 150780
170601 151140 192603 151740
170601 152100 214491 152700
170601 153060 214491 153660
170601 154020 214491 154620
170601 156900 214491 157500
170601 157860 214491 158460
170601 158820 214491 159420
170601 159780 192603 160380
191349 155460 198759 156060
198645 150660 206055 151260
198645 160260 206055 160860
205941 155460 208335 156060
206853 150660 215631 151260
206853 160260 215631 160860
214377 154980 218139 155580
214377 155940 218139 156540
215517 146820 219279 147420
215517 148740 217455 149340
215517 149700 217455 150300
215517 151620 217455 152220
215517 152580 219279 153180
215517 153540 217455 154140
215517 157380 219279 157980
215517 158340 219279 158940
215517 159300 222927 159900
218025 148260 219963 148860
218025 149220 219051 149820
218025 154020 219963 154620
218253 151620 219051 152220
218253 156420 219051 157020
218595 150180 219165 150780
218937 154980 219621 155580
219165 150660 221103 151260
219165 160260 221103 160860
219507 152100 220305 152700
219735 158340 220533 158940
219849 146340 220875 146940
219963 154980 220761 155580
220305 152100 221217 152700
220305 154020 221217 154620
220419 148260 221217 148860
220419 153060 221217 153660
220419 156420 221445 157020
220647 157380 221331 157980
220647 158340 221217 158940
220761 147300 221217 147900
221103 150180 221673 150780
221103 151140 222129 151740
221103 154980 221901 155580
221445 149220 221901 149820
221559 147300 223497 147900
221673 157860 222015 158460
221787 153060 225549 153660
221787 155940 223497 157020
222015 157380 222585 157980
222243 150660 222813 151260
223041 148740 224979 149340
223155 150660 223611 151260
223269 154020 225207 154620
223383 149700 224409 150300
223383 152100 224409 152700
223383 157860 224409 158460
223383 158820 227145 159420
223497 159780 223839 160380
223839 146340 224409 146940
223839 147300 224751 147900
224067 151140 224637 151740
224067 155940 225777 157020
224523 154980 225093 155580
224979 151140 225777 151740
224979 152100 225549 152700
225207 147300 226005 147900
225207 150180 227145 150780
225207 159780 226233 160380
225435 148260 227031 149340
225435 154020 226005 154620
225891 157860 226689 158460
226119 146340 226347 146940
226119 156900 226689 157500
226575 151140 227373 151740
226575 155940 227373 156540
226803 147300 227373 147900
226803 154020 227373 154620
226803 154980 227373 155580
226803 159780 227373 160380
226917 152580 228855 153180
227031 146340 228741 146940
227031 156900 228741 157500
227031 157860 228741 158460
227259 148260 228741 148860
227259 149220 228741 149820
227373 155460 227829 156060
227487 150660 228057 151260
227487 159300 228513 159900
227715 151620 228285 152220
227715 160260 228741 160860
228171 154500 228855 155100
228171 155460 229197 156060
228513 150660 228855 151260
228627 147300 229653 147900
228627 158820 228969 159420
228741 151620 229653 152220
228741 153540 228969 154140
228855 148260 230451 149340
228855 159780 230451 160860
228969 154020 230565 155100
229539 156420 230565 157020
229539 158340 230337 158940
229653 152580 230337 153180
229767 149700 230793 150300
229767 151620 230679 152220
229881 147300 230793 147900
230223 150660 231249 151260
230223 157380 230793 157980
230451 146340 230793 146940
230451 155460 232389 156060
230679 148260 231249 148860
230679 152580 231477 153180
230679 158340 232617 158940
230793 149220 232389 150300
230907 151620 231477 152220
230907 154020 232617 155100
231135 146340 231705 146940
231135 156900 231591 157500
231249 159300 231477 159900
231249 160260 231591 160860
231363 147300 233073 148380
231591 151140 232275 151740
232503 146340 233301 146940
232503 148740 233529 149340
232503 156420 233529 157020
232959 151140 233757 151740
232959 152100 233757 152700
232959 154500 233757 155100
232959 155460 233529 156060
232959 157380 233757 157980
232959 158820 233301 159420
232959 159780 233757 160380
233415 147300 233985 147900
233415 158340 234213 158940
233643 146340 233985 146940
233643 150180 233985 150780
233871 149220 234897 149820
233871 154020 235581 155100
234099 151140 235125 151740
234327 158820 234897 159420
235011 148260 235239 148860
235125 158820 235581 159420
235239 155460 236265 156060
235239 156900 237177 157500
235239 159780 235695 160380
235467 146820 237405 147420
235467 147780 236037 148380
235467 150660 235809 151260
235467 153060 236037 153660
235467 157860 235809 158460
235581 152100 236037 152700
235581 154020 236037 154620
235695 158820 236151 159420
235923 149220 236151 149820
235923 159780 236949 160380
236037 150660 237063 151260
236037 153060 236493 153660
236151 148260 237177 148860
236151 154020 236607 154620
236151 158340 236607 158940
236265 152100 237291 152700
236379 149220 237405 149820
236493 155460 238431 156060
236607 153540 237405 154140
237063 151140 237405 151740
237291 147780 238887 148380
237291 152100 238887 152700
237291 156420 238887 157020
237291 158340 238887 158940
237291 159780 238887 160380
237861 146340 238887 146940
238203 150180 238887 150780
238659 148740 238887 149340
