56373 667140 57855 667740
56373 668100 57855 668700
56373 669060 57855 669660
56373 670020 57855 670620
56373 670980 57855 671580
56373 671940 57855 672540
56373 672900 57855 673500
56373 673860 57855 674460
56373 674820 57855 675420
56373 675780 57855 676380
56373 676740 57855 677340
56373 677700 57855 678300
56373 678660 57855 679260
56373 679620 57855 680220
56373 680580 57855 681180
56373 681540 57855 682140
56373 682500 57855 683100
56373 683460 57855 684060
56373 684420 57855 685020
56373 685380 57855 685980
56373 686340 57855 686940
56373 687300 57855 687900
56373 688260 57855 688860
56373 689220 57855 689820
56373 690180 57855 690780
56373 691140 57855 691740
56373 692100 57855 692700
56373 693060 57855 693660
71193 668580 87039 669660
71193 670500 87039 671580
71193 673380 87039 674460
71193 675300 87039 676380
71193 678180 87039 679260
71193 680100 87039 681180
71193 682980 87039 684060
71193 684900 87039 685980
71193 687780 87039 688860
71193 689700 87039 690780
71193 692580 87039 693660
93081 667620 95475 668220
93081 672420 95475 673020
93081 677220 95475 677820
93081 682020 95475 682620
93081 686820 95475 687420
93081 691620 95475 692220
95361 670500 153843 671100
95361 671460 153843 672060
95361 675300 153843 675900
95361 676260 153843 676860
95361 680100 153843 680700
95361 681060 153843 681660
95361 684900 153843 685500
95361 685860 153843 686460
95361 689700 153843 690300
95361 690660 153843 691260
116109 669060 130815 669660
116109 673860 130815 674460
116109 678660 130815 679260
116109 683460 130815 684060
116109 688260 130815 688860
116109 693060 130815 693660
132981 669060 154983 669660
132981 673860 154983 674460
132981 678660 154983 679260
132981 683460 154983 684060
132981 688260 154983 688860
132981 693060 154983 693660
168321 668580 170715 669180
168321 673380 170715 673980
168321 678180 170715 678780
168321 682980 170715 683580
168321 687780 170715 688380
168321 692580 170715 693180
170601 669540 199899 670140
170601 674340 199899 674940
170601 679140 199899 679740
170601 683940 199899 684540
170601 688740 199899 689340
198645 693060 208335 693660
199785 668580 221787 669180
199785 673380 221787 673980
199785 678180 221787 678780
199785 682980 221787 683580
199785 687780 221787 688380
208221 667140 283575 667740
208221 670020 222927 670620
208221 670980 266703 671580
208221 671940 283575 672540
208221 674820 222927 675420
208221 675780 266703 676380
208221 676740 283575 677340
208221 679620 222927 680220
208221 680580 266703 681180
208221 681540 283575 682140
208221 684420 222927 685020
208221 685380 266703 685980
208221 686340 283575 686940
208221 689220 222927 689820
208221 690180 266703 690780
208221 691140 283575 691740
208221 692100 283575 692700
236265 668580 275139 669180
236265 669540 275139 670140
236265 673380 275139 673980
236265 674340 275139 674940
236265 678180 275139 678780
236265 679140 275139 679740
236265 682980 275139 683580
236265 683940 275139 684540
236265 687780 275139 688380
236265 688740 275139 689340
237405 693060 266703 693660
281181 669060 283575 669660
281181 673860 283575 674460
281181 678660 283575 679260
281181 683460 283575 684060
281181 688260 283575 688860
281181 693060 283575 693660
283461 668100 320055 668700
283461 670020 312759 670620
283461 670980 312759 671580
283461 672900 320055 673500
283461 674820 312759 675420
283461 675780 312759 676380
283461 677700 320055 678300
283461 679620 312759 680220
283461 680580 312759 681180
283461 682500 320055 683100
283461 684420 312759 685020
283461 685380 312759 685980
283461 687300 320055 687900
283461 689220 312759 689820
283461 690180 312759 690780
304209 691620 318915 692220
304209 692580 320055 693660
318801 669540 319827 670140
318801 670500 319827 671100
318801 671460 319827 672060
318801 674340 319827 674940
318801 675300 319827 675900
318801 676260 319827 676860
318801 679140 319827 679740
318801 680100 319827 680700
318801 681060 319827 681660
318801 683940 319827 684540
318801 684900 319827 685500
318801 685860 319827 686460
318801 688740 319827 689340
318801 689700 319827 690300
318801 690660 319827 691260
