57741 667140 208335 667740
57741 668100 208335 668700
57741 669060 72447 669660
57741 670020 72447 670620
57741 670980 72447 671580
57741 671940 208335 672540
57741 672900 208335 673500
57741 673860 72447 674460
57741 674820 72447 675420
57741 675780 72447 676380
57741 676740 208335 677340
57741 677700 208335 678300
57741 678660 72447 679260
57741 679620 72447 680220
57741 680580 72447 681180
57741 681540 208335 682140
57741 682500 208335 683100
57741 683460 72447 684060
57741 684420 72447 685020
57741 685380 72447 685980
57741 686340 208335 686940
57741 687300 208335 687900
57741 688260 72447 688860
57741 689220 72447 689820
57741 690180 72447 690780
57741 691140 208335 691740
57741 692100 208335 692700
57741 693060 72447 693660
86925 669060 116223 669660
86925 670020 116223 670620
86925 670980 116223 671580
86925 673860 116223 674460
86925 674820 116223 675420
86925 675780 116223 676380
86925 678660 116223 679260
86925 679620 116223 680220
86925 680580 116223 681180
86925 683460 116223 684060
86925 684420 116223 685020
86925 685380 116223 685980
86925 688260 116223 688860
86925 689220 116223 689820
86925 690180 116223 690780
86925 693060 116223 693660
124545 669540 153843 670140
124545 674340 153843 674940
124545 679140 153843 679740
124545 683940 153843 684540
124545 688740 153843 689340
153729 670500 245955 671100
153729 675300 245955 675900
153729 680100 245955 680700
153729 684900 245955 685500
153729 689700 245955 690300
169461 669060 198759 669660
169461 673860 198759 674460
169461 678660 198759 679260
169461 683460 198759 684060
169461 688260 198759 688860
169461 693060 198759 693660
208221 669060 222927 669660
208221 673860 222927 674460
208221 678660 222927 679260
208221 683460 222927 684060
208221 688260 222927 688860
221673 692580 237519 693660
245841 667620 304323 668220
245841 672420 304323 673020
245841 677220 304323 677820
245841 682020 304323 682620
245841 686820 304323 687420
245841 691620 304323 692220
266589 669060 281295 669660
266589 670020 283575 670620
266589 670980 283575 671580
266589 673860 281295 674460
266589 674820 283575 675420
266589 675780 283575 676380
266589 678660 281295 679260
266589 679620 283575 680220
266589 680580 283575 681180
266589 683460 281295 684060
266589 684420 283575 685020
266589 685380 283575 685980
266589 688260 281295 688860
266589 689220 283575 689820
266589 690180 283575 690780
266589 693060 281295 693660
283461 669060 305463 669660
283461 673860 305463 674460
283461 678660 305463 679260
283461 683460 305463 684060
283461 688260 305463 688860
304209 671460 318915 672060
304209 676260 318915 676860
304209 681060 318915 681660
304209 685860 318915 686460
304209 690660 318915 691260
312645 670020 320055 670620
312645 674820 320055 675420
312645 679620 320055 680220
312645 684420 320055 685020
312645 689220 320055 689820
318801 667620 319827 668220
318801 672420 319827 673020
318801 677220 319827 677820
318801 682020 319827 682620
318801 686820 319827 687420
318801 691620 319827 692220
318801 692580 319827 693180
