71193 669540 87039 670620
71193 674340 87039 675420
71193 679140 87039 680220
71193 683940 87039 685020
71193 688740 87039 689820
85785 671460 95475 672060
85785 676260 95475 676860
85785 681060 95475 681660
85785 685860 95475 686460
85785 690660 95475 691260
116109 670020 208335 670620
116109 674820 208335 675420
116109 679620 208335 680220
116109 684420 208335 685020
116109 689220 208335 689820
124545 668580 153843 669180
124545 673380 153843 673980
124545 678180 153843 678780
124545 682980 153843 683580
124545 687780 153843 688380
124545 692580 153843 693180
153729 671460 245955 672060
153729 676260 245955 676860
153729 681060 245955 681660
153729 685860 245955 686460
153729 690660 245955 691260
198645 669060 208335 669660
198645 673860 208335 674460
198645 678660 208335 679260
198645 683460 208335 684060
198645 688260 208335 688860
199785 692580 221787 693180
208221 668100 283575 668700
208221 672900 283575 673500
208221 677700 283575 678300
208221 682500 283575 683100
208221 687300 283575 687900
221673 669540 237519 670620
221673 674340 237519 675420
221673 679140 237519 680220
221673 683940 237519 685020
221673 688740 237519 689820
245841 670500 304323 671100
245841 675300 304323 675900
245841 680100 304323 680700
245841 684900 304323 685500
245841 689700 304323 690300
275025 692580 304323 693180
283461 671940 320055 672540
283461 676740 320055 677340
283461 681540 320055 682140
283461 686340 320055 686940
283461 691140 320055 691740
304209 667620 318915 668220
304209 668580 320055 669660
304209 673380 320055 674460
304209 678180 320055 679260
304209 682980 320055 684060
304209 687780 320055 688860
312645 670980 320055 671580
312645 675780 320055 676380
312645 680580 320055 681180
312645 685380 320055 685980
312645 690180 320055 690780
