56601 667620 93195 668220
56601 668580 71307 669180
56601 669540 71307 670140
56601 670500 71307 671100
56601 671460 85899 672060
56601 672420 93195 673020
56601 673380 71307 673980
56601 674340 71307 674940
56601 675300 71307 675900
56601 676260 85899 676860
56601 677220 93195 677820
56601 678180 71307 678780
56601 679140 71307 679740
56601 680100 71307 680700
56601 681060 85899 681660
56601 682020 93195 682620
56601 682980 71307 683580
56601 683940 71307 684540
56601 684900 71307 685500
56601 685860 85899 686460
56601 686820 93195 687420
56601 687780 71307 688380
56601 688740 71307 689340
56601 689700 71307 690300
56601 690660 85899 691260
56601 691620 93195 692220
56601 692580 71307 693180
85785 668580 124659 669180
85785 669540 124659 670140
85785 670500 95475 671100
85785 673380 124659 673980
85785 674340 124659 674940
85785 675300 95475 675900
85785 678180 124659 678780
85785 679140 124659 679740
85785 680100 95475 680700
85785 682980 124659 683580
85785 683940 124659 684540
85785 684900 95475 685500
85785 687780 124659 688380
85785 688740 124659 689340
85785 689700 95475 690300
85785 692580 124659 693180
95361 667620 245955 668220
95361 672420 245955 673020
95361 677220 245955 677820
95361 682020 245955 682620
95361 686820 245955 687420
95361 691620 245955 692220
116109 670980 208335 671580
116109 675780 208335 676380
116109 680580 208335 681180
116109 685380 208335 685980
116109 690180 208335 690780
130701 669060 133095 669660
130701 673860 133095 674460
130701 678660 133095 679260
130701 683460 133095 684060
130701 688260 133095 688860
130701 693060 133095 693660
153729 668580 169575 669660
153729 673380 169575 674460
153729 678180 169575 679260
153729 682980 169575 684060
153729 687780 169575 688860
153729 692580 169575 693660
170601 668580 199899 669180
170601 673380 199899 673980
170601 678180 199899 678780
170601 682980 199899 683580
170601 687780 199899 688380
170601 692580 199899 693180
199785 669540 221787 670140
199785 674340 221787 674940
199785 679140 221787 679740
199785 683940 221787 684540
199785 688740 221787 689340
208221 693060 222927 693660
236265 692580 275139 693180
237405 669060 266703 669660
237405 670020 266703 670620
237405 673860 266703 674460
237405 674820 266703 675420
237405 678660 266703 679260
237405 679620 266703 680220
237405 683460 266703 684060
237405 684420 266703 685020
237405 688260 266703 688860
237405 689220 266703 689820
245841 671460 304323 672060
245841 676260 304323 676860
245841 681060 304323 681660
245841 685860 304323 686460
245841 690660 304323 691260
275025 668580 304323 669180
275025 669540 304323 670140
275025 673380 304323 673980
275025 674340 304323 674940
275025 678180 304323 678780
275025 679140 304323 679740
275025 682980 304323 683580
275025 683940 304323 684540
275025 687780 304323 688380
275025 688740 304323 689340
283461 667140 320055 667740
283461 692100 320055 692700
283461 693060 305463 693660
304209 670500 318915 671100
304209 672420 318915 673020
304209 675300 318915 675900
304209 677220 318915 677820
304209 680100 318915 680700
304209 682020 318915 682620
304209 684900 318915 685500
304209 686820 318915 687420
304209 689700 318915 690300
318801 668580 319827 669180
318801 673380 319827 673980
318801 678180 319827 678780
318801 682980 319827 683580
318801 687780 319827 688380
