2200713 667620 2202195 668220
2200713 668580 2202195 669180
2200713 669540 2202195 670140
2200713 670500 2202195 671100
2200713 671460 2202195 672060
2200713 672420 2202195 673020
2200713 673380 2202195 673980
2200713 674340 2202195 674940
2200713 675300 2202195 675900
2200713 676260 2202195 676860
2200713 677220 2202195 677820
2200713 678180 2202195 678780
2200713 679140 2202195 679740
2200713 680100 2202195 680700
2200713 681060 2202195 681660
2200713 682020 2202195 682620
2200713 682980 2202195 683580
2200713 683940 2202195 684540
2200713 684900 2202195 685500
2200713 685860 2202195 686460
2200713 686820 2202195 687420
2200713 687780 2202195 688380
2200713 688740 2202195 689340
2200713 689700 2202195 690300
2200713 690660 2202195 691260
2200713 691620 2202195 692220
2200713 692580 2202195 693180
2216673 671460 2231379 672060
2216673 676260 2231379 676860
2216673 681060 2231379 681660
2216673 685860 2231379 686460
2216673 690660 2231379 691260
2230125 667140 2238447 667740
2230125 668100 2238447 668700
2230125 669060 2238447 669660
2230125 670020 2237535 670620
2230125 672900 2238447 673500
2230125 673860 2238447 674460
2230125 674820 2237535 675420
2230125 677700 2238447 678300
2230125 678660 2238447 679260
2230125 679620 2237535 680220
2230125 682500 2238447 683100
2230125 683460 2238447 684060
2230125 684420 2237535 685020
2230125 687300 2238447 687900
2230125 688260 2238447 688860
2230125 689220 2237535 689820
2230125 692100 2238447 692700
2230125 693060 2238447 693660
2237421 670980 2238447 671580
2237421 675780 2238447 676380
2237421 680580 2238447 681180
2237421 685380 2238447 685980
2237421 690180 2238447 690780
