2202081 671460 2216787 672060
2202081 676260 2216787 676860
2202081 681060 2216787 681660
2202081 685860 2216787 686460
2202081 690660 2216787 691260
2230125 671940 2238447 672540
2230125 676740 2238447 677340
2230125 681540 2238447 682140
2230125 686340 2238447 686940
2230125 691140 2238447 691740
2231265 669540 2238675 670140
2231265 670500 2238675 671100
2231265 674340 2238675 674940
2231265 675300 2238675 675900
2231265 679140 2238675 679740
2231265 680100 2238675 680700
2231265 683940 2238675 684540
2231265 684900 2238675 685500
2231265 688740 2238675 689340
2231265 689700 2238675 690300
