2200941 668580 2231379 669660
2200941 670500 2231379 671580
2200941 673380 2231379 674460
2200941 675300 2231379 676380
2200941 678180 2231379 679260
2200941 680100 2231379 681180
2200941 682980 2231379 684060
2200941 684900 2231379 685980
2200941 687780 2231379 688860
2200941 689700 2231379 690780
2200941 692580 2231379 693660
2202081 667620 2231379 668220
2202081 672420 2231379 673020
2202081 677220 2231379 677820
2202081 682020 2231379 682620
2202081 686820 2231379 687420
2202081 691620 2231379 692220
