2200941 667140 2230239 667740
2200941 668100 2230239 668700
2200941 669540 2231379 670620
2200941 671940 2230239 672540
2200941 672900 2230239 673500
2200941 674340 2231379 675420
2200941 676740 2230239 677340
2200941 677700 2230239 678300
2200941 679140 2231379 680220
2200941 681540 2230239 682140
2200941 682500 2230239 683100
2200941 683940 2231379 685020
2200941 686340 2230239 686940
2200941 687300 2230239 687900
2200941 688740 2231379 689820
2200941 691140 2230239 691740
2200941 692100 2230239 692700
2230125 670980 2237535 671580
2230125 675780 2237535 676380
2230125 680580 2237535 681180
2230125 685380 2237535 685980
2230125 690180 2237535 690780
2231265 667620 2238675 668220
2231265 668580 2238675 669180
2231265 672420 2238675 673020
2231265 673380 2238675 673980
2231265 677220 2238675 677820
2231265 678180 2238675 678780
2231265 682020 2238675 682620
2231265 682980 2238675 683580
2231265 686820 2238675 687420
2231265 687780 2238675 688380
2231265 691620 2238675 692220
2231265 692580 2238675 693180
2237421 670020 2238447 670620
2237421 674820 2238447 675420
2237421 679620 2238447 680220
2237421 684420 2238447 685020
2237421 689220 2238447 689820
