15105 1125060 22515 1125660
15105 1126020 51699 1126620
15105 1126980 51699 1127580
15105 1129860 22515 1130460
15105 1130820 51699 1131420
15105 1131780 51699 1132380
15105 1134660 22515 1135260
15105 1135620 51699 1136220
15105 1136580 51699 1137180
15105 1139460 22515 1140060
15105 1140420 51699 1141020
15105 1141380 51699 1141980
15105 1144260 22515 1144860
15105 1145220 51699 1145820
15105 1146180 51699 1146780
29697 1127940 44403 1128540
29697 1132740 44403 1133340
29697 1137540 44403 1138140
29697 1142340 44403 1142940
29697 1147140 44403 1147740
34713 1129380 38475 1129980
34713 1138980 56715 1139580
36993 1125060 51699 1125660
36993 1134660 51699 1135260
36993 1144260 51699 1144860
40071 1129380 47481 1129980
44289 1124100 51699 1124700
44289 1133700 51699 1134300
44289 1143300 51699 1143900
44289 1148100 51699 1148700
55233 1130820 56259 1131420
