15105 1123620 20235 1124220
15105 1124580 20235 1125180
15105 1125540 20235 1126140
15105 1126500 18867 1127100
15105 1127460 18867 1128060
15105 1128420 20235 1129020
15105 1129380 20235 1129980
15105 1130340 20235 1130940
15105 1131300 18867 1131900
15105 1132260 18867 1132860
15105 1133220 20235 1133820
15105 1134180 20235 1134780
15105 1135140 20235 1135740
15105 1136100 18867 1136700
15105 1137060 18867 1137660
15105 1138020 20235 1138620
15105 1138980 20235 1139580
15105 1139940 20235 1140540
15105 1140900 18867 1141500
15105 1141860 18867 1142460
15105 1142820 20235 1143420
15105 1143780 20235 1144380
15105 1144740 20235 1145340
15105 1145700 18867 1146300
15105 1146660 18867 1147260
15105 1147620 20235 1148220
15105 1148580 20235 1149180
20121 1127460 56715 1128060
20121 1132260 56715 1132860
20121 1137060 56715 1137660
20121 1141860 56715 1142460
20121 1146660 56715 1147260
22401 1125060 37107 1125660
22401 1134660 37107 1135260
22401 1144260 37107 1144860
22401 1149060 37107 1149660
29697 1123140 44403 1123740
29697 1124100 44403 1124700
29697 1128900 37107 1129500
29697 1133700 44403 1134300
29697 1138500 44403 1139100
29697 1143300 44403 1143900
29697 1148100 44403 1148700
34713 1130340 56715 1130940
34713 1139940 56715 1140540
38361 1129380 39045 1129980
39159 1129380 40185 1129980
47367 1129380 54777 1129980
49305 1123620 56715 1124220
49305 1128420 56715 1129020
49305 1133220 56715 1133820
49305 1138020 56715 1138620
49305 1142820 56715 1143420
49305 1147620 56715 1148220
51585 1125060 56487 1125660
51585 1134660 56487 1135260
51585 1144260 56487 1144860
51585 1149060 56487 1149660
