513 1123620 15219 1124220
513 1124580 15219 1125660
513 1126500 15219 1127580
513 1127940 29811 1128540
513 1128900 29811 1129500
513 1130340 15219 1131420
513 1132260 15219 1132860
513 1133220 15219 1133820
513 1134180 15219 1135260
513 1136100 15219 1137180
513 1137540 29811 1138140
513 1138500 29811 1139100
513 1139940 15219 1141020
513 1141860 15219 1142460
513 1142820 15219 1143420
513 1143780 15219 1144860
513 1145700 15219 1146780
513 1147140 29811 1147740
513 1148100 29811 1148700
15105 1149060 22515 1149660
18753 1132260 20235 1132860
18753 1141860 20235 1142460
20121 1123620 49419 1124220
20121 1124580 34827 1125180
20121 1126500 56715 1127100
20121 1131300 56715 1131900
20121 1133220 49419 1133820
20121 1134180 34827 1134780
20121 1136100 56715 1136700
20121 1140900 56715 1141500
20121 1142820 49419 1143420
20121 1143780 34827 1144380
20121 1145700 56715 1146300
22401 1129860 37107 1130460
22401 1139460 37107 1140060
34713 1125540 56715 1126140
34713 1135140 56715 1135740
34713 1144740 56715 1145340
34713 1148580 56715 1149180
36993 1128900 51699 1129500
38817 1129860 39843 1130460
40071 1129860 41097 1130460
44289 1127940 51699 1128540
44289 1137540 51699 1138140
44289 1138500 51699 1139100
44289 1147140 51699 1147740
51585 1123140 56487 1123740
51585 1124100 56487 1124700
51585 1132740 56487 1133340
51585 1133700 56487 1134300
51585 1139460 56487 1140060
51585 1142340 56487 1142940
51585 1143300 56487 1143900
55233 1127940 56259 1128540
55233 1128900 56259 1129500
55575 1129860 56259 1130460
