513 1123140 29811 1123740
513 1124100 29811 1124700
513 1125540 15219 1126620
513 1127460 15219 1128060
513 1128420 15219 1129020
513 1129380 15219 1130460
513 1131300 15219 1132380
513 1132740 29811 1133340
513 1133700 29811 1134300
513 1135140 15219 1136220
513 1137060 15219 1137660
513 1138020 15219 1138620
513 1138980 15219 1140060
513 1140900 15219 1141980
513 1142340 29811 1142940
513 1143300 29811 1143900
513 1144740 15219 1145820
513 1146660 15219 1147260
513 1147620 15219 1148220
513 1148580 15219 1149660
18753 1126500 20235 1127100
18753 1127460 20235 1128060
18753 1131300 20235 1131900
18753 1136100 20235 1136700
18753 1137060 20235 1137660
18753 1140900 20235 1141500
18753 1145700 20235 1146300
18753 1146660 20235 1147260
20121 1125540 34827 1126140
20121 1128420 49419 1129020
20121 1129380 34827 1129980
20121 1130340 34827 1130940
20121 1135140 34827 1135740
20121 1138020 49419 1138620
20121 1138980 34827 1139580
20121 1139940 34827 1140540
20121 1144740 34827 1145340
20121 1147620 49419 1148220
20121 1148580 34827 1149180
34713 1124580 56715 1125180
34713 1134180 56715 1134780
34713 1143780 56715 1144380
36993 1129860 38931 1130460
36993 1139460 51699 1140060
36993 1149060 51699 1149660
38931 1129380 39273 1129980
39729 1129860 40185 1130460
40983 1129860 55689 1130460
44289 1123140 51699 1123740
44289 1132740 51699 1133340
44289 1142340 51699 1142940
51585 1126020 56487 1126620
51585 1126980 56487 1127580
51585 1127940 55347 1128540
51585 1128900 55347 1129500
51585 1130820 55347 1131420
51585 1131780 56487 1132380
51585 1135620 56487 1136220
51585 1136580 56487 1137180
51585 1137540 56487 1138140
51585 1138500 56487 1139100
51585 1140420 56487 1141020
51585 1141380 56487 1141980
51585 1145220 56487 1145820
51585 1146180 56487 1146780
51585 1147140 56487 1147740
51585 1148100 56487 1148700
56145 1127940 56487 1128540
56145 1128900 56487 1129500
56145 1129860 56487 1130460
56145 1130820 56487 1131420
