15146781 4156740 15149973 4157340
15146781 4173060 15149973 4173660
15146781 4176900 15149973 4177500
15146781 4182660 15148605 4183260
15146781 4189380 15149973 4189980
15146781 4193220 15149973 4193820
15146781 4200900 15149973 4201500
15146781 4205700 15149973 4206300
15146781 4215300 15148605 4215900
15146781 4243140 15147921 4243740
15146781 4247940 15148605 4248540
15146781 4257540 15149973 4258140
15146781 4263300 15148605 4263900
15146781 4270020 15149973 4270620
15146781 4275780 15148605 4276380
15146781 4279620 15148605 4280220
15146781 4283460 15148605 4284060
15146781 4294020 15149973 4294620
15146781 4301700 15149973 4302300
15146781 4316100 15148605 4316700
15146781 4319940 15147693 4320540
15146781 4340100 15165135 4340700
15146781 4343940 15148605 4344540
15147465 4138500 15149289 4139100
15147465 4356420 15149289 4357020
15147579 4239300 15149289 4239900
15147693 4139940 15148377 4140540
15147693 4216740 15148377 4217340
15147693 4285860 15148149 4286460
15147807 4209060 15149517 4209660
15147807 4230660 15149517 4231260
15148035 4180260 15149745 4180860
15148035 4233060 15149745 4233660
15148149 4135620 15150201 4136220
15148149 4136580 15149973 4137180
15148149 4137540 15150201 4138140
15148149 4140900 15148947 4141500
15148149 4141860 15148947 4142460
15148149 4142820 15149973 4143420
15148149 4143780 15149517 4144380
15148149 4145220 15150657 4145820
15148149 4146180 15150201 4146780
15148149 4147620 15149517 4148220
15148149 4149060 15150087 4149660
15148149 4150500 15150201 4151100
15148149 4151460 15150201 4152060
15148149 4152900 15148605 4153500
15148149 4153860 15151911 4154460
15148149 4155300 15149973 4155900
15148149 4157700 15149175 4158300
15148149 4159140 15149973 4159740
15148149 4160580 15148491 4161180
15148149 4161540 15148947 4162140
15148149 4162980 15150429 4163580
15148149 4163940 15149745 4164540
15148149 4165380 15149289 4165980
15148149 4166820 15150201 4167420
15148149 4167780 15149973 4168380
15148149 4169220 15149517 4169820
15148149 4170660 15150201 4171260
15148149 4171620 15149175 4172220
15148149 4174020 15149973 4174620
15148149 4175460 15150201 4176060
15148149 4177860 15149517 4178460
15148149 4179300 15149517 4179900
15148149 4181220 15151911 4181820
15148149 4183620 15150201 4184220
15148149 4184580 15149973 4185180
15148149 4185540 15149745 4186140
15148149 4186980 15150201 4187580
15148149 4188420 15150201 4189020
15148149 4190340 15150201 4190940
15148149 4191780 15149175 4192380
15148149 4194180 15149175 4194780
15148149 4195620 15150429 4196220
15148149 4196580 15149745 4197180
15148149 4198020 15149745 4198620
15148149 4199940 15150087 4200540
15148149 4201860 15149745 4202460
15148149 4203300 15149745 4203900
15148149 4204260 15149745 4204860
15148149 4206660 15151569 4207260
15148149 4208100 15150201 4208700
15148149 4210020 15150201 4210620
15148149 4211940 15148377 4212540
15148149 4213380 15149745 4213980
15148149 4214340 15149973 4214940
15148149 4217700 15150201 4218300
15148149 4218660 15149175 4219260
15148149 4219620 15149973 4220220
15148149 4220580 15150201 4221180
15148149 4222500 15149973 4223100
15148149 4223460 15149175 4224060
15148149 4224420 15149517 4225020
15148149 4225860 15150201 4226460
15148149 4226820 15149973 4227420
15148149 4228260 15151569 4228860
15148149 4229700 15150201 4230300
15148149 4231620 15149061 4232700
15148149 4234020 15150201 4234620
15148149 4234980 15150999 4235580
15148149 4235940 15150201 4236540
15148149 4237380 15150201 4237980
15148149 4238340 15151569 4238940
15148149 4240260 15148377 4240860
15148149 4241700 15149973 4242300
15148149 4244100 15150201 4244700
15148149 4245060 15149973 4245660
15148149 4246020 15149745 4246620
15148149 4246980 15150999 4247580
15148149 4248900 15150201 4249500
15148149 4249860 15151911 4250460
15148149 4251300 15149745 4251900
15148149 4252260 15149745 4252860
15148149 4253700 15151911 4254300
15148149 4254660 15150201 4255260
15148149 4256100 15151569 4256700
15148149 4258500 15151911 4259100
15148149 4259940 15149517 4260540
15148149 4261380 15150201 4261980
15148149 4262340 15149517 4262940
15148149 4264260 15149745 4264860
15148149 4265220 15150201 4265820
15148149 4266180 15152481 4266780
15148149 4267140 15150201 4267740
15148149 4268580 15150429 4269180
15148149 4270980 15148947 4271580
15148149 4272420 15149745 4273020
15148149 4273860 15150201 4274460
15148149 4274820 15149745 4275420
15148149 4276740 15149745 4277340
15148149 4277700 15150201 4278300
15148149 4278660 15149745 4279260
15148149 4280580 15149175 4281180
15148149 4282020 15149175 4282620
15148149 4284420 15150201 4285020
15148149 4285380 15149973 4285980
15148149 4286340 15150201 4286940
15148149 4287780 15151911 4288380
15148149 4288740 15149973 4289340
15148149 4290180 15149745 4290780
15148149 4291620 15150999 4292220
15148149 4292580 15151569 4293180
15148149 4294980 15150201 4295580
15148149 4296420 15151911 4297020
15148149 4298340 15150657 4298940
15148149 4299300 15151569 4299900
15148149 4300260 15149973 4300860
15148149 4302660 15150201 4303260
15148149 4304100 15151911 4304700
15148149 4305060 15150201 4305660
15148149 4306500 15150201 4307100
15148149 4307940 15150657 4308540
15148149 4308900 15151911 4309500
15148149 4310340 15149973 4310940
15148149 4311780 15150201 4312380
15148149 4312740 15149973 4313340
15148149 4314180 15151911 4314780
15148149 4315140 15150201 4315740
15148149 4317060 15150201 4317660
15148149 4318500 15151911 4319100
15148149 4320900 15150201 4321500
15148149 4321860 15152481 4322460
15148149 4322820 15150201 4323420
15148149 4324260 15151569 4324860
15148149 4325220 15150201 4325820
15148149 4326660 15150999 4327260
15148149 4328100 15150201 4328700
15148149 4329060 15150999 4329660
15148149 4330500 15149517 4331100
15148149 4331940 15150201 4332540
15148149 4332900 15150999 4333500
15148149 4334340 15155559 4334940
15148149 4335300 15155559 4335900
15148149 4336740 15155559 4337340
15148149 4338180 15162855 4339260
15148149 4341060 15155559 4341660
15148149 4342500 15177447 4343100
15148149 4344900 15162855 4345500
15148149 4345860 15155559 4346460
15148149 4346820 15162855 4347900
15148149 4348260 15162855 4348860
15148149 4349220 15177447 4349820
15148149 4350660 15155559 4351260
15148149 4352100 15149973 4352700
15148149 4353540 15149973 4354140
15148149 4354500 15162855 4355100
15148149 4355460 15149973 4356060
15148263 4297380 15149973 4297980
15148491 4160100 15152253 4160700
15148947 4139460 15149745 4140540
15148947 4140900 15149973 4141500
15148947 4211940 15150429 4212540
15148947 4216260 15150885 4216860
15148947 4221540 15151797 4222140
15149175 4280580 15149973 4281180
15149175 4283460 15149745 4284060
15149403 4157700 15150999 4158780
15149403 4223460 15150885 4224060
15149403 4316100 15150885 4316700
15149631 4194180 15150201 4194780
15149631 4275780 15149973 4276380
15149631 4282020 15151569 4282620
15149745 4218660 15149973 4219260
15149859 4141860 15151797 4142460
15149859 4147620 15151227 4148220
15149859 4164900 15151341 4165500
15149859 4169220 15151797 4169820
15149859 4177860 15152709 4178460
15149859 4179300 15152709 4179900
15149859 4182180 15150201 4182780
15149859 4186020 15151455 4186620
15149859 4191780 15151113 4192380
15149859 4210980 15151113 4211580
15149859 4232100 15152481 4232700
15149859 4240740 15151569 4241340
15149859 4242660 15150201 4243260
15149859 4262820 15151113 4263420
15149859 4263780 15151569 4264380
15149859 4270980 15153621 4271580
15149859 4271940 15150201 4272540
15149859 4279140 15150315 4279740
15149859 4319460 15150201 4320060
15149859 4330500 15152709 4331100
15149859 4343460 15179157 4344060
15150087 4140900 15150657 4141500
15150087 4152900 15150543 4153500
15150087 4155780 15151683 4156860
15150087 4171620 15151113 4172220
15150087 4197060 15152253 4198140
15150087 4201860 15152253 4204860
15150087 4290180 15152253 4291260
15150201 4149060 15151797 4150140
15150315 4138500 15152481 4139580
15150315 4159140 15152253 4159740
15150315 4161060 15151455 4161660
15150315 4189380 15151341 4189980
15150315 4294020 15151797 4294620
15150429 4236900 15152937 4237500
15150429 4269540 15152709 4270140
15150543 4167300 15152025 4167900
15150543 4218660 15161601 4219260
15150543 4271940 15151113 4272540
15150543 4275780 15152481 4276380
15150771 4140420 15152025 4141020
15150771 4213380 15152367 4214460
15150771 4227300 15152481 4227900
15150771 4305540 15151455 4306140
15150999 4185060 15152481 4185660
15150999 4200900 15151569 4201500
15150999 4211940 15151797 4212540
15150999 4245540 15152709 4246140
15150999 4277220 15151797 4277820
15151227 4147620 15152367 4148220
15151227 4165860 15154989 4166460
15151227 4234980 15155445 4235580
15151227 4246980 15152253 4247580
15151227 4279620 15151455 4280220
15151227 4307460 15152025 4308060
15151455 4151940 15152253 4152540
15151455 4171140 15153393 4171740
15151455 4186020 15152253 4186620
15151455 4198500 15152481 4199100
15151455 4199940 15152823 4200540
15151455 4223460 15153393 4224060
15151455 4251780 15152937 4252380
15151455 4260420 15152481 4261020
15151455 4302180 15152025 4302780
15151455 4312260 15152025 4312860
15151455 4320420 15153165 4321020
15151455 4329060 15152025 4329660
15151683 4135140 15152709 4135740
15151683 4189380 15152709 4189980
15151683 4192260 15154533 4192860
15151683 4230660 15152253 4231260
15151683 4241220 15152481 4241820
15151683 4255620 15153621 4256220
15151683 4271940 15152253 4272540
15151683 4279140 15152709 4279740
15151683 4281540 15152025 4282140
15151683 4285380 15152481 4285980
15151683 4289220 15153393 4289820
15151683 4306020 15152481 4306620
15151683 4332900 15154533 4333500
15151797 4162020 15152709 4162620
15151911 4143300 15152481 4143900
15151911 4144260 15153507 4145340
15151911 4152900 15152709 4153980
15151911 4155780 15153621 4156380
15151911 4161060 15156129 4161660
15151911 4210500 15153621 4211100
15151911 4276740 15152481 4277340
15151911 4316100 15152709 4316700
15152025 4145700 15153621 4146300
15152025 4157220 15153393 4157820
15152139 4150980 15152481 4151580
15152139 4164900 15152709 4165500
15152139 4173540 15152937 4174140
15152139 4175460 15153735 4176060
15152139 4182180 15153621 4182780
15152139 4183620 15153165 4184700
15152139 4186980 15153165 4187580
15152139 4190820 15154077 4191420
15152139 4194660 15153849 4195260
15152139 4206180 15154305 4206780
15152139 4208100 15152937 4208700
15152139 4211940 15157725 4212540
15152139 4220580 15153165 4221180
15152139 4228740 15154077 4229340
15152139 4237860 15153165 4238460
15152139 4239780 15153165 4240380
15152139 4242660 15153621 4243260
15152139 4244580 15155901 4245180
15152139 4253220 15153621 4253820
15152139 4259460 15152937 4260060
15152139 4261380 15153165 4261980
15152139 4262820 15153735 4263420
15152139 4264740 15153165 4265340
15152139 4267140 15153165 4267740
15152139 4273380 15157725 4273980
15152139 4280580 15152937 4281180
15152139 4286820 15152937 4287420
15152139 4293540 15153165 4294140
15152139 4296900 15154077 4297500
15152139 4298340 15152709 4298940
15152139 4301220 15154077 4301820
15152139 4317540 15153165 4318140
15152139 4324260 15153621 4324860
15152139 4328100 15153165 4328700
15152139 4331940 15154077 4332540
15152253 4137060 15153621 4137660
15152253 4139940 15152709 4140540
15152253 4154820 15156015 4155420
15152253 4159620 15152709 4160220
15152253 4291620 15154761 4292220
15152367 4140900 15153165 4141500
15152367 4148100 15155217 4148700
15152367 4149060 15156129 4149660
15152367 4158660 15152937 4159260
15152367 4162980 15154077 4163580
15152367 4163940 15154077 4164540
15152367 4169700 15153849 4170300
15152367 4174500 15154077 4175100
15152367 4176420 15152937 4177020
15152367 4180740 15153279 4181340
15152367 4187940 15153051 4188540
15152367 4196580 15154533 4197180
15152367 4202820 15153849 4203420
15152367 4216260 15153393 4216860
15152367 4222020 15153051 4223100
15152367 4225380 15154305 4225980
15152367 4238820 15152937 4239420
15152367 4246500 15153393 4247100
15152367 4254180 15155217 4254780
15152367 4282020 15156129 4282620
15152367 4283460 15153165 4284060
15152367 4287780 15155787 4288380
15152367 4295940 15152709 4296540
15152367 4310820 15154875 4311420
15152367 4326660 15153165 4327260
15152595 4150500 15154305 4151100
15152595 4151460 15154305 4152060
15152595 4198020 15153165 4198620
15152595 4205220 15153621 4205820
15152595 4214820 15154533 4215420
15152595 4227300 15153735 4227900
15152595 4243620 15154533 4244220
15152595 4247940 15154761 4249020
15152595 4249860 15154533 4250460
15152595 4256580 15154761 4257660
15152595 4268100 15154989 4269180
15152595 4299780 15154761 4300860
15152595 4303620 15154989 4304700
15152595 4306500 15153393 4307100
15152595 4312740 15154305 4313340
15152595 4325700 15153165 4326300
15152823 4172100 15154419 4173180
15152823 4185060 15153963 4185660
15152823 4186020 15153165 4186620
15152823 4188900 15154761 4189500
15152823 4203780 15154761 4204860
15152823 4226340 15153279 4226940
15152823 4266180 15153621 4266780
15152823 4285380 15153621 4285980
15152823 4308420 15154419 4309500
15152823 4321860 15154305 4322460
15153051 4138980 15154647 4139580
15153051 4141860 15154077 4142460
15153051 4159620 15153735 4160220
15153051 4207620 15154077 4208220
15153051 4208580 15153621 4209180
15153051 4229700 15154647 4230780
15153051 4269540 15154989 4270140
15153051 4276740 15154647 4277820
15153051 4290180 15154191 4290780
15153051 4302660 15154533 4303260
15153051 4305060 15153393 4305660
15153165 4213380 15154761 4214460
15153279 4180260 15153849 4180860
15153279 4279620 15156129 4280220
15153279 4294020 15153735 4294620
15153507 4135140 15156357 4135740
15153507 4143780 15154989 4144380
15153507 4167780 15154989 4168380
15153507 4173540 15154761 4174140
15153507 4177860 15154305 4178460
15153507 4197540 15155217 4198140
15153507 4215780 15154761 4216380
15153507 4224420 15154761 4225020
15153507 4238340 15154533 4238940
15153507 4239300 15154761 4239900
15153507 4241700 15155103 4242300
15153507 4250820 15154077 4251420
15153507 4252260 15154647 4252860
15153507 4264260 15154533 4264860
15153507 4278660 15154761 4279260
15153507 4283940 15154305 4284540
15153507 4319940 15154533 4320540
15153507 4327620 15154533 4328220
15153621 4240260 15154761 4240860
15153621 4261860 15154077 4262460
15153621 4272420 15154305 4273020
15153621 4286340 15154761 4287420
15153735 4158660 15155217 4159260
15153735 4189860 15155673 4190460
15153735 4201860 15154533 4202460
15153735 4220580 15155901 4221180
15153735 4267140 15155217 4267740
15153735 4305540 15154761 4306140
15153735 4315140 15157953 4315740
15153735 4328580 15154533 4329180
15153735 4329540 15154533 4330140
15153963 4182660 15154533 4183260
15153963 4195620 15154533 4196220
15153963 4208580 15154533 4209180
15153963 4210020 15154875 4210620
15153963 4231620 15158181 4232220
15153963 4284900 15155673 4285500
15153963 4289220 15154761 4289820
15154077 4358820 15159663 4359420
15154077 4374180 15159663 4374780
15154191 4171140 15154761 4171740
15154191 4175460 15155673 4176060
15154191 4176900 15156129 4177500
15154191 4184580 15154761 4185180
15154191 4200900 15155445 4201500
15154191 4223460 15154989 4224060
15154191 4227300 15155217 4227900
15154191 4246980 15156813 4247580
15154191 4275780 15154989 4276380
15154191 4281060 15155787 4281660
15154191 4301700 15154761 4302300
15154191 4306500 15155787 4307100
15154305 4156260 15158067 4156860
15154305 4263300 15154989 4263900
15154305 4293540 15154989 4294140
15154419 4146180 15155217 4147260
15154419 4169220 15155217 4169820
15154419 4174500 15155103 4175100
15154419 4187460 15155217 4188540
15154419 4202820 15157839 4203420
15154419 4207620 15155217 4208220
15154419 4222500 15157269 4223100
15154419 4233540 15155787 4234140
15154419 4237380 15155217 4237980
15154419 4261860 15156357 4262460
15154419 4274820 15156129 4275420
15154533 4183620 15156585 4184220
15154533 4185540 15155331 4186620
15154533 4198980 15155217 4200060
15154533 4232580 15155787 4233180
15154533 4258500 15155445 4259100
15154533 4260420 15155673 4261500
15154533 4265220 15155445 4266300
15154533 4270500 15154989 4271100
15154533 4321380 15154989 4321980
15154533 4322340 15155445 4322940
15154533 4325700 15155901 4326300
15154647 4136100 15155673 4136700
15154647 4138500 15156357 4139100
15154647 4141380 15156585 4141980
15154647 4142820 15158067 4143420
15154647 4145220 15157497 4145820
15154647 4162980 15155901 4163580
15154647 4164420 15156243 4165020
15154647 4166820 15156357 4167420
15154647 4177860 15155217 4178460
15154647 4180260 15156243 4180860
15154647 4191300 15155901 4191900
15154647 4193220 15155217 4194300
15154647 4210980 15155445 4211580
15154647 4228260 15155673 4228860
15154647 4252740 15155217 4253340
15154647 4259460 15155445 4260060
15154647 4282980 15154875 4283580
15154647 4292580 15156357 4293180
15154647 4298340 15158067 4298940
15154647 4307460 15155673 4308540
15154647 4309860 15156243 4310460
15154647 4312260 15156015 4312860
15154647 4317540 15155901 4318140
15154647 4318500 15155217 4319100
15154647 4323300 15155445 4323900
15154647 4324260 15155901 4324860
15154647 4327140 15155445 4327740
15154647 4329060 15155901 4329660
15154875 4150980 15157041 4152060
15154875 4152900 15159549 4153980
15154875 4159620 15156015 4160220
15154875 4170660 15156129 4171260
15154875 4181700 15155445 4182300
15154875 4229220 15155217 4229820
15154875 4238340 15156471 4239420
15154875 4248900 15156357 4249500
15154875 4271940 15155445 4272540
15154875 4277700 15157041 4278780
15154875 4290660 15156015 4291260
15154875 4295940 15156585 4296540
15154875 4301220 15155901 4301820
15154875 4332420 15159549 4333500
15154989 4204740 15156585 4205820
15155103 4214820 15156243 4215420
15155103 4216260 15156129 4216860
15155103 4217220 15157269 4218300
15155103 4243140 15156699 4244220
15155103 4249860 15157269 4250940
15155217 4308900 15156585 4309500
15155331 4177860 15156927 4178940
15155331 4188900 15156129 4189500
15155331 4224900 15156927 4225980
15155331 4254660 15156927 4255740
15155331 4270020 15155901 4270620
15155331 4289700 15156471 4290300
15155331 4300260 15156129 4300860
15155445 4212900 15155673 4213500
15155559 4139940 15156357 4140540
15155559 4236900 15156585 4237500
15155559 4239780 15157155 4240380
15155559 4256100 15157497 4256700
15155559 4257540 15157041 4258140
15155559 4262820 15159321 4263420
15155559 4299300 15156585 4299900
15155559 4321380 15157725 4321980
15155559 4322820 15156813 4323420
15155559 4326660 15157155 4327740
15155559 4328100 15156357 4328700
15155673 4185060 15156357 4185660
15155673 4199940 15157269 4201020
15155673 4251300 15157269 4251900
15155673 4259460 15157269 4260540
15155673 4283460 15157269 4284540
15155787 4136100 15156813 4136700
15155787 4148100 15158637 4148700
15155787 4186500 15157725 4187100
15155787 4271460 15156813 4272060
15155787 4297380 15156357 4297980
15155787 4306500 15156585 4307100
15155787 4310820 15156813 4311420
15155787 4313700 15156585 4314300
15155787 4319940 15156585 4320540
15155901 4291620 15156129 4292220
15156015 4159620 15157155 4160220
15156015 4162500 15157497 4163100
15156015 4190340 15157269 4190940
15156015 4198500 15157041 4199100
15156015 4263780 15158067 4264380
15156015 4288740 15156813 4289340
15156015 4316580 15157269 4317180
15156015 4318020 15156585 4318620
15156015 4318980 15156813 4319580
15156015 4329540 15157041 4330140
15156129 4163460 15159891 4164060
15156129 4179300 15156357 4179900
15156129 4294980 15157269 4295580
15156129 4305540 15157269 4306140
15156243 4171140 15157041 4171740
15156243 4181220 15156813 4181820
15156243 4215300 15158181 4215900
15156243 4253700 15156813 4254300
15156243 4290660 15157269 4291260
15156243 4294020 15159093 4294620
15156243 4325700 15158181 4326300
15156243 4334820 15157497 4335420
15156357 4274340 15157953 4274940
15156471 4158660 15157497 4159260
15156471 4174020 15157497 4175100
15156471 4176900 15158181 4177500
15156471 4221540 15157497 4222140
15156471 4240740 15160689 4241340
15156471 4296900 15157269 4297500
15156471 4300740 15158181 4301340
15156471 4323780 15157725 4324380
15156585 4146180 15159435 4146780
15156585 4187460 15157953 4188060
15156585 4206660 15157953 4207260
15156585 4229700 15157497 4230780
15156585 4237380 15157497 4237980
15156699 4139460 15157497 4140540
15156699 4183140 15158181 4183740
15156699 4189380 15157269 4189980
15156699 4238340 15158295 4239420
15156699 4264740 15157269 4265340
15156699 4304580 15157725 4305180
15156699 4306980 15162285 4307580
15156699 4335780 15171405 4336380
15156813 4181700 15157497 4182300
15156813 4265700 15157497 4266300
15156927 4204260 15157953 4204860
15156927 4223460 15160689 4224060
15156927 4248420 15157725 4249020
15156927 4279140 15157269 4279740
15156927 4285380 15157953 4285980
15156927 4299300 15157497 4299900
15156927 4333860 15159549 4334460
15157041 4149540 15157497 4150140
15157041 4160580 15157497 4161180
15157041 4212900 15159549 4213500
15157041 4260900 15157497 4261500
15157155 4135140 15160005 4135740
15157155 4137540 15157953 4138140
15157155 4140900 15159321 4141500
15157155 4154340 15160005 4154940
15157155 4165860 15159093 4166460
15157155 4168740 15158409 4169340
15157155 4169700 15159093 4170300
15157155 4179300 15158409 4179900
15157155 4180260 15159663 4180860
15157155 4185060 15158181 4185660
15157155 4193700 15157953 4194300
15157155 4194660 15159093 4195260
15157155 4196580 15158523 4197180
15157155 4197540 15157953 4198140
15157155 4214340 15157725 4214940
15157155 4216260 15158409 4216860
15157155 4220580 15160917 4221180
15157155 4225860 15158181 4226460
15157155 4227780 15160917 4228380
15157155 4233540 15157497 4234620
15157155 4235460 15158865 4236060
15157155 4246020 15160917 4246620
15157155 4252740 15158865 4253340
15157155 4281060 15158637 4281660
15157155 4287300 15157725 4288380
15157155 4292100 15157953 4292700
15157155 4301700 15157725 4302300
15157155 4310340 15157953 4310940
15157155 4311780 15157725 4312380
15157155 4313220 15160005 4313820
15157155 4314180 15157953 4314780
15157155 4330500 15157497 4331580
15157155 4355940 15171861 4356540
15157269 4257540 15158637 4258620
15157269 4276740 15158865 4277820
15157383 4159620 15158523 4160220
15157383 4171140 15159549 4172220
15157383 4175460 15158181 4176060
15157383 4205700 15159093 4206300
15157383 4209060 15158523 4209660
15157383 4210500 15159549 4211580
15157383 4242180 15158181 4242780
15157383 4244100 15159321 4244700
15157383 4253700 15162057 4254780
15157383 4259460 15158409 4260060
15157383 4267140 15159549 4268220
15157383 4270020 15159549 4271100
15157383 4283460 15158979 4284540
15157383 4289220 15157953 4289820
15157383 4295940 15158067 4296540
15157383 4308420 15157953 4309020
15157383 4318980 15158979 4320060
15157497 4271940 15159093 4273020
15157611 4255620 15159207 4256700
15157611 4329540 15158523 4330140
15157725 4200900 15158067 4201500
15157839 4151460 15159663 4152060
15157839 4157700 15159435 4158780
15157839 4188900 15159549 4189500
15157839 4190340 15162057 4190940
15157839 4192260 15160233 4192860
15157839 4248900 15161601 4249500
15157839 4264740 15159777 4265340
15157839 4279140 15158409 4279740
15157839 4294980 15158865 4295580
15157839 4301700 15158865 4302300
15157839 4317060 15159093 4317660
15157839 4320420 15160233 4321020
15157839 4327620 15158409 4328220
15157839 4328580 15158409 4329180
15157953 4201860 15159549 4202940
15157953 4203780 15159549 4204860
15157953 4296900 15159549 4297980
15158067 4138500 15158865 4139100
15158067 4150500 15158637 4151100
15158067 4199940 15158865 4200540
15158067 4208100 15159777 4208700
15158067 4308900 15158865 4309500
15158067 4310820 15158523 4311420
15158067 4311780 15159549 4312380
15158295 4155780 15159549 4156380
15158295 4173060 15159321 4173660
15158295 4197540 15159435 4198140
15158295 4231140 15160233 4231740
15158295 4242660 15159321 4243260
15158295 4280100 15159549 4280700
15158295 4289700 15158865 4290300
15158295 4292580 15159093 4293180
15158295 4314180 15159321 4314780
15158523 4143780 15159321 4144380
15158523 4160100 15160005 4160700
15158523 4184580 15159549 4185180
15158523 4186500 15159093 4187100
15158523 4193220 15159777 4193820
15158523 4214820 15160233 4215420
15158523 4225860 15159321 4226460
15158523 4232580 15159549 4233180
15158523 4273380 15160461 4273980
15158523 4284900 15159549 4285500
15158523 4291620 15159093 4292220
15158523 4304580 15158979 4305180
15158523 4310340 15159093 4310940
15158523 4323300 15159093 4323900
15158523 4326180 15159321 4326780
15158523 4329060 15159777 4329660
15158523 4330020 15159093 4330620
15158637 4182660 15159891 4183260
15158637 4183620 15160005 4184220
15158751 4141860 15159093 4142460
15158751 4185540 15160005 4186140
15158751 4278180 15160233 4278780
15158751 4282020 15160233 4282620
15158751 4299780 15160005 4300380
15158751 4305540 15159093 4306140
15158751 4315620 15159777 4316220
15158865 4174980 15160005 4175580
15158865 4199460 15159549 4200060
15158865 4239780 15160005 4240380
15158865 4289220 15159549 4289820
15158979 4137540 15160689 4138140
15158979 4150020 15160005 4150620
15158979 4168740 15160917 4169340
15158979 4196580 15160917 4197180
15158979 4252260 15160005 4252860
15158979 4282980 15160005 4283580
15158979 4285860 15161829 4286460
15158979 4308420 15159549 4309020
15159093 4159140 15160005 4159740
15159093 4209540 15159777 4210140
15159093 4247460 15159777 4248060
15159093 4287780 15160575 4288380
15159093 4318020 15159777 4319100
15159093 4321860 15160005 4322940
15159207 4148100 15162057 4148700
15159207 4156740 15159663 4157340
15159207 4170180 15160233 4170780
15159207 4176900 15160005 4177980
15159207 4195140 15161373 4195740
15159207 4228740 15159663 4229340
15159207 4250340 15162057 4250940
15159207 4258020 15160917 4258620
15159207 4258980 15162285 4259580
15159207 4266180 15159777 4266780
15159207 4301700 15160005 4302780
15159321 4187460 15160005 4188540
15159321 4241700 15159777 4242300
15159321 4305540 15163083 4306140
15159321 4327140 15160347 4327740
15159435 4139460 15160005 4140540
15159435 4142820 15160461 4143420
15159435 4149060 15160233 4149660
15159435 4164420 15160461 4165020
15159435 4167780 15161145 4168380
15159435 4172580 15160233 4173180
15159435 4186500 15160233 4187100
15159435 4198500 15162285 4199100
15159435 4211940 15162285 4212540
15159435 4233540 15160461 4234140
15159435 4235460 15161145 4236060
15159435 4262340 15160005 4262940
15159435 4263780 15163197 4264380
15159435 4275780 15160005 4276860
15159435 4281060 15160689 4281660
15159435 4293540 15160917 4294140
15159435 4294500 15160233 4295100
15159435 4298340 15162285 4298940
15159435 4303140 15159777 4303740
15159435 4309380 15160005 4309980
15159435 4310820 15161031 4311420
15159435 4316580 15160005 4317180
15159435 4323780 15162285 4324380
15159435 4331460 15161373 4332060
15159549 4238340 15161145 4239420
15159549 4269540 15160233 4270140
15159663 4146180 15160803 4146780
15159663 4151940 15161829 4153020
15159663 4161540 15160461 4162140
15159663 4180260 15160803 4180860
15159663 4236900 15160803 4237500
15159663 4330500 15160461 4331100
15159663 4358820 15160347 4359420
15159891 4166820 15160917 4167420
15159891 4200900 15162285 4201980
15159891 4203780 15162057 4204860
15159891 4224420 15160917 4225020
15159891 4225860 15161487 4226940
15159891 4244100 15162057 4245180
15159891 4255620 15161031 4256220
15159891 4268100 15162285 4269180
15159891 4295940 15162285 4297020
15159891 4314180 15161487 4315260
15159891 4332420 15162057 4333500
15160005 4271460 15160689 4272060
15160119 4140900 15163881 4141500
15160119 4153860 15161601 4154460
15160119 4154820 15161829 4155420
15160119 4162980 15160575 4163580
15160119 4184580 15161943 4185660
15160119 4232580 15161373 4233180
15160119 4247460 15165705 4248060
15160119 4270500 15162969 4271100
15160119 4279140 15160689 4279740
15160119 4290180 15160461 4290780
15160119 4309380 15160917 4309980
15160119 4334340 15163881 4334940
15160347 4136580 15161145 4137180
15160347 4138500 15161145 4139100
15160347 4156260 15161601 4156860
15160347 4160580 15161829 4161180
15160347 4172100 15160689 4172700
15160347 4188420 15161601 4189020
15160347 4189380 15161145 4189980
15160347 4283460 15161943 4284540
15160347 4317060 15161145 4317660
15160347 4326660 15161943 4327740
15160347 4328580 15161829 4329180
15160461 4243140 15162057 4243740
15160461 4272420 15160689 4273020
15160461 4277700 15162057 4278780
15160575 4143300 15161601 4143900
15160575 4157700 15162057 4158300
15160575 4170180 15163425 4170780
15160575 4216740 15162399 4217340
15160575 4265220 15161145 4265820
15160575 4276740 15161601 4277340
15160575 4315620 15162741 4316220
15160575 4320900 15162057 4321500
15160575 4325700 15162513 4326300
15160803 4162020 15161601 4162620
15160803 4183620 15162399 4184220
15160803 4186980 15161601 4187580
15160803 4202820 15162057 4203420
15160803 4230660 15162057 4231260
15160803 4329540 15161829 4330140
15160917 4144260 15162855 4144860
15160917 4145220 15163197 4145820
15160917 4178340 15162285 4178940
15160917 4214340 15162057 4214940
15161031 4146660 15162741 4147260
15161031 4149060 15162285 4149660
15161031 4159620 15163881 4160220
15161031 4164420 15162057 4165020
15161031 4179780 15162057 4180380
15161031 4182180 15162285 4182780
15161031 4192260 15163881 4192860
15161031 4199940 15161373 4200540
15161031 4210500 15162741 4211100
15161031 4222980 15163425 4223580
15161031 4224900 15162057 4225500
15161031 4228740 15162057 4229340
15161031 4236420 15161601 4237020
15161031 4251780 15162855 4252380
15161031 4255140 15162057 4255740
15161031 4274820 15162285 4275420
15161031 4284900 15162285 4285500
15161031 4291620 15162969 4292220
15161031 4309860 15162057 4310460
15161031 4313220 15161829 4313820
15161031 4324740 15161601 4325340
15161031 4374180 15161601 4374780
15161145 4135620 15162285 4136700
15161145 4318020 15162171 4318620
15161259 4150020 15162057 4151100
15161259 4163460 15162057 4164060
15161259 4168740 15183261 4169340
15161259 4172100 15162057 4172700
15161259 4175940 15162057 4176540
15161259 4233540 15162057 4234140
15161259 4237380 15162285 4237980
15161259 4267140 15162741 4267740
15161259 4272420 15162513 4273020
15161259 4288740 15162513 4289340
15161259 4289700 15162513 4290300
15161259 4303140 15162285 4303740
15161259 4317060 15162285 4317660
15161373 4180740 15161601 4181340
15161373 4235460 15162969 4236060
15161373 4279620 15162855 4280220
15161373 4322340 15163311 4322940
15161373 4341540 15176079 4342140
15161373 4357860 15183375 4358460
15161373 4359300 15165135 4359900
15161373 4360260 15165249 4360860
15161373 4361220 15165249 4361820
15161373 4362180 15165135 4362780
15161373 4365060 15165249 4365660
15161373 4366020 15165249 4366620
15161373 4366980 15165135 4367580
15161373 4367940 15165135 4368540
15161373 4369860 15165249 4370460
15161373 4370820 15165249 4371420
15161373 4371780 15165135 4372380
15161373 4372740 15165135 4373340
15161373 4375140 15176079 4375740
15161373 4376100 15176079 4377660
15161373 4379460 15165249 4380060
15161373 4380420 15165249 4381020
15161373 4381380 15165135 4381980
15161373 4382340 15165135 4382940
15161373 4384260 15165249 4384860
15161373 4385220 15165249 4385820
15161373 4386180 15165135 4386780
15161373 4387140 15165135 4387740
15161373 4389060 15165249 4389660
15161373 4390020 15165249 4390620
15161373 4390980 15165135 4391580
15161373 4391940 15165135 4392540
15161373 4393860 15165249 4394460
15161373 4394820 15165249 4395420
15161373 4395780 15165135 4396380
15161487 4137060 15164337 4137660
15161487 4173060 15162057 4173660
15161487 4206660 15163197 4207260
15161487 4208580 15163083 4209180
15161487 4220100 15162285 4220700
15161487 4258020 15161943 4258620
15161487 4265220 15163197 4265820
15161487 4271460 15163425 4272060
15161487 4281060 15162285 4281660
15161487 4307940 15162855 4308540
15161487 4311780 15176193 4312380
15161601 4246020 15162285 4246620
15161601 4319940 15162057 4320540
15161715 4165380 15162171 4165980
15161715 4186020 15163881 4186620
15161715 4194180 15162855 4195260
15161715 4212900 15162741 4213500
15161715 4218180 15163653 4218780
15161715 4219140 15162741 4219740
15161715 4227300 15163881 4227900
15161715 4241220 15162513 4242300
15161715 4259940 15163653 4260540
15161829 4142340 15164679 4142940
15161829 4273380 15162285 4273980
15161829 4294020 15162285 4294620
15161943 4156740 15162741 4157340
15161943 4174020 15163653 4174620
15161943 4174980 15162741 4175580
15161943 4177380 15163653 4177980
15161943 4189380 15162855 4189980
15161943 4195620 15162513 4196220
15161943 4196580 15162969 4197180
15161943 4205700 15163653 4206300
15161943 4221540 15163653 4222140
15161943 4252740 15164793 4253340
15161943 4257060 15162741 4257660
15161943 4269540 15164109 4270140
15161943 4276260 15165705 4276860
15161943 4286340 15162741 4286940
15161943 4287300 15162513 4288380
15161943 4294980 15164109 4295580
15161943 4299780 15163197 4300380
15161943 4301220 15162969 4301820
15161943 4302180 15167529 4302780
15161943 4314180 15162855 4314780
15161943 4330980 15163881 4331580
15162057 4139460 15163653 4140540
15162057 4179780 15163653 4180860
15162171 4176420 15162741 4177020
15162171 4184580 15163767 4185660
15162171 4223940 15164337 4226940
15162171 4258020 15162741 4258620
15162171 4318020 15163197 4318620
15162171 4328580 15164337 4329660
15162171 4330020 15163197 4330620
15162285 4171620 15162741 4172220
15162285 4232580 15164337 4233660
15162285 4244100 15164337 4245180
15162399 4154820 15163311 4155420
15162399 4182660 15165249 4183260
15162399 4198980 15163767 4199580
15162399 4228740 15163995 4229820
15162399 4256100 15164337 4256700
15162399 4261380 15162855 4261980
15162399 4319940 15163197 4320540
15162399 4320900 15162855 4321500
15162399 4324740 15163197 4325340
15162513 4215780 15162969 4216380
15162627 4150500 15164565 4151100
15162627 4152420 15164337 4153020
15162627 4163460 15164565 4164060
15162627 4203300 15162969 4203900
15162627 4204260 15163197 4204860
15162627 4214340 15162855 4214940
15162627 4249380 15163653 4249980
15162627 4254660 15164565 4255260
15162627 4266180 15162855 4266780
15162627 4309380 15164337 4309980
15162741 4166340 15164337 4167420
15162741 4187460 15164337 4188540
15162741 4210500 15164337 4213500
15162741 4230660 15164337 4231740
15162741 4262340 15164337 4263420
15162741 4281540 15162969 4282140
15162741 4290180 15164337 4291260
15162741 4326660 15164337 4327740
15162741 4345860 15164679 4346460
15162741 4350660 15164679 4351260
15162741 4352580 15164679 4353180
15162855 4164420 15163311 4165020
15162855 4175460 15163881 4176060
15162855 4190340 15163653 4191420
15162855 4195140 15163881 4195740
15162855 4199940 15163311 4200540
15162855 4257540 15164109 4258140
15162855 4285380 15163881 4285980
15162855 4286820 15165705 4287420
15162855 4297860 15163653 4298460
15162855 4332900 15181209 4333500
15162969 4162020 15163311 4162620
15162969 4181220 15164565 4181820
15162969 4292100 15163425 4292700
15163083 4143780 15164337 4144380
15163083 4183620 15163881 4184220
15163083 4198020 15164337 4198620
15163083 4288260 15165249 4288860
15163083 4351620 15165021 4352220
15163197 4145700 15164337 4146300
15163197 4156260 15164337 4156860
15163197 4208580 15164337 4209180
15163197 4234980 15163425 4235580
15163311 4147140 15165249 4147740
15163311 4176420 15165021 4177020
15163311 4283460 15165021 4284060
15163311 4325220 15164337 4325820
15163539 4155300 15164109 4155900
15163539 4158180 15164565 4158780
15163539 4161540 15165249 4162140
15163539 4165380 15164337 4165980
15163539 4202820 15165249 4203420
15163539 4204740 15164109 4205340
15163539 4222980 15165249 4223580
15163539 4235460 15165249 4236060
15163539 4236420 15164337 4237020
15163539 4292580 15164565 4293180
15163653 4242180 15164337 4242780
15163767 4171140 15164565 4172220
15163767 4172580 15164565 4173180
15163767 4198980 15164337 4199580
15163767 4238820 15164793 4239420
15163767 4250340 15164337 4250940
15163767 4267620 15164565 4268220
15163767 4271460 15164565 4272060
15163767 4272900 15165249 4273500
15163767 4281540 15164565 4282140
15163767 4297860 15164337 4298460
15163881 4196580 15165477 4197180
15163881 4215780 15164565 4216380
15163881 4265700 15164565 4266300
15163995 4205700 15165249 4206300
15163995 4270500 15167757 4271100
15163995 4293540 15167757 4294140
15164109 4153380 15164565 4153980
15164109 4157220 15164793 4157820
15164109 4173540 15182463 4174140
15164109 4219140 15165135 4219740
15164109 4300740 15165249 4301340
15164109 4315620 15182463 4316220
15164109 4319460 15182463 4320060
15164223 4138980 15165705 4139580
15164223 4141380 15165021 4141980
15164223 4144740 15164793 4145340
15164223 4148580 15165933 4149180
15164223 4162500 15165021 4163100
15164223 4167780 15167073 4168380
15164223 4169700 15165249 4170300
15164223 4175460 15164565 4176060
15164223 4177860 15165249 4178460
15164223 4178820 15165249 4179420
15164223 4185060 15165705 4185660
15164223 4191300 15166617 4191900
15164223 4193700 15166389 4194300
15164223 4194660 15165249 4195260
15164223 4199940 15166617 4200540
15164223 4200900 15165249 4201500
15164223 4201860 15166617 4202460
15164223 4206660 15166617 4208220
15164223 4214820 15165819 4215420
15164223 4220100 15166617 4220700
15164223 4222020 15166617 4222620
15164223 4228260 15165705 4228860
15164223 4240740 15165249 4241340
15164223 4248900 15164793 4249500
15164223 4251780 15166617 4252380
15164223 4258980 15165705 4259580
15164223 4260900 15165705 4261500
15164223 4268580 15164451 4269180
15164223 4269540 15165021 4270140
15164223 4273860 15165021 4274460
15164223 4274820 15165249 4275420
15164223 4277220 15165705 4277820
15164223 4279140 15166389 4279740
15164223 4280100 15166161 4280700
15164223 4282500 15166617 4283100
15164223 4284420 15164565 4285500
15164223 4299300 15165477 4299900
15164223 4304580 15165021 4305180
15164223 4306500 15166617 4308060
15164223 4313700 15164793 4314300
15164223 4314660 15182577 4315260
15164223 4321380 15165021 4321980
15164223 4322340 15164793 4322940
15164223 4323300 15165249 4323900
15164223 4331940 15165021 4332540
15164337 4165860 15165477 4166460
15164337 4195620 15165477 4196220
15164451 4139940 15165477 4140540
15164451 4151460 15165477 4152060
15164451 4159620 15165249 4160220
15164451 4186980 15166161 4187580
15164451 4204260 15165591 4204860
15164451 4209060 15165591 4209660
15164451 4210500 15165249 4211100
15164451 4213860 15165249 4214460
15164451 4226820 15165249 4227420
15164451 4229700 15165249 4230300
15164451 4233540 15165249 4234140
15164451 4234500 15165249 4235100
15164451 4242180 15164907 4242780
15164451 4245060 15165249 4245660
15164451 4257060 15165477 4257660
15164451 4258020 15165021 4258620
15164451 4264740 15165477 4265340
15164451 4285860 15168213 4286460
15164451 4308420 15165249 4309020
15164451 4310340 15165249 4310940
15164451 4329540 15165249 4330140
15164451 4337220 15165249 4337820
15164451 4353540 15165249 4354140
15164565 4338180 15166617 4338780
15164565 4339140 15166617 4339740
15164565 4346820 15166617 4347420
15164565 4354500 15166617 4355100
15164679 4150020 15165249 4150620
15164679 4152420 15165705 4153020
15164679 4216740 15165819 4217340
15164679 4255140 15165249 4255740
15164679 4259940 15166617 4260540
15164679 4296900 15165249 4297500
15164679 4309380 15165249 4309980
15164793 4180740 15166617 4181340
15164793 4271940 15166617 4272540
15164907 4135620 15166617 4136220
15164907 4198980 15166617 4199580
15164907 4224420 15165705 4225020
15164907 4230660 15166617 4231260
15164907 4254180 15167073 4254780
15164907 4262340 15166617 4262940
15164907 4290180 15166617 4290780
15164907 4316580 15179613 4317180
15164907 4317540 15179613 4318140
15164907 4320420 15165705 4321020
15164907 4324260 15179613 4324860
15164907 4327140 15183261 4327740
15165021 4267140 15166617 4267740
15165021 4364100 15166617 4364700
15165021 4368900 15166617 4369500
15165021 4373700 15166617 4374300
15165021 4378500 15166617 4379100
15165021 4383300 15166617 4383900
15165021 4388100 15166617 4388700
15165021 4392900 15166617 4393500
15165135 4136580 15188505 4137180
15165135 4143300 15166617 4143900
15165135 4145220 15166617 4145820
15165135 4156740 15166617 4157340
15165135 4163460 15166617 4164060
15165135 4171620 15165933 4172220
15165135 4172580 15167073 4173180
15165135 4174980 15166617 4176540
15165135 4179780 15166617 4180380
15165135 4187940 15176193 4188540
15165135 4188900 15166617 4189500
15165135 4190340 15167073 4190940
15165135 4218180 15166617 4218780
15165135 4225380 15166161 4225980
15165135 4238340 15166617 4238940
15165135 4243140 15166617 4243740
15165135 4248900 15166617 4249500
15165135 4252740 15166617 4253340
15165135 4263300 15188505 4263900
15165135 4281060 15165933 4281660
15165135 4283940 15165591 4284540
15165135 4284900 15167985 4285500
15165135 4291140 15166617 4291740
15165135 4292100 15167073 4292700
15165135 4294980 15166617 4295580
15165135 4303140 15168897 4303740
15165135 4305060 15166617 4305660
15165135 4321860 15166617 4322460
15165135 4331460 15173913 4332060
15165135 4334340 15166617 4334940
15165363 4138020 15183717 4138620
15165363 4141860 15166389 4142460
15165363 4150500 15165933 4151100
15165363 4153380 15167187 4153980
15165363 4161060 15167073 4161660
15165363 4183140 15167415 4183740
15165363 4273380 15166959 4273980
15165591 4235940 15169353 4236540
15165591 4239780 15167073 4240380
15165591 4268580 15167073 4269180
15165591 4287780 15166617 4288380
15165705 4205220 15167073 4205820
15165819 4140900 15166845 4141500
15165819 4149540 15167073 4150140
15165819 4182180 15167301 4182780
15165819 4204260 15166845 4204860
15165819 4210020 15166845 4210620
15165819 4226340 15167073 4226940
15165819 4227300 15167757 4227900
15165819 4265700 15166845 4266300
15165819 4283940 15166389 4284540
15166047 4139940 15180753 4140540
15166047 4209060 15167073 4209660
15166047 4276260 15167757 4276860
15166047 4296420 15167529 4297020
15166275 4151460 15167529 4152060
15166275 4158180 15167073 4158780
15166275 4177380 15167073 4177980
15166275 4214820 15166845 4215420
15166275 4229220 15166845 4229820
15166275 4233060 15166731 4233660
15166275 4281060 15166503 4281660
15166275 4299300 15167529 4299900
15166389 4246500 15166845 4247100
15166503 4142340 15167757 4142940
15166503 4159620 15170265 4160220
15166503 4162500 15167529 4163100
15166503 4166340 15167529 4166940
15166503 4171140 15167301 4171740
15166503 4185540 15169353 4186140
15166503 4186500 15170265 4187100
15166503 4192260 15167301 4192860
15166503 4196100 15167529 4196700
15166503 4197060 15167301 4197660
15166503 4198020 15167757 4198620
15166503 4211460 15167529 4212060
15166503 4213380 15167301 4214460
15166503 4216260 15167529 4216860
15166503 4217220 15167073 4217820
15166503 4221060 15168441 4221660
15166503 4222980 15167301 4223580
15166503 4223940 15167529 4224540
15166503 4234500 15170265 4235100
15166503 4237380 15167529 4237980
15166503 4240740 15167985 4241340
15166503 4242180 15167529 4242780
15166503 4244580 15167073 4245180
15166503 4247460 15166959 4248060
15166503 4249860 15166845 4250460
15166503 4255620 15166959 4256220
15166503 4256580 15167529 4257180
15166503 4257540 15167301 4258620
15166503 4261380 15168441 4261980
15166503 4264260 15168441 4264860
15166503 4274820 15167529 4275420
15166503 4279620 15166845 4280220
15166503 4280580 15169353 4281180
15166503 4283460 15167529 4284060
15166503 4289220 15167529 4289820
15166503 4308420 15167757 4309020
15166503 4345860 15181209 4346460
15166503 4350660 15181209 4351260
15166503 4351620 15195801 4353180
15166503 4359300 15181209 4359900
15166503 4366980 15195801 4368540
15166503 4371780 15195801 4373340
15166503 4381380 15195801 4382940
15166503 4386180 15195801 4387740
15166503 4390980 15195801 4392540
15166617 4156260 15166959 4156860
15166731 4154340 15167073 4154940
15166731 4155300 15167301 4155900
15166731 4199460 15167529 4200060
15166731 4206180 15168441 4206780
15166731 4245540 15181437 4246140
15166731 4277220 15168099 4277820
15166731 4295460 15167985 4296060
15166731 4298340 15168441 4298940
15166959 4147140 15167529 4147740
15166959 4170180 15167415 4170780
15166959 4179300 15167529 4179900
15166959 4200900 15169125 4203900
15166959 4207140 15168099 4207740
15166959 4219140 15169125 4220220
15166959 4228260 15167529 4228860
15166959 4229700 15169125 4230780
15166959 4232580 15167529 4233180
15166959 4251300 15167301 4251900
15166959 4266660 15167187 4267260
15166959 4278660 15167529 4279260
15166959 4281540 15167985 4282140
15166959 4290180 15171633 4291260
15166959 4300740 15168099 4301340
15166959 4304580 15169125 4305660
15167073 4231620 15167985 4232220
15167073 4265220 15168669 4266300
15167187 4144740 15167529 4145340
15167187 4163460 15168783 4164540
15167187 4172100 15168783 4173180
15167187 4191300 15170949 4191900
15167187 4212420 15167529 4213020
15167187 4225380 15167529 4225980
15167187 4267140 15168897 4267740
15167187 4287300 15168783 4288380
15167301 4222020 15168897 4223100
15167415 4156740 15168213 4157340
15167415 4165380 15170037 4165980
15167415 4167300 15169353 4167900
15167415 4194660 15170265 4195260
15167415 4210020 15171177 4210620
15167415 4215300 15169923 4215900
15167415 4218180 15168669 4218780
15167415 4233540 15167871 4234140
15167415 4253220 15182121 4253820
15167415 4259460 15168669 4260060
15167415 4279620 15171177 4280220
15167415 4306500 15196713 4307100
15167643 4228740 15168213 4229340
15167643 4243620 15168213 4244220
15167643 4244580 15182349 4245180
15167643 4254180 15168669 4254780
15167643 4294500 15168213 4295100
15167871 4143300 15168897 4143900
15167871 4144260 15168327 4144860
15167871 4147620 15168099 4148220
15167871 4151940 15168669 4152540
15167871 4162020 15169581 4162620
15167871 4171140 15175281 4171740
15167871 4180740 15168441 4181340
15167871 4183620 15169809 4184220
15167871 4198500 15169011 4199100
15167871 4232580 15171633 4233180
15167871 4237860 15182577 4238460
15167871 4247460 15168669 4248060
15167871 4255140 15168897 4255740
15167871 4258500 15168669 4259100
15167871 4269540 15168213 4270140
15167871 4271460 15168897 4272060
15167871 4276260 15168897 4276860
15167871 4282500 15168441 4283100
15167871 4288740 15168897 4289340
15167985 4142340 15168213 4142940
15167985 4154340 15169125 4154940
15167985 4216740 15169809 4217340
15167985 4227300 15169809 4227900
15167985 4270500 15169125 4271100
15167985 4301700 15168213 4302300
15168099 4148100 15169353 4148700
15168099 4155300 15168669 4155900
15168099 4178340 15169125 4178940
15168099 4211940 15169581 4212540
15168099 4250340 15182805 4250940
15168099 4251780 15169125 4252380
15168099 4256580 15168669 4257180
15168099 4273860 15170151 4274460
15168099 4299780 15168669 4300380
15168327 4228260 15175737 4228860
15168327 4241220 15169239 4241820
15168327 4249380 15169125 4249980
15168441 4142340 15169353 4142940
15168441 4146660 15168669 4147260
15168441 4199460 15170949 4200060
15168441 4292580 15174027 4293180
15168555 4144260 15169125 4144860
15168555 4152900 15170493 4153500
15168555 4170180 15170949 4170780
15168555 4179780 15172317 4180380
15168555 4207140 15170493 4207740
15168555 4223940 15170265 4224540
15168555 4295460 15171405 4296060
15168669 4182180 15171177 4182780
15168669 4197060 15169239 4198140
15168669 4213860 15169125 4214460
15168669 4236900 15174255 4237500
15168669 4257540 15169581 4258620
15168669 4260420 15169581 4261500
15168669 4307460 15183375 4308540
15168783 4226340 15170265 4226940
15168783 4243620 15183489 4244220
15168783 4282020 15170379 4282620
15168783 4282980 15169809 4283580
15168783 4298340 15169809 4298940
15168897 4210980 15171177 4211580
15168897 4212900 15169809 4213500
15168897 4218180 15169581 4218780
15168897 4225380 15169695 4225980
15168897 4242660 15169239 4243260
15168897 4276740 15169353 4277340
15168897 4296900 15170835 4297500
15168897 4299300 15169809 4299900
15169011 4150500 15171177 4151100
15169011 4160580 15171177 4161180
15169011 4177380 15176421 4177980
15169011 4190340 15170265 4190940
15169011 4192740 15169581 4193340
15169011 4193700 15169581 4194300
15169011 4205220 15172773 4205820
15169011 4208100 15169581 4208700
15169011 4209060 15169239 4209660
15169011 4254660 15183717 4255260
15169011 4264740 15169581 4265340
15169011 4267620 15169581 4268220
15169011 4268580 15170037 4269180
15169011 4269540 15170607 4270140
15169011 4271940 15169809 4272540
15169011 4275780 15169809 4276380
15169011 4277700 15170949 4278300
15169011 4284420 15169809 4285020
15169011 4286340 15169809 4287420
15169011 4293540 15169581 4294140
15169011 4300260 15169581 4300860
15169125 4200420 15169581 4201020
15169239 4154820 15170037 4155420
15169239 4180740 15171177 4181820
15169239 4222020 15170835 4223100
15169239 4258980 15169809 4259580
15169239 4266180 15171405 4267260
15169467 4196580 15171405 4197180
15169467 4201860 15171633 4204860
15169467 4213860 15170721 4214460
15169467 4248900 15184173 4249500
15169467 4274820 15173685 4275420
15169467 4302660 15170265 4303260
15169695 4143780 15170265 4144380
15169695 4145220 15170265 4145820
15169695 4162980 15170151 4163580
15169695 4164420 15171861 4165020
15169695 4166340 15171291 4167420
15169695 4288740 15170493 4289340
15169809 4271940 15171405 4273020
15169923 4151460 15171747 4152060
15169923 4153860 15171861 4154460
15169923 4214820 15171861 4215420
15169923 4219140 15171063 4219740
15169923 4230660 15171633 4231260
15169923 4301220 15171633 4301820
15170037 4146660 15173457 4147260
15170037 4192260 15171633 4193340
15170037 4246980 15177447 4247580
15170037 4255620 15177447 4256220
15170151 4155780 15171177 4156380
15170151 4184580 15170949 4185180
15170151 4268100 15170949 4268700
15170151 4270980 15170607 4271580
15170151 4294020 15170949 4294620
15170151 4300260 15172089 4300860
15170151 4305060 15181209 4305660
15170151 4328100 15181209 4328700
15170265 4167780 15170493 4168380
15170265 4183140 15170607 4183740
15170379 4149060 15171861 4149660
15170379 4156740 15171633 4157340
15170379 4212900 15171177 4213500
15170379 4229220 15171405 4229820
15170379 4281060 15170607 4281660
15170379 4282020 15171405 4282620
15170493 4217220 15171633 4217820
15170493 4218180 15171633 4218780
15170607 4145220 15171063 4145820
15170607 4194180 15171291 4195260
15170607 4209060 15172545 4209660
15170607 4221060 15170949 4221660
15170607 4238820 15178017 4239420
15170607 4261380 15171633 4261980
15170607 4269060 15170949 4269660
15170607 4297860 15171633 4298460
15170835 4178340 15171177 4178940
15170835 4190340 15175053 4190940
15170835 4223940 15172545 4224540
15170835 4240740 15178245 4241340
15170835 4258500 15172089 4259100
15170835 4287300 15171861 4287900
15171063 4154820 15171633 4155420
15171063 4159620 15173457 4160220
15171063 4259460 15172773 4260060
15171063 4267620 15172773 4268220
15171063 4294500 15172317 4295100
15171177 4142820 15171861 4143420
15171177 4170180 15176763 4170780
15171177 4227300 15171975 4227900
15171177 4275780 15171633 4276380
15171177 4283460 15171861 4284540
15171177 4298820 15171861 4299900
15171291 4181700 15172089 4182300
15171291 4189380 15172089 4189980
15171291 4225860 15172887 4226460
15171291 4268580 15172773 4269180
15171291 4285380 15171861 4286460
15171405 4165380 15173913 4165980
15171519 4141860 15182577 4142460
15171519 4152900 15173001 4153500
15171519 4158180 15172317 4158780
15171519 4160580 15174369 4161180
15171519 4162020 15172545 4162620
15171519 4162980 15172545 4163580
15171519 4183140 15173115 4183740
15171519 4191300 15174369 4191900
15171519 4197060 15172089 4197660
15171519 4198020 15173457 4198620
15171519 4199940 15172317 4200540
15171519 4213860 15172089 4214460
15171519 4219140 15173457 4219740
15171519 4235940 15172545 4236540
15171519 4265220 15173229 4265820
15171519 4270020 15172545 4270620
15171519 4271460 15172089 4272060
15171519 4276740 15172545 4277340
15171519 4280100 15171861 4280700
15171519 4281060 15172317 4281660
15171519 4296420 15172545 4297020
15171519 4303620 15173457 4304220
15171633 4212420 15172317 4213020
15171633 4257060 15172317 4257660
15171633 4272900 15173229 4273980
15171633 4277700 15173229 4278780
15171747 4144260 15172545 4144860
15171747 4166340 15172317 4166940
15171747 4178340 15182805 4178940
15171747 4184100 15172317 4184700
15171747 4186500 15173913 4187580
15171747 4193700 15172773 4194300
15171747 4200900 15172317 4201500
15171747 4222020 15173913 4223100
15171747 4234500 15176421 4235580
15171747 4260420 15173115 4261020
15171747 4262340 15173115 4262940
15171747 4264260 15173115 4264860
15171747 4282020 15172773 4282620
15171747 4289220 15173913 4290300
15171975 4203300 15173229 4203900
15171975 4210500 15173685 4211100
15171975 4215300 15173571 4216380
15171975 4232580 15175737 4233180
15171975 4275780 15173001 4276380
15172089 4192260 15173685 4193340
15172089 4229700 15173685 4230780
15172203 4142820 15183261 4143420
15172203 4195140 15172773 4195740
15172203 4208100 15173457 4208700
15172203 4214340 15173001 4214940
15172203 4266180 15172773 4266780
15172203 4287780 15173457 4288380
15172203 4297860 15173457 4298460
15172431 4184580 15173457 4185180
15172431 4189380 15173685 4189980
15172431 4207140 15174141 4207740
15172431 4217220 15173571 4217820
15172431 4221060 15173913 4221660
15172431 4233540 15173685 4234140
15172431 4300260 15173799 4300860
15172545 4155780 15174141 4156380
15172545 4179300 15183603 4179900
15172659 4158180 15172887 4158780
15172659 4163460 15174597 4164060
15172659 4167780 15173685 4168380
15172659 4196100 15173229 4196700
15172659 4199460 15173913 4200060
15172659 4200900 15174597 4201500
15172659 4271460 15183717 4272060
15172773 4166820 15173001 4167420
15172773 4282020 15173913 4282620
15172887 4157220 15173913 4157820
15172887 4224420 15173913 4225020
15172887 4231140 15173913 4231740
15172887 4268100 15187593 4268700
15172887 4276740 15173457 4277340
15173001 4301220 15174369 4301820
15173115 4151460 15175053 4152060
15173115 4152420 15175053 4153020
15173115 4201860 15174597 4202460
15173115 4226340 15175053 4226940
15173115 4269060 15175281 4269660
15173115 4294020 15174369 4294620
15173229 4298820 15180639 4299420
15173343 4145700 15174825 4146300
15173343 4161540 15174597 4162140
15173343 4203780 15174597 4204380
15173343 4277700 15174939 4278780
15173343 4283460 15174939 4284540
15173457 4181700 15174597 4182780
15173457 4194180 15174483 4194780
15173457 4213380 15174027 4214460
15173685 4195140 15174369 4195740
15173685 4270020 15195687 4270620
15173685 4295940 15174369 4296540
15173685 4296900 15188391 4297500
15173799 4149540 15175281 4150140
15173799 4150500 15174825 4151100
15173799 4153860 15174597 4154460
15173799 4158180 15174825 4158780
15173799 4159620 15174825 4160220
15173799 4166340 15174825 4166940
15173799 4167300 15174369 4167900
15173799 4183620 15175053 4184220
15173799 4193220 15174255 4193820
15173799 4198500 15175167 4199100
15173799 4202820 15175737 4203420
15173799 4204740 15175281 4205340
15173799 4205700 15177219 4206300
15173799 4209540 15174369 4210140
15173799 4216740 15174825 4217340
15173799 4217700 15176649 4218300
15173799 4272900 15188505 4273500
15173799 4275300 15181209 4275900
15173799 4279140 15174597 4279740
15173799 4280100 15176649 4280700
15173799 4286340 15174825 4286940
15173799 4287300 15174939 4287900
15173799 4288260 15175281 4288860
15173799 4290660 15174369 4291260
15173799 4303620 15175509 4304220
15173799 4309380 15181209 4309980
15173799 4361220 15181209 4361820
15173913 4196100 15175053 4196700
15174027 4148580 15175053 4149180
15174027 4185060 15175281 4185660
15174027 4293060 15174825 4293660
15174141 4210500 15175737 4211580
15174141 4285380 15174825 4285980
15174255 4156740 15174825 4157340
15174255 4192260 15176421 4193340
15174255 4219140 15176421 4219740
15174255 4222980 15176421 4225980
15174255 4236420 15176421 4237500
15174483 4147140 15198309 4147740
15174483 4186020 15176421 4186620
15174483 4186980 15175965 4187580
15174483 4230180 15175509 4230780
15174483 4231620 15175053 4232220
15174483 4233540 15196485 4234140
15174483 4276260 15181893 4276860
15174711 4180260 15182121 4180860
15174711 4211940 15175509 4212540
15174711 4273860 15189417 4274460
15174711 4282500 15175509 4283100
15174711 4291140 15175281 4291740
15174711 4302660 15182121 4303260
15174825 4284900 15177333 4285500
15174939 4157220 15182349 4157820
15174939 4158660 15182349 4159260
15174939 4160580 15196941 4161180
15174939 4289220 15175737 4289820
15174939 4292100 15175737 4292700
15174939 4294500 15175965 4295100
15175167 4148100 15176421 4148700
15175167 4166340 15176421 4166940
15175167 4191300 15175737 4191900
15175167 4200900 15177561 4201500
15175167 4216260 15175737 4216860
15175167 4231140 15175395 4231740
15175167 4295460 15175965 4296060
15175395 4194180 15176421 4194780
15175395 4290660 15176421 4291260
15175509 4204260 15176193 4204860
15175623 4222020 15176649 4222620
15175623 4283460 15176421 4284060
15175623 4286340 15176421 4286940
15175623 4288260 15176421 4288860
15175737 4150500 15176421 4151100
15175851 4151460 15176421 4152060
15175851 4167300 15177447 4168380
15175851 4196580 15177561 4197180
15175851 4198980 15176763 4199580
15175851 4212420 15177105 4213020
15175851 4214340 15176649 4214940
15175851 4228740 15176991 4229820
15175965 4135140 15183375 4135740
15175965 4162020 15183375 4162620
15175965 4182180 15183375 4182780
15175965 4201860 15176877 4202940
15175965 4363620 15183375 4365180
15175965 4365540 15183375 4366140
15175965 4370340 15183375 4370940
15175965 4378020 15183375 4379580
15175965 4379940 15183375 4380540
15175965 4384740 15183375 4385340
15175965 4389540 15183375 4390140
15175965 4394340 15183375 4394940
15175965 4395300 15183375 4395900
15176079 4155780 15176649 4156860
15176079 4171140 15198081 4171740
15176079 4189860 15178245 4190460
15176079 4207140 15177105 4207740
15176079 4209060 15177675 4209660
15176079 4215780 15178929 4216380
15176079 4226340 15178929 4226940
15176079 4227300 15177789 4227900
15176079 4232100 15183489 4232700
15176079 4301700 15176421 4302300
15176193 4159620 15198195 4160220
15176193 4293060 15183603 4293660
15176307 4184100 15183717 4184700
15176307 4185060 15178473 4185660
15176307 4197540 15177333 4198140
15176307 4210020 15177561 4210620
15176307 4210980 15176649 4211580
15176307 4216740 15178245 4217340
15176307 4220100 15178017 4220700
15176307 4221060 15177789 4221660
15176307 4231140 15177219 4231740
15176307 4277700 15176649 4278780
15176307 4279140 15183717 4279740
15176307 4281060 15183717 4281660
15176307 4289220 15177333 4289820
15176307 4292100 15176877 4292700
15176307 4295940 15198309 4296540
15176421 4222980 15178017 4224060
15176535 4149060 15178131 4150140
15176535 4152900 15177105 4153500
15176535 4186980 15177675 4187580
15176535 4188420 15178131 4189500
15176535 4282980 15177105 4283580
15176763 4148100 15177333 4148700
15176763 4190820 15177903 4191420
15176763 4191780 15177903 4192380
15176763 4219140 15178701 4219740
15176763 4294020 15195117 4294620
15176991 4154820 15191697 4155420
15176991 4192740 15178473 4193340
15176991 4194180 15178587 4195260
15176991 4202820 15178929 4203420
15176991 4208100 15177219 4208700
15176991 4224420 15178473 4225020
15176991 4234980 15182577 4235580
15176991 4236420 15195345 4237020
15176991 4280100 15182577 4280700
15176991 4286820 15177789 4287420
15176991 4290180 15177789 4290780
15177219 4195620 15177561 4196220
15177219 4213380 15179157 4213980
15177675 4210500 15179613 4211100
15177675 4225380 15178701 4225980
15177903 4206660 15179727 4207260
15177903 4256580 15196257 4257180
15177903 4282500 15185313 4283100
15177903 4301700 15192609 4302300
15178017 4152420 15184059 4153020
15178017 4278180 15178701 4278780
15178131 4167780 15183717 4168380
15178131 4170180 15178701 4170780
15178131 4196100 15179841 4196700
15178131 4199940 15179157 4200540
15178131 4229700 15179613 4230300
15178131 4290180 15192837 4290780
15178245 4183140 15183831 4183740
15178245 4283460 15192951 4284060
15178245 4285860 15178929 4286460
15178245 4287300 15178929 4287900
15178245 4291620 15183831 4292220
15178359 4209540 15179385 4210140
15178359 4222500 15179385 4223100
15178359 4284420 15196713 4285020
15178473 4138980 15184059 4139580
15178473 4211460 15179157 4212060
15178473 4288740 15184059 4289340
15178587 4186980 15181209 4187580
15178587 4191300 15179841 4191900
15178587 4193220 15179157 4193820
15178587 4198020 15181437 4198620
15178587 4208100 15182349 4208700
15178587 4214820 15180069 4215420
15178587 4217220 15179727 4218300
15178587 4220580 15179841 4221180
15178587 4227300 15182349 4227900
15178815 4190340 15179841 4190940
15178815 4197060 15179157 4197660
15178815 4219620 15180069 4220220
15179043 4185540 15180639 4186620
15179043 4203300 15179613 4203900
15179043 4218660 15180069 4219260
15179157 4225860 15180753 4226940
15179271 4198980 15179841 4199580
15179271 4199940 15180867 4201020
15179271 4216260 15180069 4216860
15179271 4230660 15179841 4231260
15179271 4277700 15186681 4278300
15179271 4285860 15183033 4286460
15179271 4287300 15179841 4287900
15179499 4211460 15194205 4212060
15179499 4330980 15183261 4332540
15179727 4144260 15187137 4144860
15179727 4201860 15180297 4202460
15179727 4229700 15180753 4230300
15179727 4323300 15184059 4323900
15179955 4195620 15180753 4196220
15179955 4222020 15187365 4222620
15179955 4259460 15187365 4260060
15180183 4191300 15194889 4191900
15180297 4264260 15195003 4264860
15180411 4188900 15181209 4189500
15180411 4223940 15195117 4224540
15180411 4252260 15182349 4252860
15180525 4193700 15182121 4194300
15180525 4212420 15195231 4213020
15180639 4204740 15181209 4205340
15180753 4225380 15183603 4225980
15180867 4190340 15195573 4190940
15180867 4199460 15181665 4200060
15180867 4201380 15183717 4201980
15180867 4213380 15195573 4213980
15180867 4228740 15195573 4229340
15180981 4181220 15184059 4181820
15180981 4202340 15181437 4202940
15180981 4203300 15182919 4203900
15180981 4215300 15195687 4215900
15180981 4247460 15184059 4248060
15180981 4300260 15184059 4300860
15180981 4354980 15184059 4355580
15180981 4356900 15184059 4357500
15181095 4192740 15182121 4193340
15181095 4196100 15195801 4196700
15181095 4206180 15182349 4206780
15181095 4207140 15183033 4207740
15181095 4217220 15181893 4217820
15181095 4219140 15181665 4219740
15181095 4239300 15195801 4239900
15181095 4311300 15195801 4311900
15181095 4334340 15195801 4335900
15181095 4341060 15195801 4341660
15181095 4343940 15195801 4345500
15181095 4348740 15195801 4350300
15181209 4205220 15181893 4205820
15181323 4188420 15182121 4189020
15181323 4246500 15183261 4247100
15181779 4153860 15196485 4154460
15181779 4299300 15184059 4299900
15182007 4145700 15184059 4146300
15182007 4218180 15196713 4218780
15182121 4298340 15184059 4298940
15182235 4169700 15184059 4170300
15182235 4217220 15196941 4217820
15182235 4231140 15184059 4231740
15182235 4253700 15196941 4254300
15182235 4266660 15184059 4267260
15182463 4258020 15184059 4258620
15182463 4325220 15184059 4325820
15182463 4329060 15184059 4329660
15182577 4199940 15183261 4200540
15182691 4210020 15183489 4210620
15182691 4303620 15197397 4304220
15182691 4339620 15183717 4340220
15182691 4355940 15183717 4356540
15182919 4186980 15184059 4187580
15182919 4188900 15184059 4189500
15182919 4193700 15184059 4194300
15182919 4322340 15184059 4322940
15183033 4194660 15184059 4195260
15183033 4219140 15197739 4219740
15183033 4318500 15184059 4319100
15183147 4245540 15184059 4246140
15183147 4260900 15184059 4261500
15183147 4261860 15184059 4262460
15183147 4286820 15184059 4287420
15183147 4324260 15184059 4324860
15183261 4163460 15197967 4164060
15183261 4172580 15184059 4174140
15183261 4251300 15184059 4251900
15183261 4346340 15184059 4346940
15183261 4354020 15184059 4354620
15183261 4359780 15184059 4363260
15183261 4396260 15184059 4396860
15183375 4202340 15184059 4202940
15183375 4209060 15184059 4209660
15183375 4280100 15184059 4280700
15183375 4374180 15185427 4374780
15183603 4140900 15184059 4141500
15183603 4151460 15184059 4152060
15183603 4177380 15185427 4177980
15183603 4205220 15185427 4205820
15183603 4230180 15185427 4230780
15183603 4240740 15185427 4241340
15183603 4308900 15184059 4309500
15183717 4287780 15184059 4288380
15183831 4166820 15185427 4167420
15183831 4174500 15184059 4175100
15183831 4185060 15184059 4185660
15183831 4197540 15185427 4198140
15183831 4285860 15184059 4286460
15183831 4320420 15185427 4321020
15183831 4326180 15185427 4326780
15183945 4142820 15192723 4143420
15183945 4148580 15192723 4149180
15183945 4157220 15192723 4157820
15183945 4158180 15185427 4158780
15183945 4162020 15192723 4162620
15183945 4178340 15192723 4180860
15183945 4198500 15192723 4200060
15183945 4200420 15192723 4201020
15183945 4206180 15192723 4207740
15183945 4225380 15192723 4226940
15183945 4244580 15192723 4245180
15183945 4275300 15192723 4276860
15183945 4291620 15192723 4293180
15183945 4313700 15192723 4315260
15183945 4315620 15192723 4317180
15183945 4317540 15192723 4318140
15183945 4327140 15192723 4327740
15183945 4330020 15192723 4331580
15183945 4331940 15192723 4332540
15183945 4336740 15192723 4337340
15183945 4337700 15192723 4339260
15183945 4363620 15192723 4365180
15183945 4370340 15192723 4370940
15183945 4389540 15192723 4390140
15184059 4201860 15191469 4202460
15185199 4220100 15192609 4220700
15185199 4305540 15196257 4306140
15185313 4138020 15192723 4138620
15185313 4210020 15192723 4210620
15185313 4243620 15192723 4244220
15185313 4245540 15196371 4246140
15185313 4248420 15192723 4249980
15185313 4339620 15192723 4340220
15185313 4355940 15192723 4356540
15186567 4238340 15197625 4238940
15188391 4360260 15195801 4360860
15188391 4374660 15195801 4376220
15188391 4379460 15195801 4381020
15188391 4384260 15195801 4385820
15188391 4393860 15195801 4395420
15192495 4282500 15198081 4283100
15192609 4144740 15198195 4145340
15192609 4145700 15198195 4146300
15192609 4150020 15196371 4150620
15192609 4151940 15198195 4152540
15192609 4155300 15196371 4155900
15192609 4156260 15198195 4156860
15192609 4168740 15198651 4170300
15192609 4181220 15198195 4182780
15192609 4186020 15198651 4187580
15192609 4192740 15198651 4194300
15192609 4221540 15198651 4223100
15192609 4241700 15196371 4242300
15192609 4242660 15198195 4243260
15192609 4246500 15196371 4248060
15192609 4258020 15198195 4259580
15192609 4259940 15198195 4261500
15192609 4266660 15198651 4268220
15192609 4272420 15198651 4273980
15192609 4277220 15198651 4278780
15192609 4279140 15198651 4279740
15192609 4285860 15198195 4286460
15192609 4286820 15198651 4288380
15192609 4299300 15198651 4302780
15192837 4281540 15198423 4282140
15192837 4291140 15198423 4291740
15194091 4227780 15197853 4228380
15194319 4230660 15198651 4231260
15195231 4229700 15198651 4230300
15195459 4148100 15198309 4148700
15195573 4167300 15198651 4167900
15195687 4165380 15197625 4165980
15195687 4174020 15198651 4174620
15195687 4183620 15198651 4184220
15195687 4318980 15198651 4328220
15195687 4395780 15197625 4396380
15196257 4179300 15198651 4179900
15196257 4194660 15198651 4195260
15196257 4197540 15198651 4199100
15196257 4213860 15198651 4214460
15196257 4274340 15198651 4275900
15196257 4276260 15198651 4276860
15196257 4280100 15198651 4280700
15196827 4164420 15198651 4165020
15196827 4223940 15198651 4224540
15196827 4231620 15198651 4232220
15196827 4294020 15198651 4294620
15196827 4294980 15198651 4295580
15196827 4308420 15198651 4309020
15197055 4150980 15198651 4151580
15197055 4152900 15198651 4153500
15197055 4154820 15198651 4155420
15197055 4235460 15198651 4236060
15197055 4304580 15198651 4305180
15197397 4246980 15198651 4247580
15197511 4136580 15198651 4138140
15197511 4247940 15198651 4248540
15197511 4297860 15198651 4298460
15197739 4184580 15198651 4185180
15197739 4199940 15198651 4200540
15197739 4211460 15198651 4212060
15197853 4161540 15198651 4162140
15197853 4172100 15198651 4172700
15197853 4212420 15198651 4213020
15197853 4307460 15198651 4308060
15197967 4237380 15198651 4237980
15198081 4224900 15198651 4225500
15198081 4282980 15198651 4284540
15198081 4292580 15198651 4293180
15198195 4166340 15198651 4166940
15198195 4176900 15198651 4177500
15198195 4216260 15198651 4216860
15198195 4226820 15198651 4227420
15198195 4290180 15198651 4290780
15198309 4270980 15198651 4271580
15227493 4165860 15242085 4180860
15227493 4196580 15327699 4227420
15227493 4258020 15327699 4288860
15227493 4319460 15327699 4350300
15227493 4380900 15327699 4396380
15241971 4135140 15256677 4165500
15319149 4135140 15336135 4165980
15334881 4255140 15468375 4262940
15334881 4297380 15468375 4312860
15334881 4370340 15468375 4378140
15334881 4378980 15432123 4379580
15334881 4396260 15468375 4396860
15336021 4192260 15440559 4192860
15336021 4266180 15440559 4266780
15336021 4339140 15468375 4339740
15336021 4386180 15468375 4386780
15432009 4325220 15463587 4325820
15432009 4331940 15463587 4332540
15432009 4392420 15463587 4393020
15440445 4143300 15455151 4143900
15440445 4193220 15455151 4193820
15455037 4192260 15460623 4192860
15455037 4266180 15458799 4266780
15458685 4143300 15458913 4143900
15458799 4266180 15459597 4266780
15459483 4143300 15463245 4143900
15460509 4193220 15461307 4193820
15461193 4192260 15461421 4192860
15461307 4193220 15462105 4193820
15461991 4192260 15463929 4192860
15463131 4266180 15464157 4266780
15463473 4378980 15466323 4379580
15464043 4143300 15464841 4143900
15464727 4266180 15466209 4266780
15466095 4143300 15468375 4143900
15466095 4192260 15468375 4192860
15466095 4193220 15468375 4193820
15466209 4325220 15467007 4325820
15466209 4331940 15467007 4332540
15466209 4392420 15467007 4393020
15466893 4378980 15467577 4379580
15467463 4325220 15468261 4325820
15467463 4331940 15468261 4332540
15467463 4392420 15468261 4393020
15468147 4378980 15468375 4379580
