15147579 4319940 15149289 4320540
15147693 4172580 15149517 4173180
15147807 4243140 15149517 4243740
15148149 4139460 15148377 4141020
15148149 4141380 15148833 4141980
15148149 4144260 15150201 4144860
15148149 4145700 15150201 4146300
15148149 4146660 15149745 4147260
15148149 4148100 15149973 4148700
15148149 4149540 15149973 4150140
15148149 4151940 15151569 4152540
15148149 4153380 15149973 4153980
15148149 4154340 15149289 4154940
15148149 4155780 15149175 4156380
15148149 4158180 15149175 4158780
15148149 4159620 15149175 4160220
15148149 4161060 15150087 4161660
15148149 4162020 15151911 4162620
15148149 4164420 15149973 4165020
15148149 4165860 15150657 4166460
15148149 4168260 15150201 4168860
15148149 4169700 15151911 4170300
15148149 4171140 15149517 4171740
15148149 4175940 15151911 4176540
15148149 4178340 15150657 4178940
15148149 4180740 15149517 4181340
15148149 4181700 15149745 4182300
15148149 4184100 15149745 4184700
15148149 4186020 15149517 4186620
15148149 4187460 15149289 4188540
15148149 4190820 15150201 4191420
15148149 4192260 15150999 4192860
15148149 4197060 15150201 4197660
15148149 4198500 15150087 4200060
15148149 4202340 15150201 4202940
15148149 4203780 15150201 4204380
15148149 4204740 15151911 4205340
15148149 4207140 15149517 4207740
15148149 4209540 15149175 4210140
15148149 4210500 15151569 4211100
15148149 4212420 15148377 4213020
15148149 4213860 15150657 4214460
15148149 4216260 15148377 4217820
15148149 4218180 15149175 4218780
15148149 4221060 15148377 4222620
15148149 4224900 15149973 4225500
15148149 4226340 15150201 4226940
15148149 4227300 15149061 4227900
15148149 4228740 15150201 4229340
15148149 4233540 15150201 4234140
15148149 4234500 15149517 4235100
15148149 4236420 15149061 4237020
15148149 4237860 15150201 4238460
15148149 4238820 15152481 4239420
15148149 4242180 15150201 4242780
15148149 4244580 15150201 4245180
15148149 4246500 15149745 4247100
15148149 4250340 15150999 4250940
15148149 4252740 15150201 4253340
15148149 4254180 15151569 4254780
15148149 4255140 15150201 4255740
15148149 4256580 15150657 4257180
15148149 4260420 15151569 4261020
15148149 4261860 15150201 4262460
15148149 4264740 15150201 4265340
15148149 4266660 15151569 4267260
15148149 4267620 15150201 4268220
15148149 4269060 15149517 4269660
15148149 4272900 15150201 4273500
15148149 4274340 15150201 4274940
15148149 4278180 15150201 4278780
15148149 4282500 15149973 4283100
15148149 4284900 15149175 4285500
15148149 4286820 15150201 4287420
15148149 4289220 15149973 4289820
15148149 4290660 15150201 4291260
15148149 4292100 15150087 4292700
15148149 4293060 15150201 4293660
15148149 4295460 15150201 4296060
15148149 4296900 15150201 4297500
15148149 4298820 15151911 4299420
15148149 4300740 15150201 4301340
15148149 4303140 15149745 4303740
15148149 4305540 15149973 4306140
15148149 4306980 15150201 4307580
15148149 4309380 15150201 4309980
15148149 4310820 15149973 4311420
15148149 4313220 15150201 4313820
15148149 4314660 15151911 4315260
15148149 4318980 15150201 4319580
15148149 4322340 15151911 4322940
15148149 4323300 15150201 4323900
15148149 4325700 15149973 4326300
15148149 4327140 15149517 4327740
15148149 4329540 15150201 4330140
15148149 4330980 15151569 4331580
15148149 4333380 15149973 4333980
15148149 4334820 15153735 4335420
15148149 4335780 15155559 4336380
15148149 4337220 15149973 4337820
15148149 4339140 15162855 4339740
15148149 4342980 15162855 4343580
15148149 4345380 15177447 4345980
15148149 4349700 15149973 4350300
15148149 4351140 15177447 4351740
15148149 4354980 15177447 4355580
15148149 4356900 15177447 4357500
15148263 4240260 15149061 4241340
15148491 4174980 15150201 4175580
15148491 4195140 15149517 4195740
15148491 4259460 15150201 4260060
15148491 4271940 15149517 4272540
15148833 4140900 15149061 4141500
15148947 4216740 15156357 4217340
15148947 4232100 15149973 4232700
15148947 4280100 15149973 4280700
15149061 4223460 15149517 4224060
15149061 4283940 15149517 4284540
15149175 4212420 15150201 4213020
15149175 4281060 15149973 4281660
15149403 4154820 15149973 4155420
15149403 4179300 15149973 4179900
15149403 4209060 15154989 4209660
15149517 4156260 15150201 4156860
15149631 4180260 15150201 4180860
15149631 4185540 15150657 4186140
15149631 4251300 15150201 4251900
15149631 4270500 15150201 4271100
15149631 4276740 15151113 4277340
15149859 4136580 15152025 4137180
15149859 4141380 15150657 4141980
15149859 4142820 15150999 4143420
15149859 4174020 15151797 4174620
15149859 4183140 15150429 4183740
15149859 4184580 15152709 4185180
15149859 4187940 15152481 4188540
15149859 4194660 15150201 4195260
15149859 4200900 15150429 4201500
15149859 4205700 15150201 4206300
15149859 4211460 15151113 4212060
15149859 4214820 15152709 4215420
15149859 4219620 15152709 4220220
15149859 4222500 15150429 4223100
15149859 4241220 15150885 4241820
15149859 4246020 15150657 4247100
15149859 4247460 15153621 4248060
15149859 4248420 15152709 4249020
15149859 4257540 15150201 4258140
15149859 4271460 15150657 4272060
15149859 4275300 15151569 4275900
15149859 4285380 15151113 4285980
15149859 4297860 15152709 4298460
15149859 4318020 15151797 4318620
15149859 4319940 15153621 4320540
15149859 4327140 15150999 4327740
15149859 4342020 15157269 4342620
15149859 4344420 15179157 4345020
15149859 4352100 15157269 4352700
15149859 4355940 15157269 4356540
15150087 4137540 15154761 4138620
15150087 4150020 15152253 4151100
15150087 4158660 15150657 4159260
15150087 4163460 15152481 4164540
15150087 4176900 15152253 4177980
15150087 4193220 15154761 4194300
15150087 4229700 15152253 4230780
15150087 4243620 15152025 4244220
15150087 4324740 15152253 4325820
15150315 4227780 15151569 4228380
15150315 4268580 15152709 4269180
15150429 4289700 15152025 4290300
15150429 4299780 15151797 4300380
15150543 4156740 15152139 4157820
15150543 4236420 15152025 4237020
15150771 4154340 15151569 4154940
15150771 4165380 15152253 4165980
15150771 4178820 15151341 4179420
15150771 4202820 15152481 4203420
15150771 4221060 15151797 4221660
15150771 4231620 15151797 4232220
15150771 4308420 15151797 4309020
15150885 4291620 15151341 4292220
15150885 4332900 15151797 4333500
15150999 4172100 15152253 4172700
15151113 4139940 15151341 4140540
15151227 4148100 15151455 4148700
15151227 4256580 15152709 4257180
15151341 4140900 15152481 4141500
15151455 4178340 15155217 4178940
15151455 4198020 15152025 4198620
15151455 4200900 15152481 4201500
15151455 4240740 15152253 4241340
15151455 4252260 15153621 4252860
15151455 4263780 15152481 4264380
15151455 4282020 15152481 4282620
15151683 4285860 15152481 4286460
15151797 4189860 15152481 4190460
15151797 4231140 15153051 4231740
15151797 4232580 15152481 4233180
15151911 4161540 15152709 4162140
15151911 4210980 15154761 4211580
15151911 4246020 15154305 4246620
15151911 4275300 15153051 4275900
15151911 4291140 15153621 4291740
15152139 4135620 15153279 4136700
15152139 4151940 15153393 4152540
15152139 4159140 15153735 4159740
15152139 4191300 15152709 4191900
15152139 4210020 15154077 4210620
15152139 4261860 15153735 4262460
15152139 4272420 15153735 4273020
15152139 4273860 15153165 4274940
15152139 4281060 15153621 4281660
15152253 4147140 15156015 4147740
15152253 4160580 15152709 4161180
15152253 4213380 15153279 4214460
15152253 4333860 15152709 4334460
15152367 4139460 15154077 4140060
15152367 4142340 15153279 4143420
15152367 4146180 15153051 4146780
15152367 4148580 15153735 4149180
15152367 4157700 15153279 4158780
15152367 4174980 15153165 4175580
15152367 4175940 15153165 4176540
15152367 4183140 15153849 4183740
15152367 4186500 15153165 4187100
15152367 4198500 15156129 4199100
15152367 4207620 15153165 4208220
15152367 4227300 15152709 4227900
15152367 4234500 15154305 4235100
15152367 4258980 15153849 4259580
15152367 4266180 15152937 4266780
15152367 4270020 15153165 4270620
15152367 4271460 15154533 4272060
15152367 4276260 15153165 4276860
15152367 4277220 15153165 4277820
15152367 4279620 15153393 4280220
15152367 4305540 15153849 4306140
15152367 4327140 15153279 4327740
15152367 4328580 15152937 4329180
15152595 4153860 15154761 4154940
15152595 4224900 15153735 4225500
15152595 4240260 15153735 4240860
15152595 4260900 15153165 4261500
15152595 4292100 15154761 4293180
15152595 4301700 15153621 4302300
15152595 4314180 15154761 4317180
15152595 4330500 15157269 4331580
15152709 4199940 15154305 4201020
15152709 4204740 15153165 4205340
15152823 4150020 15155217 4150620
15152823 4173540 15153621 4174140
15152823 4185540 15153165 4186140
15152823 4221540 15154761 4222140
15152823 4236900 15153621 4237500
15152823 4238820 15153849 4239420
15152823 4286820 15153735 4287420
15152823 4289700 15153849 4290300
15152823 4325220 15154305 4325820
15153051 4140420 15155217 4141020
15153051 4156260 15154419 4156860
15153051 4160580 15154191 4161180
15153051 4190340 15153621 4190940
15153051 4215300 15153849 4215900
15153051 4265220 15154647 4266300
15153051 4293540 15154419 4294140
15153051 4304580 15153393 4305180
15153051 4317540 15154761 4318140
15153051 4320900 15154647 4321980
15153051 4328100 15153849 4328700
15153165 4180740 15154761 4181820
15153165 4225860 15154761 4226940
15153165 4277700 15154761 4278780
15153165 4307460 15154761 4308540
15153165 4311300 15154761 4312380
15153279 4157220 15154989 4157820
15153279 4206660 15155217 4207260
15153279 4263300 15154419 4263900
15153279 4306500 15154305 4307100
15153393 4144740 15154077 4145340
15153507 4136580 15154761 4137180
15153507 4145700 15154305 4146300
15153507 4170180 15153849 4170780
15153507 4182180 15155445 4182780
15153507 4189380 15154305 4189980
15153507 4196100 15156357 4196700
15153507 4205220 15154077 4205820
15153507 4242180 15154647 4242780
15153507 4249380 15154647 4249980
15153507 4250340 15154647 4250940
15153507 4253220 15155217 4253820
15153507 4254660 15154647 4255260
15153507 4255620 15154761 4256220
15153507 4266660 15154533 4267260
15153507 4279140 15154989 4279740
15153507 4284420 15155445 4285020
15153621 4175460 15154305 4176060
15153621 4227300 15154305 4227900
15153621 4228260 15154761 4228860
15153621 4280100 15154305 4280700
15153735 4194660 15154761 4195260
15153735 4202820 15154533 4203420
15153735 4241220 15154305 4241820
15153963 4141380 15154761 4141980
15153963 4163460 15154761 4164060
15153963 4174500 15154533 4175100
15153963 4188420 15155217 4189020
15153963 4201380 15157725 4201980
15153963 4237860 15155217 4238460
15153963 4243140 15154533 4243740
15153963 4251780 15155787 4252380
15153963 4261860 15154533 4262460
15153963 4297380 15155901 4297980
15153963 4304580 15156813 4305180
15153963 4331940 15161373 4332540
15154077 4290180 15154989 4290780
15154077 4337700 15161487 4338300
15154191 4143300 15154761 4143900
15154191 4151460 15154989 4152060
15154191 4155300 15155445 4155900
15154191 4190340 15156129 4190940
15154191 4212420 15155331 4213020
15154191 4272420 15156357 4273020
15154191 4285860 15157953 4286460
15154191 4312740 15157041 4313340
15154419 4231140 15155445 4231740
15154419 4234020 15155787 4234620
15154419 4319940 15155901 4320540
15154533 4229700 15155217 4230780
15154533 4274340 15154989 4274940
15154533 4291140 15155559 4291740
15154533 4326180 15155901 4326780
15154647 4144260 15155103 4144860
15154647 4160580 15156015 4161180
15154647 4164900 15157497 4165500
15154647 4168740 15157269 4169340
15154647 4169700 15155217 4170300
15154647 4171620 15157497 4172220
15154647 4173060 15158409 4173660
15154647 4176420 15154989 4177020
15154647 4177380 15155673 4177980
15154647 4184580 15156585 4185180
15154647 4186500 15155217 4187100
15154647 4191780 15157497 4192380
15154647 4203780 15154989 4204860
15154647 4208100 15155217 4208700
15154647 4214340 15155217 4214940
15154647 4215300 15155217 4215900
15154647 4235460 15155217 4236540
15154647 4241220 15155103 4241820
15154647 4258980 15158409 4259580
15154647 4259940 15155787 4260540
15154647 4262340 15155673 4262940
15154647 4270980 15156585 4271580
15154647 4280580 15155217 4281180
15154647 4287300 15155787 4287900
15154647 4288740 15156129 4289340
15154647 4294020 15156357 4294620
15154647 4298820 15155217 4299420
15154647 4300260 15155445 4300860
15154647 4306020 15155445 4306620
15154647 4318980 15155673 4319580
15154647 4320900 15155445 4321500
15154875 4161540 15157041 4162620
15154875 4167300 15159549 4168380
15154875 4226820 15155217 4227420
15154875 4245060 15156471 4246140
15154875 4263300 15155445 4263900
15154875 4268100 15159549 4269180
15154875 4269540 15155673 4270140
15154875 4275780 15159549 4276860
15154875 4302660 15159549 4303740
15154875 4314180 15157041 4315260
15154875 4315620 15155445 4316220
15154875 4324740 15155331 4325340
15154875 4333380 15157041 4334460
15155103 4136580 15156813 4137180
15155103 4137540 15157269 4138620
15155103 4157700 15156699 4158780
15155103 4197060 15157269 4198140
15155217 4264260 15156813 4265340
15155217 4318020 15155445 4318620
15155331 4143300 15155673 4143900
15155331 4170180 15157269 4170780
15155331 4208580 15156927 4211580
15155331 4247460 15157725 4248060
15155331 4255620 15157041 4256220
15155331 4292100 15155901 4292700
15155331 4296420 15156585 4297020
15155331 4322340 15155787 4322940
15155331 4323780 15155901 4324380
15155331 4328580 15156585 4329180
15155331 4329540 15156129 4330140
15155445 4213380 15157041 4214460
15155559 4148580 15156699 4149180
15155559 4155780 15158409 4156380
15155559 4174980 15157155 4176060
15155559 4180740 15156813 4181340
15155559 4188420 15156357 4189020
15155559 4215780 15156357 4216380
15155559 4225860 15156129 4226460
15155559 4228260 15158181 4228860
15155559 4240260 15156129 4240860
15155559 4291140 15156129 4291740
15155559 4295460 15156813 4296060
15155559 4307460 15157155 4308540
15155673 4232580 15157269 4233660
15155673 4242180 15157269 4243260
15155673 4246500 15156357 4247100
15155673 4311300 15157269 4312380
15155787 4135620 15156471 4136220
15155787 4138980 15157269 4139580
15155787 4163940 15156243 4164540
15155787 4179780 15158295 4180380
15155787 4205700 15156585 4206300
15155787 4270020 15156357 4270620
15155787 4301220 15159549 4301820
15155787 4317060 15156813 4317660
15155901 4154820 15157497 4155420
15156015 4141860 15158865 4142460
15156015 4160100 15156585 4160700
15156015 4176900 15156585 4177500
15156015 4189380 15156813 4189980
15156015 4263300 15157269 4263900
15156015 4280100 15157497 4280700
15156015 4281540 15157269 4282140
15156015 4290180 15156243 4290780
15156015 4319460 15157041 4320060
15156129 4147620 15157269 4148220
15156129 4224420 15157269 4225020
15156129 4256580 15156813 4257180
15156129 4299780 15156357 4300380
15156129 4309860 15156357 4310460
15156243 4166340 15157269 4166940
15156243 4190820 15161829 4191420
15156243 4248900 15157497 4249500
15156243 4258020 15157383 4258620
15156243 4282980 15157611 4283580
15156243 4292580 15158181 4293180
15156243 4297380 15158067 4297980
15156243 4320420 15157269 4321020
15156357 4238820 15156813 4239420
15156357 4289700 15158409 4290300
15156471 4135620 15157041 4136220
15156471 4271940 15157611 4272540
15156471 4272900 15157269 4273500
15156471 4299300 15157041 4299900
15156471 4316100 15157725 4316700
15156471 4318500 15157725 4319100
15156471 4324260 15160689 4324860
15156585 4146660 15160347 4147260
15156585 4187940 15157953 4188540
15156585 4237860 15160347 4238460
15156585 4243620 15157725 4244220
15156585 4262340 15158181 4262940
15156699 4185540 15157383 4186620
15156699 4214820 15158637 4215420
15156699 4231140 15158409 4231740
15156699 4246500 15158181 4247100
15156699 4300260 15162285 4300860
15156699 4322820 15157953 4323420
15156699 4325220 15160461 4325820
15156699 4329060 15157725 4329660
15156813 4182180 15158751 4182780
15156927 4151940 15158865 4152540
15156927 4198500 15158409 4199100
15156927 4199460 15157725 4200060
15156927 4216740 15160689 4217340
15156927 4274820 15157269 4275420
15156927 4304100 15164337 4304700
15157041 4159620 15157497 4160220
15157041 4239780 15158979 4240380
15157041 4284900 15158637 4285500
15157041 4326660 15157953 4327740
15157155 4148580 15157725 4149180
15157155 4163940 15159093 4164540
15157155 4180740 15157611 4181340
15157155 4189380 15158637 4189980
15157155 4195140 15157839 4196220
15157155 4207140 15157725 4207740
15157155 4215780 15160233 4216380
15157155 4217700 15160917 4218300
15157155 4235940 15160005 4236540
15157155 4236900 15159663 4237500
15157155 4249860 15160917 4250460
15157155 4250820 15157497 4251900
15157155 4265220 15157953 4265820
15157155 4266180 15158637 4266780
15157155 4290660 15160005 4291260
15157155 4294980 15157953 4295580
15157155 4306020 15159093 4306620
15157155 4313700 15158637 4314300
15157269 4156740 15158865 4157820
15157269 4234500 15158637 4235580
15157383 4135620 15159777 4136700
15157383 4139460 15159549 4140540
15157383 4144260 15159549 4145340
15157383 4158660 15157953 4159260
15157383 4160580 15159549 4163580
15157383 4175940 15159549 4178940
15157383 4222020 15159777 4223100
15157383 4229700 15159777 4230780
15157383 4233060 15158409 4233660
15157383 4245060 15159777 4246140
15157383 4256100 15157725 4256700
15157383 4260420 15162057 4261500
15157383 4264260 15157953 4264860
15157383 4277700 15158409 4278300
15157383 4319940 15158181 4320540
15157383 4330500 15159549 4331580
15157383 4334340 15159549 4335420
15157611 4203300 15158067 4203900
15157611 4204740 15161373 4205340
15157611 4223940 15159549 4224540
15157611 4241220 15157953 4241820
15157611 4248420 15158751 4249020
15157611 4287300 15159207 4288380
15157611 4288740 15158865 4289340
15157611 4309380 15159207 4310460
15157611 4312260 15158637 4312860
15157611 4321380 15159321 4321980
15157725 4208580 15158409 4209180
15157839 4137540 15159093 4138140
15157839 4196100 15158409 4196700
15157839 4197540 15158409 4198140
15157839 4206660 15159435 4207740
15157839 4212420 15158865 4213020
15157839 4232100 15158637 4232700
15157839 4269540 15158409 4270140
15157839 4273860 15159435 4274940
15157839 4328100 15159777 4328700
15157953 4200900 15159549 4201980
15157953 4224900 15159549 4225980
15157953 4226340 15158181 4226940
15157953 4295940 15159549 4297020
15157953 4307460 15159549 4308540
15158067 4170180 15158409 4170780
15158067 4188420 15160461 4189020
15158067 4194180 15159777 4194780
15158067 4227300 15158637 4227900
15158067 4242180 15163653 4242780
15158067 4311300 15160005 4311900
15158181 4210020 15159777 4210620
15158181 4238820 15159663 4239420
15158295 4169220 15159777 4169820
15158295 4179300 15159777 4179900
15158295 4264260 15159093 4264860
15158409 4196100 15159549 4196700
15158523 4150980 15159663 4151580
15158523 4243620 15159093 4244220
15158523 4281060 15159549 4281660
15158523 4314660 15159549 4315260
15158751 4166340 15160461 4166940
15158751 4198020 15160233 4198620
15158751 4208580 15160461 4209180
15158751 4211460 15159549 4212060
15158751 4228260 15161145 4228860
15158751 4231620 15159777 4232220
15158751 4246500 15160233 4247100
15158751 4277220 15159777 4277820
15158751 4279620 15159549 4280220
15158751 4289700 15159549 4290300
15158979 4141860 15160119 4142460
15158979 4186500 15159549 4187100
15158979 4189380 15160005 4189980
15158979 4197060 15159549 4197660
15158979 4213380 15159663 4214460
15158979 4227300 15160233 4227900
15158979 4272420 15160575 4273020
15158979 4284420 15160689 4285020
15158979 4291620 15161145 4292220
15158979 4292580 15160689 4293180
15159093 4226340 15160005 4226940
15159093 4256100 15159777 4256700
15159207 4173060 15161145 4173660
15159207 4182180 15159663 4182780
15159207 4233060 15159549 4233660
15159207 4244100 15160005 4244700
15159207 4258500 15160233 4259100
15159207 4262820 15160005 4263420
15159207 4322820 15160461 4323420
15159207 4326180 15160233 4326780
15159435 4143300 15160233 4143900
15159435 4153380 15160461 4153980
15159435 4155300 15160689 4155900
15159435 4171620 15160233 4172220
15159435 4174020 15160575 4175100
15159435 4219140 15159777 4220220
15159435 4234020 15162057 4234620
15159435 4270980 15160005 4271580
15159435 4287300 15160233 4287900
15159435 4288740 15161373 4289340
15159435 4294020 15159777 4294620
15159435 4297860 15161373 4298460
15159435 4298820 15160575 4299900
15159435 4306500 15160233 4307100
15159435 4308900 15161601 4309500
15159435 4313700 15163197 4314300
15159435 4329540 15160233 4330140
15159549 4156740 15161145 4157820
15159549 4312260 15161145 4313340
15159549 4318980 15161145 4320060
15159663 4162020 15160917 4162620
15159663 4198980 15161829 4200060
15159663 4212420 15161829 4213500
15159663 4247460 15160233 4248060
15159663 4264260 15161829 4267260
15159663 4269060 15160917 4269660
15159663 4278660 15161601 4279260
15159663 4315620 15160689 4316220
15159663 4320900 15160689 4321500
15159891 4139460 15161487 4140540
15159891 4150020 15160689 4151100
15159891 4158660 15162285 4159740
15159891 4160100 15161031 4160700
15159891 4183620 15160917 4184220
15159891 4185540 15160347 4186140
15159891 4251780 15161145 4252380
15159891 4252740 15162057 4253820
15159891 4257540 15161829 4258140
15159891 4270020 15161601 4270620
15159891 4273860 15162057 4274940
15159891 4275780 15161487 4276860
15159891 4316580 15160233 4317180
15159891 4327620 15164109 4328220
15160005 4307460 15161601 4308540
15160119 4149060 15160461 4149660
15160119 4170180 15160689 4170780
15160119 4186500 15161601 4187100
15160119 4214340 15160917 4214940
15160119 4233060 15160689 4233660
15160119 4236420 15161145 4237020
15160119 4248420 15160347 4249020
15160119 4256100 15162513 4256700
15160119 4294980 15162057 4295580
15160119 4309860 15160689 4310460
15160233 4141380 15161829 4142460
15160233 4226820 15161829 4227900
15160347 4145700 15161715 4146300
15160347 4163940 15161145 4164540
15160347 4195620 15160803 4196220
15160347 4281540 15161943 4282620
15160347 4290180 15161943 4291260
15160347 4294020 15160917 4294620
15160347 4311300 15162969 4311900
15160347 4330500 15161601 4331100
15160461 4254660 15162057 4255260
15160461 4287300 15162057 4288380
15160575 4137540 15161715 4138140
15160575 4223460 15161601 4224060
15160575 4246980 15161373 4247580
15160575 4271460 15161601 4272060
15160575 4272420 15161373 4273020
15160575 4277220 15161373 4277820
15160575 4282980 15162285 4283580
15160575 4285380 15162057 4285980
15160575 4329060 15161601 4329660
15160575 4333380 15162057 4333980
15160803 4166820 15162855 4167420
15160803 4170660 15161601 4171260
15160803 4196100 15162057 4196700
15160803 4231140 15162855 4231740
15160803 4246020 15161373 4246620
15160803 4293060 15162285 4293660
15160803 4316580 15161829 4317180
15160917 4214820 15162057 4215420
15160917 4258500 15161373 4259100
15161031 4161060 15161829 4161660
15161031 4167780 15162855 4168380
15161031 4178820 15162285 4179420
15161031 4192740 15162969 4193340
15161031 4210980 15162057 4211580
15161031 4213860 15163881 4214460
15161031 4238820 15163881 4239420
15161031 4321380 15162741 4321980
15161031 4325220 15162057 4325820
15161145 4217220 15161829 4217820
15161145 4318500 15168555 4319100
15161259 4152900 15162741 4153500
15161259 4183140 15163197 4183740
15161259 4267620 15162627 4268220
15161373 4147620 15166959 4148220
15161373 4181220 15161601 4181820
15161373 4187940 15162855 4188540
15161373 4280100 15162855 4280700
15161373 4358340 15165135 4358940
15161373 4361700 15168783 4362300
15161373 4362660 15183375 4363260
15161373 4366500 15176079 4368060
15161373 4371300 15176079 4372860
15161373 4376580 15165135 4377180
15161373 4377540 15165135 4378140
15161373 4380900 15176079 4382460
15161373 4385700 15176079 4387260
15161373 4390500 15176079 4392060
15161373 4395300 15176079 4396860
15161487 4143300 15165249 4143900
15161487 4153860 15163083 4156860
15161487 4202340 15162285 4202940
15161487 4233060 15162399 4233660
15161487 4236420 15162741 4237020
15161487 4237860 15162285 4238460
15161487 4248900 15162057 4249500
15161487 4276740 15162285 4277340
15161487 4312260 15163083 4313340
15161487 4374180 15176193 4374780
15161601 4223460 15162057 4224060
15161715 4165860 15162171 4166460
15161715 4209540 15162855 4210620
15161715 4220580 15162285 4221180
15161715 4245540 15163653 4246140
15161715 4246500 15162285 4247100
15161715 4269060 15162741 4269660
15161715 4275300 15162285 4275900
15161715 4315140 15162741 4315740
15161715 4328580 15162285 4329180
15161829 4185060 15162285 4185660
15161829 4249860 15163425 4250460
15161829 4258020 15162285 4258620
15161943 4162500 15162855 4163580
15161943 4170660 15163311 4171260
15161943 4171620 15162399 4172220
15161943 4172580 15163881 4173180
15161943 4179780 15162171 4180380
15161943 4198020 15163197 4198620
15161943 4204740 15163653 4205340
15161943 4224900 15162513 4225500
15161943 4243140 15163653 4243740
15161943 4244580 15162399 4245180
15161943 4250820 15162855 4251900
15161943 4263300 15162513 4263900
15161943 4291140 15162969 4291740
15161943 4298820 15162513 4299900
15161943 4324260 15162741 4324860
15161943 4326180 15176649 4326780
15162057 4308420 15163653 4309500
15162057 4316100 15163653 4317180
15162171 4135620 15164337 4138620
15162171 4145700 15163311 4146300
15162171 4149060 15164337 4152060
15162171 4211460 15163311 4212060
15162171 4217220 15164337 4218300
15162171 4227780 15164337 4228860
15162171 4240260 15164337 4241340
15162171 4273380 15163539 4273980
15162171 4294020 15164337 4297020
15162171 4302660 15164337 4303740
15162171 4306500 15164337 4307580
15162399 4261860 15162855 4262460
15162399 4271940 15163995 4273020
15162399 4288740 15164337 4289340
15162399 4317540 15162741 4318140
15162513 4184100 15162741 4184700
15162627 4146660 15162855 4147260
15162627 4171620 15163197 4172220
15162627 4174980 15163197 4175580
15162627 4203780 15164565 4204380
15162627 4208100 15162855 4208700
15162627 4212420 15162855 4213020
15162627 4233540 15164223 4234620
15162627 4266660 15162855 4267260
15162627 4286340 15165021 4286940
15162627 4300260 15163881 4300860
15162741 4189380 15164337 4190460
15162741 4194180 15164337 4195260
15162741 4253700 15164337 4254780
15162741 4320900 15164337 4321980
15162741 4341060 15164679 4341660
15162741 4347300 15177447 4348860
15162741 4353060 15181095 4353660
15162855 4195620 15163881 4196220
15162855 4199460 15163311 4200060
15162855 4218660 15163881 4219260
15162855 4221060 15163653 4221660
15162855 4235940 15164109 4236540
15162855 4301220 15167073 4301820
15162855 4309860 15181209 4310460
15162969 4186980 15164565 4187580
15162969 4292580 15163197 4293180
15162969 4305540 15164907 4306140
15163083 4168260 15164337 4168860
15163083 4206660 15164337 4207260
15163083 4225380 15165249 4225980
15163083 4263780 15164565 4264380
15163083 4270020 15163881 4270620
15163083 4270980 15163653 4271580
15163083 4297380 15164109 4297980
15163083 4330020 15177789 4330620
15163083 4336260 15165021 4336860
15163197 4154340 15164337 4154940
15163197 4164420 15164337 4165020
15163197 4322340 15164337 4322940
15163311 4170180 15164109 4170780
15163311 4222980 15163653 4223580
15163311 4291620 15164337 4292220
15163311 4311300 15165249 4311900
15163311 4312260 15164793 4312860
15163539 4139940 15164565 4140540
15163539 4145220 15164109 4145820
15163539 4174020 15165249 4174620
15163539 4192740 15167757 4193340
15163539 4230180 15164565 4230780
15163539 4259940 15164793 4260540
15163539 4269060 15165249 4269660
15163767 4183620 15165249 4184220
15163767 4186020 15165477 4186620
15163767 4243620 15165249 4244220
15163767 4298340 15164793 4298940
15163767 4330980 15165021 4331580
15163881 4241700 15166731 4242300
15163881 4287780 15164451 4288380
15163881 4289700 15165249 4290300
15163995 4175940 15165249 4176540
15163995 4176900 15165021 4177500
15163995 4204740 15165249 4205340
15164109 4197540 15166959 4198140
15164223 4144260 15166617 4144860
15164223 4145700 15173457 4146300
15164223 4146660 15167073 4147260
15164223 4162020 15167073 4162620
15164223 4166820 15165249 4167420
15164223 4182180 15165933 4182780
15164223 4191780 15165705 4192380
15164223 4199460 15165819 4200060
15164223 4210980 15165933 4211580
15164223 4213380 15166617 4213980
15164223 4218660 15165021 4219260
15164223 4220580 15166389 4221180
15164223 4226340 15165933 4226940
15164223 4231620 15166617 4233180
15164223 4234980 15166161 4235580
15164223 4236420 15166617 4237980
15164223 4249860 15166617 4250460
15164223 4250820 15166617 4251420
15164223 4256100 15165591 4256700
15164223 4262820 15165705 4263420
15164223 4265220 15166617 4265820
15164223 4267140 15164565 4267740
15164223 4272420 15164793 4273020
15164223 4277700 15164793 4278300
15164223 4299780 15165249 4300380
15164223 4307940 15165249 4308540
15164223 4314180 15165249 4314780
15164337 4227780 15165021 4228380
15164451 4153860 15165021 4154460
15164451 4158180 15166389 4158780
15164451 4163460 15165249 4164060
15164451 4170660 15165021 4171260
15164451 4223460 15165477 4224060
15164451 4245540 15166389 4246140
15164451 4246980 15165021 4247580
15164451 4254660 15165249 4255260
15164451 4271460 15165591 4272060
15164451 4284420 15165249 4285500
15164451 4313220 15165249 4313820
15164451 4349700 15165249 4350300
15164565 4142340 15166617 4142940
15164679 4140900 15165933 4141500
15164679 4157220 15165705 4157820
15164679 4252740 15165249 4253340
15164679 4288740 15165249 4289340
15164679 4333380 15165249 4333980
15164793 4228740 15166617 4229340
15164793 4287300 15166617 4287900
15164907 4160100 15165705 4160700
15164907 4215300 15166617 4215900
15164907 4221540 15165705 4222140
15164907 4273860 15166617 4274460
15164907 4293060 15166617 4293660
15164907 4320900 15166617 4321500
15164907 4324740 15166617 4325340
15164907 4331940 15179613 4332540
15165021 4219140 15166617 4219740
15165021 4267620 15168783 4268220
15165021 4340100 15166617 4340700
15165135 4138500 15166617 4140060
15165135 4152900 15166617 4153500
15165135 4169700 15165933 4170300
15165135 4173060 15166617 4173660
15165135 4177860 15166617 4179420
15165135 4189380 15166617 4189980
15165135 4195140 15166617 4196700
15165135 4200900 15167073 4201500
15165135 4202820 15167073 4203420
15165135 4203780 15166617 4204380
15165135 4205700 15166617 4206300
15165135 4210020 15165591 4210620
15165135 4216260 15166617 4216860
15165135 4230180 15167073 4230780
15165135 4244580 15166617 4245180
15165135 4253700 15167073 4254300
15165135 4274820 15166617 4276380
15165135 4277700 15166617 4278300
15165135 4278660 15167073 4279260
15165135 4281540 15167073 4282140
15165135 4282980 15165819 4283580
15165135 4290660 15166617 4291260
15165135 4302660 15166617 4303260
15165135 4303620 15167073 4304220
15165135 4312260 15188505 4312860
15165135 4315140 15166617 4316700
15165135 4323780 15166617 4324380
15165135 4327620 15166617 4329180
15165363 4137060 15166389 4137660
15165363 4181220 15166617 4181820
15165363 4263780 15167073 4264380
15165591 4176420 15183945 4177020
15165591 4224420 15167985 4225020
15165591 4248420 15183945 4249020
15165591 4294500 15166161 4295100
15165705 4217700 15166731 4218300
15165705 4272420 15169467 4273020
15165819 4148580 15173229 4149180
15166047 4225380 15167301 4225980
15166047 4280100 15166845 4280700
15166047 4282980 15166845 4283580
15166275 4157220 15171861 4157820
15166275 4208100 15169125 4208700
15166275 4221540 15167301 4222140
15166389 4294500 15167757 4295100
15166503 4135620 15167301 4136220
15166503 4141380 15195801 4141980
15166503 4150980 15167529 4151580
15166503 4153860 15168441 4154460
15166503 4158660 15167301 4159260
15166503 4160580 15167073 4161180
15166503 4163460 15167301 4164060
15166503 4167300 15167529 4167900
15166503 4169220 15167073 4169820
15166503 4172100 15167301 4172700
15166503 4179780 15168669 4180380
15166503 4187460 15169125 4188060
15166503 4199940 15169125 4200540
15166503 4201860 15167301 4202460
15166503 4210500 15167529 4211100
15166503 4214340 15167529 4214940
15166503 4227780 15170265 4228380
15166503 4233540 15167529 4234140
15166503 4234980 15168099 4235580
15166503 4238340 15167301 4239420
15166503 4240260 15166845 4240860
15166503 4246020 15167757 4246620
15166503 4246980 15167757 4247580
15166503 4252740 15195801 4253340
15166503 4254660 15168213 4255260
15166503 4258500 15167073 4259100
15166503 4259460 15166845 4260060
15166503 4260420 15167301 4261020
15166503 4266180 15167529 4266780
15166503 4270980 15167301 4271580
15166503 4276740 15167529 4277340
15166503 4284420 15167985 4285020
15166503 4286340 15167073 4286940
15166503 4296900 15167529 4297980
15166503 4299780 15168213 4300380
15166503 4304580 15167073 4305660
15166503 4307460 15167301 4308540
15166503 4313220 15195801 4314780
15166503 4321860 15181209 4323420
15166503 4334340 15181209 4335900
15166503 4336260 15181209 4336860
15166503 4337220 15195801 4338780
15166503 4341060 15181209 4341660
15166503 4342020 15195801 4343580
15166503 4376580 15195801 4378140
15166617 4261860 15166959 4262460
15166731 4165860 15167529 4166460
15166731 4185060 15174141 4185660
15166731 4204260 15169581 4204860
15166731 4229220 15170493 4229820
15166731 4249860 15167529 4250940
15166731 4264740 15168213 4265340
15166731 4274340 15167529 4274940
15166845 4198500 15167985 4199100
15166959 4183620 15167985 4184220
15166959 4190340 15169125 4191420
15166959 4215780 15168099 4216380
15166959 4217220 15167757 4218300
15166959 4220580 15167985 4221180
15166959 4226340 15168897 4226940
15166959 4241700 15167985 4242300
15166959 4244580 15167757 4245180
15166959 4292100 15168555 4293180
15167187 4181700 15168783 4182780
15167187 4195620 15167529 4196220
15167187 4222980 15169353 4223580
15167187 4251780 15167529 4252380
15167187 4257540 15168783 4258620
15167187 4262340 15168783 4263420
15167301 4282020 15167985 4282620
15167415 4139460 15174825 4140060
15167415 4164420 15168213 4165020
15167415 4178820 15168441 4179420
15167415 4191780 15167757 4192380
15167415 4237380 15168669 4237980
15167415 4240260 15182121 4240860
15167415 4256580 15168213 4257180
15167415 4277700 15169125 4278300
15167415 4278660 15169353 4279260
15167529 4358820 15182235 4359420
15167643 4270980 15170265 4271580
15167643 4276260 15167985 4276860
15167643 4308420 15182349 4309020
15167757 4232100 15167985 4232700
15167757 4233540 15168783 4234140
15167871 4144740 15169809 4145340
15167871 4156260 15168669 4156860
15167871 4202340 15168897 4202940
15167985 4207140 15168669 4207740
15167985 4214820 15169125 4215420
15167985 4300740 15169011 4301340
15168099 4151460 15170037 4152060
15168099 4184100 15168897 4184700
15168099 4198020 15169581 4198620
15168099 4246980 15168669 4247580
15168099 4266660 15169353 4267260
15168099 4285860 15169353 4286460
15168099 4294500 15169353 4295100
15168099 4301700 15169125 4302300
15168327 4160100 15168897 4160700
15168327 4168260 15169581 4168860
15168327 4180740 15169353 4181340
15168327 4206180 15169353 4206780
15168327 4209540 15169353 4210140
15168327 4216260 15169809 4216860
15168327 4221060 15170721 4221660
15168327 4264260 15169581 4264860
15168327 4302660 15169581 4303260
15168441 4162500 15170151 4163100
15168441 4164420 15169125 4165020
15168555 4143780 15169125 4144380
15168555 4170660 15171405 4171260
15168555 4220100 15169353 4220700
15168555 4254180 15183261 4254780
15168555 4256580 15170721 4257180
15168555 4259460 15169581 4260060
15168555 4293060 15169809 4293660
15168555 4299780 15169809 4300380
15168669 4251300 15183375 4251900
15168669 4287780 15170037 4288380
15168783 4183140 15170379 4183740
15168783 4218660 15169809 4219260
15168783 4234980 15171861 4235580
15168783 4276260 15169809 4276860
15168783 4288740 15169809 4289340
15168897 4191780 15173229 4192380
15168897 4217220 15169809 4217820
15168897 4295940 15169581 4297020
15169011 4142820 15169353 4143420
15169011 4147620 15171861 4148220
15169011 4153860 15170037 4154460
15169011 4161060 15171861 4161660
15169011 4193220 15171177 4193820
15169011 4194180 15170721 4194780
15169011 4198980 15174597 4199580
15169011 4203300 15170721 4203900
15169011 4224420 15171861 4225020
15169011 4230660 15169581 4231260
15169011 4268100 15170037 4268700
15169011 4274340 15170151 4274940
15169011 4305540 15170721 4306140
15169125 4241220 15170721 4242300
15169125 4291140 15170721 4292220
15169239 4231620 15171405 4232700
15169239 4235940 15169581 4236540
15169239 4265220 15171633 4265820
15169239 4280580 15170265 4281180
15169467 4158660 15171633 4159740
15169467 4195140 15171633 4196220
15169467 4207620 15171633 4208700
15169467 4211460 15171063 4212540
15169467 4257540 15171633 4258620
15169467 4260420 15171633 4263420
15169467 4277220 15169809 4277820
15169467 4300740 15170493 4301340
15169581 4214340 15170037 4214940
15169695 4163460 15171291 4164540
15169695 4164900 15170721 4165500
15169695 4186980 15171861 4187580
15169695 4212900 15170493 4213500
15169695 4282980 15171177 4283580
15169695 4284420 15173457 4285020
15169695 4294980 15170493 4295580
15169809 4215300 15171633 4216380
15169923 4144740 15170379 4145340
15169923 4154820 15171177 4155420
15169923 4165860 15171861 4166460
15169923 4263780 15171633 4264380
15170037 4152420 15172545 4153020
15170037 4247460 15181095 4248060
15170037 4277220 15170721 4277820
15170151 4167300 15173913 4167900
15170151 4177860 15171177 4178460
15170151 4190340 15170949 4190940
15170151 4226340 15172545 4226940
15170151 4269060 15170721 4269660
15170151 4270020 15170607 4270620
15170151 4302660 15171861 4303260
15170379 4280100 15170607 4280700
15170379 4288260 15171633 4288860
15170379 4297380 15172317 4297980
15170493 4183140 15171633 4183740
15170493 4229700 15170721 4230300
15170493 4267140 15192495 4267740
15170493 4270980 15171633 4271580
15170607 4201380 15172317 4201980
15170607 4219620 15176193 4220220
15170607 4272900 15171747 4273980
15170607 4301700 15174369 4302300
15170835 4150020 15171861 4150620
15170835 4214340 15171405 4214940
15170835 4221060 15172545 4221660
15170835 4243140 15185541 4243740
15170835 4269060 15171633 4269660
15170835 4281540 15172089 4282140
15171063 4168260 15172545 4168860
15171063 4179300 15171861 4179900
15171063 4181220 15172317 4181820
15171063 4210020 15172773 4210620
15171063 4212900 15175281 4213500
15171063 4292100 15173685 4292700
15171177 4216740 15172773 4217340
15171177 4276260 15172545 4276860
15171291 4228740 15172089 4229820
15171291 4295460 15172545 4296060
15171519 4154820 15173457 4155420
15171519 4160100 15172317 4160700
15171519 4162500 15173457 4163100
15171519 4188900 15173001 4189500
15171519 4190820 15172773 4191420
15171519 4202340 15173457 4202940
15171519 4203300 15172089 4203900
15171519 4204260 15172317 4204860
15171519 4218180 15173115 4218780
15171519 4231140 15173001 4231740
15171519 4232580 15172089 4233180
15171519 4241220 15186225 4242780
15171519 4274340 15171747 4274940
15171519 4277220 15182577 4277820
15171519 4304100 15172545 4304700
15171633 4150980 15173229 4152060
15171747 4142820 15172317 4143420
15171747 4180260 15174141 4180860
15171747 4214820 15172317 4215420
15171747 4257540 15173115 4258140
15171747 4269540 15172887 4270140
15171747 4287300 15172773 4287900
15171975 4211460 15173571 4212540
15171975 4225380 15173913 4225980
15171975 4258500 15186681 4259100
15171975 4300260 15172545 4300860
15172089 4179300 15172317 4179900
15172089 4194180 15172545 4194780
15172089 4265700 15183147 4266300
15172203 4197540 15172431 4198140
15172203 4232100 15173001 4232700
15172203 4260900 15183261 4261500
15172431 4161060 15173457 4161660
15172431 4183620 15172887 4184220
15172431 4204740 15173913 4205340
15172431 4207620 15175281 4208220
15172431 4209060 15173457 4209660
15172431 4281540 15173001 4282140
15172545 4156260 15174141 4156860
15172659 4159140 15173913 4159740
15172659 4206660 15174141 4207260
15172659 4268580 15173001 4269180
15172773 4270980 15187479 4271580
15172887 4152900 15173913 4153500
15172887 4203780 15173457 4204380
15172887 4214820 15175737 4215420
15172887 4275780 15173457 4276380
15172887 4282500 15173913 4283100
15173001 4262340 15187707 4262940
15173001 4264740 15184059 4265340
15173115 4200420 15174369 4201020
15173115 4269540 15173685 4270140
15173115 4271940 15195117 4272540
15173115 4273380 15174597 4273980
15173115 4274340 15173913 4274940
15173229 4299300 15174597 4299900
15173343 4160100 15174369 4160700
15173343 4197540 15173913 4198140
15173343 4216260 15173913 4216860
15173343 4218660 15174369 4219260
15173457 4217220 15176307 4217820
15173571 4163940 15174369 4164540
15173571 4165860 15174711 4166460
15173571 4192260 15174369 4193340
15173571 4210500 15174255 4211100
15173571 4230180 15174597 4230780
15173685 4162020 15174597 4162620
15173685 4181220 15181095 4181820
15173685 4297380 15181095 4297980
15173685 4300260 15181095 4300860
15173799 4154340 15181209 4154940
15173799 4164900 15181209 4165500
15173799 4182660 15174597 4183260
15173799 4186020 15174597 4187580
15173799 4221060 15175509 4221660
15173799 4222020 15175737 4222620
15173799 4222980 15174369 4224060
15173799 4280580 15174369 4281660
15173799 4286820 15174825 4287420
15173799 4290180 15174369 4290780
15174027 4155300 15176421 4155900
15174027 4162980 15174597 4163580
15174027 4184100 15175281 4184700
15174027 4226820 15176193 4227900
15174141 4236900 15174369 4237500
15174255 4157700 15174825 4158300
15174255 4158660 15175053 4159260
15174255 4167300 15175851 4168380
15174255 4195140 15176421 4198140
15174255 4274820 15175281 4275420
15174255 4294020 15175053 4294620
15174369 4194180 15175053 4194780
15174369 4228740 15175965 4229820
15174483 4146180 15176079 4147260
15174483 4189860 15174711 4190460
15174483 4199940 15176079 4202940
15174483 4203780 15175053 4204380
15174483 4210020 15175509 4210620
15174483 4292580 15175737 4293180
15174483 4303140 15181893 4303740
15174711 4150500 15175851 4151100
15174825 4298340 15182235 4298940
15174939 4149060 15175509 4149660
15174939 4151460 15175965 4152060
15174939 4152420 15176649 4153020
15174939 4190820 15176877 4191420
15174939 4198980 15175965 4199580
15174939 4279620 15176193 4280220
15174939 4289700 15175965 4290300
15174939 4291620 15176877 4292220
15174939 4294980 15196941 4295580
15175053 4232100 15175281 4232700
15175167 4185060 15176421 4185660
15175167 4205220 15176307 4205820
15175167 4230660 15177219 4231260
15175167 4282020 15176877 4282620
15175167 4285380 15176421 4285980
15175167 4288740 15177105 4289340
15175281 4203300 15175965 4203900
15175395 4284420 15175965 4285020
15175623 4170660 15176877 4171260
15175623 4193700 15178473 4194300
15175623 4210980 15176421 4211580
15175623 4216260 15177561 4216860
15175623 4232580 15176649 4233180
15175851 4186980 15176649 4187580
15175851 4212900 15177105 4213500
15175851 4294020 15176877 4294620
15175965 4148580 15183375 4149180
15175965 4182660 15176877 4183740
15175965 4359780 15183375 4361340
15175965 4368420 15183375 4369980
15175965 4373220 15183375 4373820
15175965 4382820 15183375 4384380
15175965 4387620 15183375 4389180
15175965 4392420 15183375 4393980
15176079 4165860 15183489 4166460
15176079 4187940 15178929 4188540
15176079 4203780 15176763 4204860
15176079 4207620 15177219 4208220
15176079 4223940 15179841 4224540
15176079 4283940 15176877 4284540
15176193 4158180 15183603 4158780
15176307 4150500 15176649 4151100
15176307 4177380 15183717 4177980
15176307 4186020 15176991 4186620
15176307 4191780 15176877 4192380
15176307 4192740 15177105 4193340
15176307 4198500 15178815 4199100
15176307 4206180 15177219 4206780
15176307 4211940 15180069 4212540
15176307 4218660 15179157 4219260
15176307 4220580 15177789 4221180
15176307 4225380 15177789 4225980
15176307 4227780 15177105 4228380
15176307 4236900 15183717 4237500
15176307 4287300 15176877 4288380
15176307 4290660 15183717 4291260
15176307 4301220 15183717 4301820
15176535 4155780 15178131 4156860
15176535 4210980 15177675 4211580
15176535 4214340 15178701 4215420
15176535 4222020 15177561 4222620
15176535 4278660 15177105 4279260
15176763 4285380 15178359 4286460
15176991 4153380 15182577 4153980
15176991 4183620 15177561 4184220
15176991 4186500 15178929 4187100
15176991 4195140 15180753 4195740
15176991 4201380 15179841 4201980
15176991 4204740 15178587 4205820
15176991 4282980 15177789 4283580
15177219 4197540 15178701 4198140
15177219 4200420 15179157 4201020
15177219 4284420 15178473 4285020
15177447 4234500 15195801 4235100
15177447 4289700 15178245 4290300
15177561 4209060 15179157 4209660
15177675 4203300 15179157 4203900
15177675 4221540 15178701 4222140
15177675 4227300 15178701 4227900
15177789 4191780 15181209 4192380
15178131 4189860 15178929 4190460
15178131 4216740 15178929 4217340
15178245 4202340 15181095 4202940
15178359 4185060 15183945 4185660
15178359 4210020 15181209 4210620
15178359 4228740 15179157 4229820
15178473 4155300 15184059 4155900
15178587 4169700 15182349 4170300
15178587 4196580 15181437 4197180
15178587 4233060 15179385 4233660
15178587 4289220 15196941 4289820
15178815 4198500 15179955 4199100
15178815 4207140 15179727 4207740
15178815 4227780 15179613 4228380
15178815 4285860 15179385 4286460
15179043 4193220 15180639 4194300
15179043 4213380 15180525 4213980
15179043 4215300 15179613 4215900
15179043 4284900 15182805 4285500
15179271 4214340 15197625 4214940
15179271 4224900 15180867 4225980
15179499 4316580 15183261 4318140
15179727 4220580 15183489 4221180
15179727 4232580 15194433 4233180
15179841 4200900 15181437 4201500
15179955 4216260 15194661 4216860
15179955 4219620 15181665 4220220
15180411 4171620 15182349 4172220
15180525 4186020 15183375 4186620
15180525 4212900 15183375 4213500
15180639 4139940 15184059 4140540
15180639 4226340 15184059 4226940
15180639 4268580 15184059 4269180
15180867 4229220 15183717 4229820
15180867 4269540 15183717 4270140
15180981 4256100 15184059 4256700
15180981 4345380 15184059 4345980
15181095 4143780 15183945 4144380
15181095 4186980 15183033 4187580
15181095 4197540 15183489 4198140
15181095 4217700 15184059 4218300
15181095 4221540 15184059 4222140
15181095 4222500 15184059 4223100
15181095 4274340 15183945 4274940
15181095 4305060 15184059 4305660
15181095 4326660 15195801 4327260
15181095 4329540 15195801 4331100
15181095 4350660 15195801 4351260
15181095 4355460 15195801 4356060
15181209 4144740 15184059 4145340
15181323 4208580 15183489 4209660
15181323 4245540 15183261 4246140
15181551 4161060 15184059 4161660
15181551 4189380 15183147 4190460
15181551 4191780 15183489 4192380
15181779 4187940 15184059 4188540
15181779 4204740 15196485 4205340
15181893 4282020 15184059 4282620
15182007 4180260 15184059 4180860
15182007 4192740 15184059 4193340
15182007 4193700 15182349 4194300
15182007 4203780 15189417 4204380
15182007 4249860 15196713 4250460
15182235 4157220 15184059 4157820
15182235 4170660 15184059 4171260
15182235 4173060 15196941 4173660
15182235 4206180 15184059 4206780
15182235 4228260 15184059 4228860
15182235 4278180 15184059 4278780
15182235 4292580 15184059 4293180
15182235 4335780 15184059 4336380
15182349 4319460 15184059 4320060
15182463 4200900 15197169 4201500
15182463 4237860 15184059 4238460
15182463 4239780 15184059 4240380
15182463 4280100 15183489 4280700
15182691 4147620 15183717 4148220
15182805 4202820 15183489 4203420
15182919 4178820 15197625 4179420
15182919 4285860 15183945 4286460
15183033 4219620 15184059 4220220
15183033 4259940 15184059 4260540
15183147 4142820 15184059 4143420
15183147 4168740 15184059 4169340
15183147 4257060 15184059 4257660
15183261 4135620 15197967 4136220
15183261 4146660 15184059 4147260
15183261 4162020 15184059 4162620
15183261 4163940 15184059 4164540
15183261 4182180 15184059 4182780
15183261 4302180 15184059 4302780
15183261 4357860 15184059 4358460
15183261 4363620 15184059 4367100
15183261 4371300 15184059 4372860
15183261 4378980 15184059 4382460
15183261 4394340 15184059 4395900
15183375 4189380 15183945 4189980
15183375 4235940 15184059 4236540
15183375 4238820 15185427 4239420
15183375 4255140 15184059 4255740
15183375 4304100 15184059 4304700
15183489 4223460 15184059 4224060
15183603 4137060 15184059 4137660
15183603 4162980 15185427 4163580
15183603 4167780 15185427 4168380
15183603 4184100 15184059 4184700
15183603 4196580 15185427 4197180
15183603 4281060 15184059 4281660
15183603 4284900 15184059 4285500
15183717 4291620 15184059 4292220
15183831 4224420 15185427 4225020
15183945 4149540 15192723 4152060
15183945 4152420 15192723 4153980
15183945 4186020 15192723 4187580
15183945 4195620 15192723 4196220
15183945 4198980 15184629 4199580
15183945 4208100 15192723 4209660
15183945 4210980 15192723 4211580
15183945 4245540 15185427 4246140
15183945 4246500 15192723 4248060
15183945 4254180 15192723 4254780
15183945 4296420 15192723 4297980
15183945 4298340 15192723 4298940
15183945 4299300 15192723 4300860
15183945 4306980 15192723 4307580
15183945 4307940 15192723 4310460
15183945 4321380 15192723 4322940
15183945 4332900 15192723 4334460
15183945 4352100 15192723 4353660
15183945 4358820 15192723 4360380
15183945 4368420 15192723 4369980
15183945 4373220 15192723 4373820
15183945 4385700 15192723 4387260
15183945 4387620 15192723 4389180
15184515 4176900 15195573 4177500
15184857 4143300 15195915 4143900
15185313 4147620 15192723 4148220
15185313 4191780 15192723 4192380
15185313 4220580 15192723 4221180
15185313 4229220 15192723 4230780
15185313 4274340 15196371 4274940
15185313 4282980 15192723 4283580
15185313 4301220 15192723 4301820
15186339 4177860 15197397 4178460
15187023 4144260 15198081 4144860
15188391 4365060 15195801 4366620
15189075 4162500 15196485 4163100
15190785 4157700 15198195 4158300
15192609 4146660 15198195 4147260
15192609 4198500 15196371 4200060
15192609 4223460 15196371 4224060
15192609 4224420 15198195 4225980
15192609 4226340 15198195 4227900
15192609 4238820 15198651 4240380
15192609 4243620 15198195 4245180
15192609 4255140 15198651 4256700
15192609 4262820 15198651 4264380
15192609 4264740 15198651 4266300
15192609 4268580 15198651 4270140
15192609 4291620 15198195 4293180
15192609 4389540 15198651 4393980
15192837 4182660 15198423 4183260
15192837 4285380 15198423 4285980
15193065 4288260 15198651 4288860
15193179 4170180 15196941 4170780
15195117 4298820 15197967 4299420
15195231 4236420 15198651 4237020
15195459 4228740 15198309 4229340
15195687 4185540 15197625 4186140
15195687 4196100 15198651 4197660
15196257 4160100 15198651 4161660
15196257 4165860 15198651 4166460
15196257 4240740 15198651 4242300
15196257 4245540 15198651 4247100
15196599 4218180 15198651 4218780
15196599 4284420 15198651 4285020
15196599 4302660 15198651 4303260
15196827 4271940 15198651 4272540
15197055 4261380 15198651 4261980
15197283 4180740 15198651 4181340
15197511 4280580 15198651 4281180
15197853 4163460 15198651 4164060
15198081 4144740 15198651 4146300
15198081 4149540 15198651 4151100
15198081 4151940 15198651 4152540
15198081 4155780 15198651 4156380
15198081 4170660 15198651 4172220
15198081 4172580 15198651 4174140
15198081 4222980 15198651 4223580
15198081 4257060 15198651 4258620
15198081 4258980 15198651 4260540
15198081 4295460 15198651 4297020
15198081 4297380 15198651 4298940
15198081 4305060 15198651 4306620
15198195 4168260 15198651 4168860
15198195 4198980 15198651 4199580
15198195 4213380 15198651 4213980
15198195 4286340 15198651 4286940
15198423 4272900 15198651 4274460
15241971 4165860 15256677 4196220
15241971 4196580 15256677 4226940
15241971 4227300 15256677 4257660
15241971 4258020 15256677 4288380
15241971 4288740 15256677 4319100
15241971 4319460 15256677 4349820
15241971 4350180 15256677 4380540
15241971 4380900 15256677 4395900
15319149 4165860 15336135 4196700
15319149 4258020 15336135 4288860
15319149 4319460 15336135 4350300
15319149 4380900 15336135 4396380
15336021 4143300 15440559 4143900
15336021 4379460 15468375 4380060
15432009 4192740 15446715 4193340
15432009 4338660 15463587 4339260
15432009 4385700 15463587 4386300
15440445 4266180 15455151 4266780
15447513 4192740 15456291 4193340
15455037 4143300 15458799 4143900
15458685 4266180 15458913 4266780
15458799 4143300 15459597 4143900
15459483 4266180 15463245 4266780
15459825 4192740 15460851 4193340
15461079 4192740 15461877 4193340
15461991 4193220 15463929 4193820
15463131 4143300 15464157 4143900
15463815 4192260 15466209 4192860
15464043 4266180 15464841 4266780
15464727 4143300 15466209 4143900
15466095 4266180 15468375 4266780
15466209 4338660 15467007 4339260
15466209 4385700 15466779 4386300
15467235 4385700 15467919 4386300
15467463 4338660 15468261 4339260
