15149403 4172100 15150201 4173180
15150087 4223940 15152253 4226940
15152367 4232580 15153165 4233660
15152595 4295940 15154761 4298940
15155103 4193220 15157269 4196220
15155673 4251780 15157269 4252860
15159663 4205700 15161829 4208700
15162171 4158660 15164337 4161660
15165135 4184580 15166617 4186140
15165135 4325700 15166617 4327260
15166503 4319940 15181209 4321500
15166959 4150020 15169125 4151100
15169239 4285380 15171405 4286460
15174027 4206660 15176193 4209660
15174483 4162980 15181893 4163580
15176535 4150020 15178131 4153020
15181095 4309380 15195801 4310940
15183945 4173540 15192723 4176060
15192609 4135140 15198651 4144380
15192609 4187940 15198651 4192380
15192609 4202340 15198651 4211580
15192609 4250340 15198651 4254780
15192609 4312740 15198651 4321980
15192609 4322340 15198651 4331580
15192609 4331940 15198651 4341180
15192609 4341540 15198651 4350780
15192609 4351140 15198651 4360380
15192609 4360740 15198651 4369980
15192609 4370340 15198651 4379580
15192609 4379940 15198651 4389180
15198081 4281060 15198651 4282620
