15148263 4211460 15149061 4212540
15148263 4222020 15149289 4222620
15149061 4158180 15149517 4158780
15149061 4172100 15149517 4172700
15149061 4218660 15149859 4219260
15149859 4143300 15152025 4143900
15149859 4148100 15150429 4148700
15149859 4155300 15153621 4155900
15149859 4195140 15152709 4196700
15149859 4201380 15152481 4201980
15149859 4225380 15151569 4225980
15149859 4232580 15150885 4233180
15149859 4280580 15150201 4281660
15149859 4282500 15150201 4283580
15149859 4289220 15150429 4289820
15149859 4326180 15150429 4326780
15149973 4198980 15151569 4200060
15150087 4144260 15151683 4147260
15150087 4170180 15152253 4171260
15150087 4173060 15152253 4176060
15150087 4179780 15152253 4182780
15150087 4186500 15152253 4189500
15150087 4205700 15152253 4208700
15150087 4212420 15152253 4213500
15150087 4215300 15152253 4216380
15150087 4217220 15154761 4218300
15150087 4233540 15152253 4234620
15150087 4237380 15152253 4240380
15150087 4242180 15152253 4245180
15150087 4248900 15152253 4251900
15150087 4252740 15152253 4255740
15150087 4257540 15154761 4258620
15150087 4265220 15152253 4268220
15150087 4270020 15152253 4271100
15150087 4272900 15152253 4273980
15150087 4277700 15152253 4278780
15150087 4284420 15152253 4287420
15150087 4293060 15152253 4294140
15150087 4294980 15154761 4296060
15150087 4300740 15152253 4303740
15150087 4304580 15152253 4307580
15150087 4309380 15154761 4310460
15150087 4311300 15152253 4314300
15150087 4315140 15152253 4318140
15150087 4327620 15152253 4330620
15150087 4331460 15152253 4332540
15150315 4222020 15152481 4223100
15151227 4307940 15153279 4308540
15151455 4228260 15152253 4228860
15152139 4229700 15153165 4230780
15152139 4263300 15153165 4263900
15152367 4143300 15153165 4143900
15152367 4232100 15154305 4232700
15152367 4285860 15153849 4286460
15152595 4178820 15154761 4179900
15152595 4219140 15154989 4220220
15153051 4260420 15154647 4261500
15153051 4318020 15153849 4318620
15153051 4326660 15153279 4327260
15153279 4246980 15154305 4247580
15153507 4255140 15155445 4255740
15153507 4281540 15154077 4282140
15153621 4159620 15154761 4160220
15153735 4221060 15157497 4221660
15153963 4141860 15155217 4142460
15153963 4250820 15154305 4251900
15153963 4305060 15155901 4305660
15154191 4151940 15156129 4152540
15154191 4283460 15155787 4284540
15154191 4313220 15155445 4313820
15154647 4173540 15156129 4174140
15154647 4289700 15155445 4290300
15154761 4209540 15156357 4210620
15154875 4165380 15155217 4166460
15154875 4171140 15155331 4171740
15154875 4201860 15157041 4204860
15154875 4278660 15157041 4279740
15154989 4241220 15156585 4242300
15155103 4150020 15157269 4151100
15155103 4158660 15155673 4159260
15155103 4192260 15157269 4193340
15155103 4207620 15156927 4208700
15155103 4226820 15157269 4229820
15155103 4252740 15156699 4253820
15155103 4280580 15155787 4281180
15155217 4182660 15156813 4183740
15155331 4306020 15157269 4306620
15155559 4143300 15157155 4144380
15155673 4233540 15157269 4234620
15155673 4287300 15157269 4288380
15155787 4244580 15157041 4245180
15155787 4301700 15156357 4302300
15155787 4317540 15157041 4318140
15156015 4160580 15157155 4161180
15156015 4282020 15158865 4282620
15156015 4291620 15157155 4292220
15156243 4309380 15156927 4310460
15156243 4320900 15156813 4321500
15156243 4328100 15157269 4328700
15156471 4184100 15158865 4184700
15156471 4205700 15157497 4206300
15156699 4136580 15160461 4137180
15156699 4270980 15158295 4272060
15157155 4291140 15158637 4291740
15157155 4312260 15157725 4312860
15157269 4261380 15158865 4262460
15157383 4145220 15159549 4148220
15157383 4299780 15157953 4300380
15157497 4180740 15159093 4181820
15157611 4288260 15158181 4288860
15157611 4316100 15159207 4319100
15157839 4158660 15159549 4159260
15157839 4265220 15159777 4265820
15157839 4274820 15158865 4275420
15157953 4202820 15159549 4203900
15158295 4259460 15159777 4260060
15158523 4312740 15159663 4313340
15158637 4247940 15159321 4249020
15158979 4165380 15159777 4166460
15158979 4205700 15159777 4206780
15159093 4256580 15160005 4257660
15159435 4211460 15161145 4212060
15159435 4220100 15161601 4220700
15159435 4279620 15160005 4280700
15159435 4289700 15161373 4290300
15159435 4304580 15159777 4305660
15159435 4335300 15165021 4335900
15159549 4150980 15161145 4152060
15159549 4181700 15161145 4182780
15159663 4193220 15161829 4194300
15159663 4197060 15161259 4198140
15159663 4229700 15161829 4232700
15159663 4234500 15161829 4235580
15159891 4174980 15162057 4177980
15159891 4262340 15162057 4263420
15159891 4296900 15162057 4297980
15159891 4300740 15162057 4301820
15159891 4317060 15160461 4317660
15160119 4215300 15161715 4216380
15160119 4306500 15161145 4307100
15160347 4322820 15161943 4323900
15160575 4155780 15161601 4156380
15160803 4218180 15161829 4218780
15160803 4223940 15161601 4225020
15160803 4330020 15162285 4330620
15161031 4161540 15162969 4162140
15161031 4168260 15162057 4168860
15161259 4292100 15161601 4293180
15161259 4331460 15162285 4332540
15161487 4180740 15163083 4181820
15161487 4265700 15162741 4266300
15161943 4173060 15162741 4174140
15161943 4196100 15164793 4196700
15161943 4255140 15164109 4255740
15161943 4318980 15162741 4320060
15162057 4197060 15162741 4198140
15162171 4138500 15164337 4139580
15162171 4178820 15164337 4179900
15162171 4188420 15164337 4189500
15162171 4201860 15164337 4202940
15162171 4211940 15162741 4212540
15162171 4237380 15164337 4240380
15162171 4246020 15164337 4249020
15162171 4258500 15164337 4259580
15162171 4274820 15164337 4277820
15162171 4278660 15164337 4281660
15162171 4282500 15164337 4285500
15162399 4155300 15163653 4155900
15162627 4156740 15164223 4157820
15162627 4184100 15163767 4184700
15162627 4212900 15162855 4213500
15162627 4216260 15164223 4217340
15162627 4315140 15164223 4318140
15162627 4323780 15164223 4324860
15162741 4207620 15164337 4210620
15162741 4214340 15164337 4215420
15162741 4251780 15164337 4252860
15162741 4261380 15164337 4262460
15162741 4266180 15164337 4267260
15162855 4285860 15163881 4286460
15163083 4264260 15164337 4264860
15163197 4199940 15164337 4200540
15163311 4170660 15164337 4171260
15163311 4292100 15165249 4292700
15163311 4325700 15165249 4326300
15163767 4184100 15165477 4184700
15163995 4295460 15166845 4296060
15164223 4151940 15166617 4152540
15164223 4154820 15166617 4156380
15164223 4164420 15166617 4165980
15164223 4211460 15166617 4213020
15164223 4297860 15166617 4299420
15164223 4300260 15165819 4300860
15164451 4171140 15165249 4172220
15164451 4174980 15165249 4176060
15164451 4227300 15165021 4227900
15164907 4318020 15166617 4318620
15164907 4321380 15183261 4321980
15165021 4357380 15166617 4358940
15165021 4362180 15166617 4363740
15165135 4170180 15167073 4170780
15165135 4222980 15166617 4223580
15165135 4241220 15166617 4241820
15165135 4243620 15166959 4244220
15165135 4256580 15166617 4258140
15165135 4269060 15166617 4270620
15165135 4275300 15166389 4275900
15165135 4288740 15166845 4289340
15165135 4308420 15166617 4309020
15165135 4313220 15166617 4314780
15165135 4329540 15166617 4331100
15165135 4355460 15166617 4357020
15166275 4193700 15167073 4195260
15166503 4137540 15181209 4139100
15166503 4143780 15168441 4144380
15166503 4174980 15195801 4176540
15166503 4180740 15167985 4181340
15166503 4181700 15167301 4182300
15166503 4189380 15170265 4189980
15166503 4231140 15168213 4231740
15166503 4235460 15168213 4236060
15166503 4239300 15181209 4239900
15166503 4247940 15167529 4248540
15166503 4249380 15166959 4249980
15166503 4259940 15167985 4260540
15166503 4287300 15167301 4288380
15166503 4291140 15169011 4291740
15166503 4305540 15168441 4306140
15166503 4310340 15181209 4311900
15166503 4332420 15195801 4333980
15166503 4339140 15181209 4340700
15166503 4346820 15195801 4348380
15166503 4348740 15181209 4350300
15166503 4353540 15181209 4355100
15166845 4272900 15168669 4273980
15166959 4149060 15169125 4150140
15166959 4207620 15167529 4208220
15167073 4140420 15169125 4141500
15167073 4152900 15168669 4153980
15167187 4135620 15168783 4136700
15167187 4158660 15168555 4159740
15167415 4145220 15168213 4145820
15167415 4166340 15169011 4167420
15167415 4195140 15169011 4196220
15167415 4210500 15169011 4213500
15167415 4224900 15169011 4225980
15167415 4242180 15169011 4243260
15167415 4274820 15169011 4275900
15167415 4283460 15169011 4284540
15167415 4297860 15170265 4298460
15167871 4198980 15168441 4199580
15167871 4232100 15168441 4232700
15167871 4281540 15169809 4282140
15167871 4284900 15169353 4285500
15168555 4155780 15170151 4156860
15168555 4259940 15170949 4260540
15168783 4289220 15169581 4289820
15169011 4306020 15183717 4306620
15169125 4242180 15170721 4243260
15169239 4142340 15171291 4143420
15169239 4278660 15173913 4279740
15169467 4198020 15171633 4201020
15169467 4233540 15171633 4236540
15169581 4224900 15171177 4225980
15169695 4217220 15170607 4217820
15169695 4293060 15171291 4294140
15169695 4298820 15171291 4299900
15170379 4282500 15171177 4283100
15170379 4288740 15174141 4289340
15170493 4270020 15171633 4270620
15170607 4230180 15172203 4230780
15171519 4261860 15172317 4262460
15171519 4296900 15172317 4297500
15171519 4304580 15178929 4305180
15171747 4147140 15173913 4150140
15171747 4283460 15173343 4286460
15171747 4291140 15173913 4294140
15171747 4302660 15173913 4303740
15171861 4226820 15173457 4227900
15171975 4181700 15173571 4182780
15172203 4294980 15173685 4295580
15172317 4197060 15173001 4198140
15172431 4161540 15173001 4162140
15172431 4295940 15172773 4296540
15172887 4188900 15174369 4189500
15172887 4232100 15173913 4232700
15172887 4268580 15173457 4269180
15173115 4272420 15173685 4273020
15173343 4208580 15174141 4209660
15173343 4276260 15174597 4276860
15173343 4284420 15174939 4285500
15173799 4166820 15181209 4167420
15173799 4223940 15175509 4224540
15173799 4224900 15174369 4225980
15173913 4213380 15175509 4216380
15174255 4160580 15175053 4161180
15174483 4161540 15176079 4164540
15174597 4189380 15176193 4190460
15175395 4230180 15176421 4230780
15176307 4151940 15176649 4152540
15176307 4228260 15178245 4228860
15176649 4198980 15178245 4200060
15176763 4281540 15178359 4282620
15176763 4292100 15178701 4293180
15176991 4155300 15177561 4155900
15176991 4288260 15178587 4289340
15177105 4205700 15178701 4208700
15177105 4230660 15178701 4231740
15178587 4221060 15179385 4222140
15178815 4187460 15180981 4190460
15179043 4192260 15181209 4193340
15179043 4199940 15179385 4201020
15179043 4203780 15181209 4206780
15179271 4222980 15180867 4224060
15179499 4210500 15181095 4211580
15180639 4195140 15182121 4195740
15181095 4361220 15195801 4362780
15181323 4198020 15183489 4199100
15182577 4200420 15183261 4201020
15183261 4375140 15184059 4378620
15183261 4382820 15184059 4386300
15183261 4390500 15184059 4393980
15183945 4138980 15192723 4140540
15183945 4140900 15192723 4142460
15183945 4154340 15192723 4156860
15183945 4159140 15192723 4161660
15183945 4163940 15192723 4166460
15183945 4168740 15192723 4171260
15183945 4171620 15192723 4173180
15183945 4181220 15192723 4182780
15183945 4183140 15192723 4185660
15183945 4187940 15192723 4190460
15183945 4192740 15192723 4195260
15183945 4202340 15192723 4204860
15183945 4211940 15192723 4214460
15183945 4216740 15192723 4219260
15183945 4227300 15192723 4228860
15183945 4231140 15192723 4233660
15183945 4234020 15192723 4235580
15183945 4235940 15192723 4238460
15183945 4250340 15192723 4252860
15183945 4255140 15192723 4257660
15183945 4258020 15192723 4259580
15183945 4259940 15192723 4262460
15183945 4264740 15192723 4267260
15183945 4269540 15192723 4272060
15183945 4277220 15192723 4278780
15183945 4279140 15192723 4281660
15183945 4283940 15192723 4286460
15183945 4288740 15192723 4291260
15183945 4293540 15192723 4296060
15183945 4303140 15192723 4305660
15183945 4318500 15192723 4320060
15183945 4328100 15192723 4329660
15183945 4334820 15192723 4336380
15183945 4340580 15192723 4342140
15183945 4342500 15192723 4344060
15183945 4356900 15192723 4358460
15183945 4366500 15192723 4368060
15183945 4395300 15192723 4396860
15185313 4166820 15192723 4168380
15188391 4369860 15195801 4371420
15188391 4389060 15195801 4390620
15192609 4149060 15198651 4149660
15192609 4195620 15198651 4197180
15192609 4200420 15198651 4201980
15192609 4214820 15198651 4216380
15192609 4219620 15198651 4221180
15192609 4248420 15198651 4249980
15192609 4282020 15198195 4283580
15192609 4296420 15198195 4297980
15192609 4306020 15198195 4307580
15192609 4308900 15198651 4312380
15195687 4244100 15198651 4245660
15196257 4158180 15198651 4159740
15197511 4185540 15198651 4187100
15198081 4156260 15198651 4157820
15198081 4180260 15198651 4181820
15198081 4182180 15198651 4183740
15198081 4225380 15198651 4226940
15198081 4236900 15198651 4238460
15198081 4260900 15198651 4262460
15198081 4290660 15198651 4292220
15198081 4293060 15198651 4293660
15319149 4196580 15336135 4227420
15466095 4192740 15468375 4193340
