15146781 4135140 15148263 4137180
15146781 4137540 15148263 4138620
15146781 4138980 15148263 4140060
15146781 4140420 15148263 4141020
15146781 4141860 15148263 4142460
15146781 4142820 15148263 4144860
15146781 4145220 15148263 4145820
15146781 4146660 15148263 4147260
15146781 4147620 15148263 4148700
15146781 4149060 15148263 4150140
15146781 4150500 15148263 4152540
15146781 4152900 15148263 4153500
15146781 4154340 15148263 4154940
15146781 4155300 15148263 4158300
15146781 4158660 15148605 4159260
15146781 4160100 15148605 4160700
15146781 4161060 15148263 4162140
15146781 4162500 15148605 4163100
15146781 4164900 15148377 4165500
15146781 4166340 15148605 4166940
15146781 4168740 15150201 4169340
15146781 4170180 15150201 4170780
15146781 4171620 15148263 4174620
15146781 4174980 15148605 4175580
15146781 4176420 15150543 4177020
15146781 4178340 15148263 4178940
15146781 4179300 15148263 4180380
15146781 4180740 15148263 4181340
15146781 4182180 15149973 4182780
15146781 4184100 15148263 4185180
15146781 4185540 15148263 4186620
15146781 4186980 15148263 4188060
15146781 4188900 15150201 4189500
15146781 4190820 15148263 4191420
15146781 4191780 15148263 4194780
15146781 4195140 15148605 4195740
15146781 4197540 15150201 4198140
15146781 4198980 15148605 4199580
15146781 4200420 15149631 4201020
15146781 4202340 15148263 4202940
15146781 4203300 15148263 4204380
15146781 4205220 15149289 4205820
15146781 4207140 15148263 4207740
15146781 4208100 15148263 4209180
15146781 4209540 15148263 4210140
15146781 4210980 15149973 4211580
15146781 4211940 15148263 4213020
15146781 4213380 15148263 4213980
15146781 4214820 15149973 4215420
15146781 4216740 15147807 4217340
15146781 4217700 15148263 4218780
15146781 4219140 15148605 4219740
15146781 4221540 15148377 4222140
15146781 4222980 15148605 4223580
15146781 4225380 15149289 4225980
15146781 4226340 15148263 4227420
15146781 4227780 15148605 4228380
15146781 4229220 15150201 4229820
15146781 4230660 15147921 4231260
15146781 4233060 15148149 4233660
15146781 4234020 15148263 4235100
15146781 4235460 15148605 4236060
15146781 4236900 15150543 4237500
15146781 4237860 15148263 4238940
15146781 4239300 15147693 4239900
15146781 4240740 15148377 4241340
15146781 4241700 15148263 4244700
15146781 4245540 15151113 4246140
15146781 4246500 15148263 4249500
15146781 4249860 15148263 4250940
15146781 4251300 15148263 4253340
15146781 4253700 15148263 4254300
15146781 4255140 15148263 4255740
15146781 4256100 15148263 4259100
15146781 4259460 15148605 4260060
15146781 4260900 15149289 4261500
15146781 4261860 15148263 4264860
15146781 4265700 15150201 4266300
15146781 4266660 15148263 4267740
15146781 4268100 15148605 4268700
15146781 4269540 15150543 4270140
15146781 4271460 15149973 4272060
15146781 4272420 15148263 4273500
15146781 4273860 15148263 4274460
15146781 4275300 15149973 4275900
15146781 4277220 15149289 4277820
15146781 4278180 15148263 4281180
15146781 4281540 15149973 4282140
15146781 4282980 15149973 4283580
15146781 4284900 15148263 4285980
15146781 4286340 15148263 4287420
15146781 4287780 15148263 4289820
15146781 4290180 15148263 4291260
15146781 4291620 15148263 4292700
15146781 4293540 15150201 4294140
15146781 4295460 15148263 4296060
15146781 4296420 15148263 4297500
15146781 4297860 15149973 4298460
15146781 4299300 15148263 4299900
15146781 4300260 15148263 4303260
15146781 4303620 15148605 4304220
15146781 4306020 15151113 4306620
15146781 4307460 15148605 4308060
15146781 4309860 15150201 4310460
15146781 4311300 15148605 4311900
15146781 4313700 15150201 4314300
15146781 4314660 15148263 4317660
15146781 4318020 15149973 4318620
15146781 4319460 15149973 4320060
15146781 4321380 15150201 4321980
15146781 4322340 15148263 4323420
15146781 4323780 15148605 4324380
15146781 4326180 15149631 4326780
15146781 4327620 15148605 4328220
15146781 4330020 15150201 4330620
15146781 4331460 15148605 4332060
15146781 4333860 15152367 4334460
15146781 4334820 15148263 4335900
15146781 4336260 15148605 4336860
15146781 4337700 15154191 4338300
15146781 4338660 15148263 4341660
15146781 4342020 15149973 4342620
15146781 4343460 15149973 4344060
15146781 4345380 15148263 4346460
15146781 4346820 15148263 4347900
15146781 4348260 15148263 4350300
15146781 4350660 15148263 4351740
15146781 4352100 15148263 4354140
15146781 4354500 15148263 4355100
15146781 4355940 15149973 4356540
15146781 4356900 15148263 4357500
15146781 4358340 15161487 4359900
15146781 4360260 15161487 4362300
15146781 4363140 15165135 4363740
15146781 4364100 15165135 4364700
15146781 4365060 15161487 4367100
15146781 4367940 15161487 4368540
15146781 4368900 15165135 4369500
15146781 4369860 15161487 4371900
15146781 4372740 15161487 4373340
15146781 4373700 15165135 4374300
15146781 4374660 15161487 4376700
15146781 4377540 15161487 4378140
15146781 4378500 15165135 4379100
15146781 4379460 15161487 4381500
15146781 4382340 15161487 4382940
15146781 4383300 15165135 4383900
15146781 4384260 15161487 4386300
15146781 4387140 15161487 4387740
15146781 4388100 15165135 4388700
15146781 4389060 15161487 4391100
15146781 4391940 15161487 4392540
15146781 4392900 15165135 4393500
15146781 4393860 15161487 4395900
15148149 4163460 15150201 4164060
15148149 4167300 15149061 4167900
15148149 4177380 15150201 4177980
15148149 4183140 15149973 4183740
15148149 4189860 15151911 4190460
15148149 4196100 15149061 4196700
15148149 4201380 15149973 4201980
15148149 4206180 15149745 4206780
15148149 4215780 15150201 4216380
15148149 4220100 15150201 4220700
15148149 4223940 15150201 4224540
15148149 4230180 15150201 4230780
15148149 4231140 15151911 4231740
15148149 4232580 15149973 4233180
15148149 4239780 15150201 4240380
15148149 4270500 15149745 4271100
15148149 4276260 15152481 4276860
15148149 4283940 15149175 4284540
15148149 4294500 15157383 4295100
15148149 4304580 15149745 4305180
15148149 4308420 15150087 4309020
15148149 4312260 15151569 4312860
15148149 4320420 15151569 4321020
15148149 4324740 15149745 4325340
15148149 4328580 15152481 4329180
15148149 4332420 15152481 4333020
15148149 4344420 15149973 4345020
15148263 4139460 15149061 4140540
15148263 4212420 15149289 4213020
15148263 4217220 15149289 4217820
15148491 4142340 15150201 4142940
15148491 4150020 15150201 4150620
15148491 4152900 15150201 4153500
15148491 4154820 15149517 4155420
15148491 4178820 15150885 4179420
15148491 4191300 15152253 4191900
15148491 4202820 15149517 4203420
15148491 4207620 15150201 4208220
15148491 4247940 15150201 4248540
15148491 4250820 15150201 4251420
15148491 4263300 15152253 4263900
15148491 4279620 15151341 4280220
15148491 4291140 15149289 4291740
15148491 4295940 15149517 4296540
15148491 4316100 15149517 4316700
15148491 4347780 15163197 4348380
15148491 4351620 15155901 4352220
15148605 4287300 15149517 4287900
15148719 4141380 15149973 4141980
15148833 4161540 15149973 4162140
15148947 4221060 15150885 4221660
15148947 4227300 15150885 4227900
15148947 4240740 15149973 4241340
15149061 4155780 15149745 4156380
15149061 4157700 15149517 4158300
15149061 4159620 15149745 4160220
15149061 4171620 15149517 4172220
15149061 4194180 15149745 4194780
15149061 4209540 15149745 4210140
15149061 4218180 15149859 4218780
15149061 4280580 15149289 4281180
15149061 4284900 15149745 4285500
15149175 4138500 15150429 4139100
15149175 4140420 15150885 4141020
15149175 4144740 15150201 4145340
15149175 4148580 15149745 4149180
15149175 4165380 15150885 4165980
15149175 4187460 15149973 4188540
15149175 4222020 15150429 4222620
15149403 4143780 15153621 4144380
15149403 4147620 15149973 4148220
15149403 4160580 15149973 4161180
15149403 4180740 15150885 4181340
15149403 4186020 15149973 4186620
15149403 4195140 15149973 4195740
15149403 4234500 15151797 4235100
15149403 4243140 15150201 4244220
15149403 4258020 15150201 4258620
15149403 4259940 15150201 4260540
15149403 4262340 15153621 4262940
15149403 4268100 15150885 4268700
15149403 4283940 15153621 4284540
15149403 4327140 15149973 4327740
15149517 4291140 15152025 4291740
15149631 4136100 15150201 4136700
15149631 4139460 15152481 4140060
15149631 4146660 15150201 4147260
15149631 4184100 15150201 4184700
15149631 4196580 15151569 4197180
15149631 4203300 15155217 4203900
15149631 4204260 15150201 4204860
15149631 4213380 15150885 4213980
15149631 4252260 15151569 4252860
15149631 4264260 15150201 4264860
15149631 4272420 15152253 4273020
15149631 4278660 15150315 4279260
15149631 4285860 15150429 4286460
15149631 4290180 15150201 4290780
15149631 4303140 15150201 4303740
15149745 4287300 15151113 4287900
15149859 4135140 15151797 4135740
15149859 4154820 15151113 4155420
15149859 4156740 15150657 4157340
15149859 4159140 15150429 4159740
15149859 4164420 15152709 4165020
15149859 4167780 15153621 4168380
15149859 4173060 15150201 4174140
15149859 4174500 15151113 4175100
15149859 4193220 15150201 4193820
15149859 4205220 15152709 4205820
15149859 4218180 15150657 4219260
15149859 4224900 15152709 4225500
15149859 4241700 15153621 4242300
15149859 4258980 15152481 4259580
15149859 4260900 15152709 4261500
15149859 4288260 15150201 4289340
15149859 4300260 15152709 4300860
15149859 4301700 15152709 4302300
15149859 4310820 15152481 4311420
15149859 4315620 15150201 4316220
15149859 4316580 15152709 4317180
15149859 4323780 15155445 4324380
15149859 4325700 15152709 4326300
15149859 4339620 15179157 4340220
15149859 4349700 15164565 4350300
15149859 4353540 15164565 4354140
15149973 4149060 15150315 4149660
15149973 4161060 15150429 4161660
15149973 4198500 15151569 4199100
15149973 4199940 15151569 4201020
15149973 4292100 15150201 4292700
15150087 4145700 15150657 4146300
15150087 4150980 15152253 4152060
15150087 4166340 15154761 4167420
15150087 4171140 15151569 4171740
15150087 4172100 15151113 4172700
15150087 4185060 15151113 4185660
15150087 4194180 15152253 4195260
15150087 4209540 15152253 4210620
15150087 4235460 15154761 4236540
15150087 4273860 15152253 4274940
15150087 4280580 15152253 4281660
15150087 4282500 15154761 4283580
15150087 4296900 15152253 4297980
15150087 4318980 15154761 4320060
15150315 4148100 15151341 4148700
15150315 4162500 15152481 4163580
15150315 4183140 15152481 4183740
15150315 4195620 15152253 4196220
15150315 4211940 15151113 4212540
15150315 4214340 15152253 4214940
15150315 4289220 15151797 4289820
15150429 4152900 15152025 4153980
15150429 4257060 15152709 4257660
15150543 4141380 15151683 4141980
15150543 4158660 15152481 4159260
15150543 4246500 15152481 4247100
15150543 4269060 15151569 4269660
15150543 4271460 15152481 4272060
15150543 4277220 15151113 4277820
15150543 4298340 15152253 4298940
15150543 4307940 15151341 4308540
15150771 4142340 15150999 4142940
15150771 4216260 15152481 4216860
15150771 4223460 15151569 4224060
15150771 4232580 15151911 4233180
15150771 4240260 15151797 4240860
15150771 4295940 15152481 4296540
15150885 4192260 15151797 4192860
15150885 4208580 15151341 4209180
15150885 4250340 15151341 4250940
15150885 4326660 15152481 4327740
15150999 4147140 15152367 4147740
15150999 4210980 15152025 4211580
15150999 4255620 15151797 4256220
15150999 4285380 15151797 4285980
15151113 4159620 15151341 4160220
15151113 4160580 15151341 4161180
15151113 4292100 15152709 4292700
15151227 4178820 15152025 4179420
15151227 4219140 15152025 4219740
15151227 4226820 15154989 4227420
15151227 4303620 15152709 4304220
15151341 4148100 15152481 4148700
15151341 4161060 15152025 4161660
15151341 4186020 15151569 4186620
15151341 4279620 15152481 4280220
15151341 4305540 15152481 4306140
15151455 4154340 15152709 4154940
15151455 4174500 15152481 4175100
15151455 4180740 15152481 4181340
15151455 4206660 15153393 4207260
15151455 4227780 15152025 4228380
15151455 4238340 15152025 4238940
15151455 4247940 15152253 4248540
15151455 4254180 15152481 4254780
15151455 4266660 15152253 4267260
15151455 4268100 15152709 4268700
15151455 4275300 15152025 4275900
15151455 4299300 15155673 4299900
15151455 4330980 15152709 4331580
15151569 4144740 15152025 4145340
15151569 4146180 15152481 4146780
15151569 4155780 15152025 4156380
15151683 4141860 15153165 4142460
15151683 4149060 15152481 4149660
15151683 4169220 15154533 4169820
15151683 4211940 15152253 4212540
15151683 4221060 15153849 4221660
15151683 4243140 15153165 4243740
15151683 4277220 15152481 4277820
15151683 4278660 15153621 4279260
15151683 4308420 15152937 4309020
15151683 4318020 15153165 4318620
15151797 4175940 15152481 4176540
15151797 4249860 15152709 4250460
15151797 4287780 15152481 4288380
15151797 4314180 15152709 4315260
15151797 4322340 15154647 4322940
15151911 4136580 15153621 4137180
15151911 4140420 15152481 4141020
15151911 4185540 15152937 4186140
15151911 4198020 15152709 4198620
15151911 4289700 15152937 4290300
15151911 4307460 15153279 4308060
15151911 4312260 15153621 4312860
15152025 4145220 15153621 4145820
15152025 4156740 15154989 4157340
15152139 4150020 15152937 4150620
15152139 4160100 15153735 4160700
15152139 4165380 15154989 4165980
15152139 4170180 15153621 4170780
15152139 4172100 15152937 4172700
15152139 4173060 15154077 4173660
15152139 4176900 15154305 4177500
15152139 4179780 15155901 4180380
15152139 4181700 15154989 4182300
15152139 4186500 15152481 4187100
15152139 4188420 15154077 4189020
15152139 4190340 15153165 4190940
15152139 4197060 15154077 4197660
15152139 4201860 15153849 4202460
15152139 4204260 15152937 4204860
15152139 4207620 15152481 4208220
15152139 4208580 15152481 4209180
15152139 4212900 15155559 4213500
15152139 4215300 15153165 4215900
15152139 4218180 15155901 4218780
15152139 4220100 15159549 4220700
15152139 4222980 15154989 4223580
15152139 4223940 15157725 4224540
15152139 4225860 15153165 4226460
15152139 4228260 15153735 4228860
15152139 4229220 15153165 4229820
15152139 4230660 15153051 4231260
15152139 4233540 15153051 4234620
15152139 4237380 15152937 4237980
15152139 4239300 15153621 4239900
15152139 4240740 15155901 4241340
15152139 4244100 15155901 4244700
15152139 4248900 15154989 4249500
15152139 4250820 15153621 4251420
15152139 4252740 15153165 4253340
15152139 4255140 15153621 4255740
15152139 4259940 15154761 4260540
15152139 4264260 15153621 4264860
15152139 4265220 15153165 4266300
15152139 4270020 15152481 4270620
15152139 4284900 15154077 4285500
15152139 4286340 15153621 4286940
15152139 4290660 15154989 4291260
15152139 4293060 15154989 4293660
15152139 4302660 15153165 4303260
15152139 4304580 15153165 4305180
15152139 4306500 15152709 4307100
15152139 4313220 15154305 4313820
15152139 4315620 15154989 4316220
15152139 4320900 15153165 4321980
15152139 4324740 15154989 4325340
15152139 4329540 15153849 4330140
15152367 4138500 15154077 4139100
15152367 4150980 15154077 4151580
15152367 4198980 15153165 4200060
15152367 4200900 15154305 4201500
15152367 4211460 15153621 4212060
15152367 4231620 15154077 4232220
15152367 4269060 15159777 4269660
15152367 4281540 15152937 4282140
15152367 4297380 15154077 4297980
15152481 4146660 15153051 4147260
15152595 4135140 15153621 4135740
15152595 4139940 15153735 4140540
15152595 4152900 15154989 4153980
15152595 4161540 15154989 4162620
15152595 4177860 15153621 4178460
15152595 4184580 15154305 4185180
15152595 4187460 15153051 4188060
15152595 4189380 15153621 4189980
15152595 4191300 15154761 4192380
15152595 4195140 15154533 4195740
15152595 4196100 15153621 4196700
15152595 4245060 15154989 4246140
15152595 4253700 15153165 4254300
15152595 4280100 15153735 4280700
15152595 4333380 15154989 4334460
15152823 4147620 15153963 4148220
15152823 4158660 15153849 4159260
15152823 4208100 15154761 4208700
15152823 4251780 15154077 4252380
15152823 4328580 15153849 4329180
15152937 4274820 15154533 4275900
15153051 4140900 15154191 4141500
15153051 4149540 15154419 4150140
15153051 4174980 15153621 4175580
15153051 4175940 15154989 4176540
15153051 4185540 15154647 4186620
15153051 4186980 15156813 4187580
15153051 4198020 15154761 4198620
15153051 4204740 15153849 4205340
15153051 4209540 15154077 4210140
15153051 4232580 15154647 4233660
15153051 4237860 15154077 4238460
15153051 4261380 15154533 4261980
15153051 4263300 15153393 4263900
15153051 4267140 15153849 4267740
15153051 4270020 15154647 4271100
15153051 4271940 15154077 4272540
15153051 4276260 15154989 4276860
15153051 4306020 15154761 4306620
15153051 4325700 15154647 4326780
15153051 4327620 15153621 4328220
15153051 4332420 15154989 4333020
15153165 4142340 15154761 4143420
15153279 4151940 15154305 4152540
15153279 4171140 15154305 4171740
15153279 4214340 15154761 4214940
15153279 4216260 15155217 4216860
15153279 4246500 15154305 4247100
15153279 4253700 15154419 4254300
15153279 4287300 15154761 4287900
15153279 4289220 15154077 4289820
15153279 4300740 15155673 4301340
15153279 4304580 15154077 4305180
15153507 4155300 15154305 4155900
15153507 4174020 15154761 4174620
15153507 4190340 15154305 4190940
15153507 4207140 15155217 4207740
15153507 4210500 15154077 4211100
15153507 4236900 15155673 4237500
15153507 4242660 15155787 4243260
15153507 4247460 15155445 4248060
15153507 4266180 15157269 4266780
15153507 4281060 15154305 4281660
15153507 4301700 15154305 4302300
15153507 4310340 15154533 4310940
15153621 4148580 15154761 4149180
15153621 4224900 15155445 4225500
15153621 4262820 15155217 4263420
15153621 4334820 15154305 4335420
15153735 4139940 15155673 4140540
15153735 4170180 15155445 4170780
15153735 4183140 15155331 4183740
15153735 4215300 15154761 4215900
15153735 4238820 15154989 4239420
15153735 4239780 15155673 4240380
15153735 4252740 15154761 4253340
15153735 4258980 15154761 4259580
15153735 4285860 15154305 4286460
15153735 4318020 15155331 4318620
15153963 4144740 15155103 4145340
15153963 4147620 15154761 4148220
15153963 4162980 15154761 4163580
15153963 4163940 15155901 4164540
15153963 4205220 15155103 4205820
15153963 4228740 15155217 4229340
15153963 4272900 15155673 4273500
15154077 4160580 15154761 4161180
15154077 4192740 15155217 4193340
15154191 4145700 15157041 4146300
15154191 4150500 15155217 4151100
15154191 4177860 15154761 4178460
15154191 4189380 15156129 4189980
15154191 4199940 15155787 4200540
15154191 4206180 15157953 4206780
15154191 4234500 15154761 4235100
15154191 4250820 15155787 4251900
15154191 4280100 15155217 4280700
15154305 4172100 15154989 4173180
15154305 4308420 15155673 4309020
15154419 4196580 15157269 4197180
15154419 4201860 15154989 4202460
15154419 4209540 15154875 4210140
15154419 4211460 15155217 4212060
15154419 4222020 15157269 4222620
15154419 4230660 15158181 4231260
15154419 4249860 15155217 4250460
15154419 4264260 15155331 4264860
15154419 4271460 15155901 4272060
15154419 4302660 15154989 4303260
15154419 4327620 15156357 4328220
15154419 4328580 15155445 4329180
15154419 4329540 15155445 4330140
15154533 4138980 15155901 4139580
15154533 4184100 15155901 4184700
15154533 4254660 15155445 4255260
15154533 4273860 15154989 4274460
15154533 4277220 15157383 4277820
15154533 4285380 15154761 4285980
15154533 4320900 15154761 4321500
15154647 4135620 15155445 4136220
15154647 4136580 15155217 4137180
15154647 4137540 15155217 4138620
15154647 4140900 15155217 4141500
15154647 4155780 15155673 4156380
15154647 4157700 15155217 4158780
15154647 4159620 15154989 4160220
15154647 4168260 15158409 4168860
15154647 4171140 15154989 4171740
15154647 4178820 15158409 4179420
15154647 4180740 15155673 4181340
15154647 4194660 15157269 4195260
15154647 4225860 15155673 4226460
15154647 4255620 15155445 4256220
15154647 4256580 15156243 4257180
15154647 4257540 15155673 4258140
15154647 4278660 15154989 4279260
15154647 4281540 15155217 4282140
15154647 4288260 15156585 4288860
15154647 4289220 15155901 4289820
15154647 4291620 15156015 4292220
15154647 4295460 15155673 4296060
15154647 4296420 15155445 4297020
15154647 4297860 15155673 4298460
15154647 4301700 15155901 4302300
15154647 4309380 15156129 4309980
15154647 4310340 15156357 4310940
15154647 4311300 15155787 4312380
15154647 4314180 15154989 4315260
15154647 4316580 15156129 4317180
15154647 4322820 15155673 4323420
15154647 4326660 15155673 4327260
15154761 4282500 15156357 4283580
15154875 4143780 15155673 4144380
15154875 4209060 15155445 4209660
15154875 4253700 15156357 4254300
15154875 4270500 15156015 4271100
15154875 4303620 15157041 4304700
15154875 4306980 15155445 4307580
15154875 4320420 15156357 4321020
15154875 4321380 15155673 4321980
15154989 4174020 15156585 4175100
15155103 4141860 15156129 4142460
15155103 4148100 15155901 4148700
15155103 4165380 15157269 4166460
15155103 4188420 15155673 4189020
15155103 4190820 15156357 4191420
15155103 4198020 15158865 4198620
15155103 4214340 15157269 4214940
15155103 4215300 15156357 4215900
15155103 4234500 15157383 4235100
15155103 4235460 15157269 4236540
15155103 4267140 15157497 4268220
15155103 4285380 15157041 4285980
15155103 4334820 15156357 4335420
15155217 4171140 15155445 4171740
15155217 4185540 15156813 4186620
15155217 4324740 15156813 4325820
15155331 4181700 15156927 4182780
15155331 4200900 15157839 4201500
15155331 4232100 15157041 4232700
15155331 4258500 15157269 4259100
15155331 4259460 15155787 4260060
15155331 4261380 15157383 4261980
15155331 4263300 15156129 4263900
15155331 4284420 15155673 4285020
15155331 4305540 15156243 4306140
15155331 4313220 15157269 4313820
15155331 4315620 15157041 4316220
15155331 4318020 15156129 4318620
15155445 4247940 15157041 4249020
15155445 4335780 15156813 4336380
15155445 4336740 15170151 4337340
15155445 4341060 15162855 4341660
15155445 4345860 15162855 4346460
15155445 4350660 15162855 4351260
15155559 4136100 15155901 4136700
15155559 4158660 15156585 4159260
15155559 4177380 15159321 4177980
15155559 4212420 15157155 4213500
15155559 4227780 15157269 4228380
15155559 4262340 15156699 4262940
15155559 4290180 15156129 4290780
15155559 4296900 15156585 4297500
15155559 4318980 15156129 4319580
15155673 4153860 15157269 4154940
15155673 4246020 15157269 4246620
15155673 4280580 15157269 4281660
15155673 4286340 15157269 4287420
15155673 4306500 15155901 4307100
15155673 4321860 15157269 4322940
15155787 4162980 15157497 4163580
15155787 4323780 15156585 4324380
15155787 4326180 15158637 4326780
15155787 4329060 15156129 4329660
15155787 4330020 15158637 4330620
15155901 4147140 15157497 4147740
15155901 4159620 15156129 4160220
15155901 4160580 15156129 4161180
15155901 4312260 15157269 4312860
15156015 4149060 15157497 4149660
15156015 4151940 15157041 4152540
15156015 4170660 15156813 4171260
15156015 4203300 15157725 4203900
15156015 4216260 15157269 4216860
15156015 4225860 15157269 4226460
15156015 4240260 15157269 4240860
15156015 4274820 15157041 4275420
15156015 4279620 15157041 4280220
15156015 4291140 15156585 4291740
15156015 4300260 15156813 4300860
15156129 4163940 15157269 4164540
15156129 4180260 15156357 4180860
15156129 4290180 15157269 4290780
15156243 4135140 15157269 4135740
15156243 4138500 15158181 4139100
15156243 4139940 15156813 4140540
15156243 4142340 15157269 4142940
15156243 4166820 15160005 4167420
15156243 4188420 15158181 4189020
15156243 4209540 15156813 4210620
15156243 4270020 15157497 4270620
15156243 4272420 15157041 4273020
15156243 4292100 15156813 4292700
15156243 4301700 15157269 4302300
15156357 4156740 15157383 4157820
15156357 4172100 15157497 4173180
15156357 4238340 15156813 4238940
15156357 4273860 15157953 4274460
15156471 4141380 15157497 4141980
15156471 4144260 15157497 4145340
15156471 4160100 15158181 4160700
15156471 4183620 15157041 4184220
15156471 4184580 15158637 4185180
15156471 4189860 15158409 4190460
15156471 4204740 15157725 4205340
15156471 4236900 15157269 4237500
15156471 4241220 15157725 4241820
15156471 4270980 15156813 4271580
15156471 4295940 15157497 4296540
15156471 4297860 15157269 4298460
15156471 4298820 15157497 4299420
15156471 4306500 15157269 4307100
15156471 4308900 15158181 4309500
15156471 4318020 15157725 4318620
15156471 4319940 15157497 4320540
15156471 4328580 15157041 4329180
15156585 4158180 15157953 4158780
15156585 4207140 15157269 4207740
15156585 4243140 15159093 4243740
15156585 4252740 15157269 4253340
15156699 4136100 15157497 4136700
15156699 4175940 15157497 4177020
15156699 4180740 15157269 4181340
15156699 4191300 15157497 4191900
15156699 4246980 15157269 4247580
15156699 4249380 15157269 4249980
15156699 4253700 15157497 4254780
15156699 4256580 15157497 4257660
15156699 4264260 15157497 4264860
15156699 4288740 15157725 4289340
15156699 4305060 15159549 4305660
15156699 4310820 15158181 4311420
15156699 4317060 15157953 4317660
15156699 4318980 15157497 4319580
15156699 4320900 15158637 4321500
15156813 4208100 15158181 4208700
15156813 4209060 15157497 4209660
15156813 4210500 15157497 4211580
15156813 4224900 15158067 4225500
15156813 4255140 15161145 4255740
15156813 4265220 15157269 4265820
15156813 4309860 15157725 4310460
15156927 4150980 15158637 4151580
15156927 4155300 15157497 4155900
15156927 4161540 15159777 4162140
15156927 4171140 15157497 4171740
15156927 4173540 15159777 4174140
15156927 4198980 15159777 4199580
15156927 4201860 15158067 4202940
15156927 4222980 15158865 4223580
15156927 4244580 15160005 4245180
15156927 4278180 15158865 4278780
15156927 4314180 15157269 4314780
15156927 4333380 15160689 4333980
15156927 4335300 15159549 4335900
15157041 4143300 15159549 4143900
15157041 4174980 15158979 4175580
15157041 4260420 15157497 4261020
15157041 4284420 15158637 4285020
15157041 4291620 15158637 4292220
15157041 4307460 15158067 4308540
15157155 4137060 15159093 4137660
15157155 4140420 15160917 4141020
15157155 4150020 15159093 4150620
15157155 4169220 15158409 4169820
15157155 4170180 15158181 4170780
15157155 4186980 15160917 4187580
15157155 4192260 15157953 4192860
15157155 4193220 15158637 4193820
15157155 4199940 15158181 4200540
15157155 4217220 15158637 4217820
15157155 4226820 15160005 4227420
15157155 4228740 15159321 4229340
15157155 4232580 15158637 4233180
15157155 4242180 15157497 4242780
15157155 4250340 15159321 4250940
15157155 4251780 15160005 4252380
15157155 4259460 15157497 4260060
15157155 4263300 15158067 4263900
15157155 4272900 15158865 4273500
15157155 4274820 15157953 4275420
15157155 4279140 15157953 4279740
15157155 4296900 15158067 4297500
15157155 4299780 15157497 4300380
15157155 4323300 15158637 4323900
15157155 4327620 15157953 4328700
15157155 4342020 15164565 4342620
15157155 4352100 15164565 4352700
15157155 4355460 15164565 4356060
15157269 4185540 15158865 4186620
15157383 4164420 15159549 4165500
15157383 4181700 15157953 4182300
15157383 4183620 15158751 4184220
15157383 4221060 15162057 4222140
15157383 4233540 15159549 4234620
15157383 4236420 15158409 4237020
15157383 4237380 15158409 4237980
15157383 4239300 15158181 4239900
15157383 4248900 15157953 4249500
15157383 4265700 15161601 4266300
15157383 4280100 15158409 4280700
15157383 4286340 15162057 4287420
15157383 4324740 15158523 4325340
15157497 4213380 15159093 4214460
15157497 4282500 15159093 4283580
15157611 4148580 15160233 4149180
15157611 4182660 15158751 4183260
15157611 4194180 15158181 4194780
15157611 4207140 15157953 4207740
15157611 4211940 15159549 4212540
15157611 4240260 15158409 4240860
15157611 4246980 15159207 4248060
15157611 4256580 15159207 4257660
15157611 4281540 15158637 4282140
15157611 4294500 15158637 4295100
15157611 4301700 15157953 4302300
15157611 4311780 15158181 4312380
15157611 4321860 15159207 4322940
15157611 4329060 15158637 4329660
15157725 4152420 15159777 4153020
15157725 4195140 15159321 4196220
15157839 4142340 15158067 4142940
15157839 4204260 15158067 4204860
15157839 4218180 15159321 4218780
15157839 4241220 15159435 4242300
15157839 4264260 15158409 4264860
15157839 4285380 15160689 4285980
15157839 4289220 15158979 4289820
15157839 4299780 15158865 4300380
15157839 4314180 15158409 4314780
15157839 4315140 15159093 4315740
15157953 4156260 15158637 4156860
15157953 4297860 15159549 4298940
15158067 4215300 15158637 4215900
15158067 4225860 15158637 4226460
15158067 4231620 15158865 4232220
15158067 4262340 15159549 4262940
15158067 4266660 15159777 4267260
15158067 4288260 15160005 4288860
15158067 4292580 15158409 4293180
15158067 4300740 15158865 4301340
15158067 4319940 15158865 4320540
15158181 4179780 15158409 4180380
15158181 4209540 15159207 4210140
15158181 4238340 15159093 4238940
15158181 4270980 15159549 4271580
15158295 4170180 15159321 4170780
15158295 4205220 15159093 4205820
15158295 4208580 15158865 4209180
15158295 4216260 15159435 4216860
15158295 4249380 15159549 4249980
15158295 4258980 15159321 4259580
15158295 4279140 15160233 4279740
15158295 4327620 15160005 4328220
15158409 4141380 15160347 4141980
15158409 4159620 15159549 4160220
15158409 4196580 15159093 4197180
15158409 4290180 15158637 4290780
15158409 4306500 15158637 4307100
15158409 4310820 15159549 4311420
15158523 4181700 15159663 4182300
15158523 4189380 15159093 4189980
15158523 4234980 15159777 4235580
15158523 4258020 15159321 4258620
15158523 4312260 15159093 4312860
15158523 4313700 15159549 4314300
15158523 4324740 15159549 4325340
15158637 4207620 15159777 4208220
15158637 4280580 15158865 4281180
15158751 4138500 15160461 4139100
15158751 4156740 15159321 4157340
15158751 4184100 15161145 4184700
15158751 4192740 15161145 4193340
15158751 4199940 15161145 4200540
15158751 4239300 15160005 4239900
15158751 4252740 15160005 4253340
15158751 4261380 15162513 4261980
15158751 4274820 15161145 4275420
15158751 4276740 15160689 4277340
15158751 4292100 15159549 4292700
15158751 4294980 15160233 4295580
15158751 4301700 15159321 4302300
15158751 4308900 15159549 4309500
15158865 4283940 15160461 4284540
15158865 4318980 15159663 4320060
15158979 4168260 15161145 4168860
15158979 4180740 15161487 4181340
15158979 4259940 15159777 4260540
15158979 4264260 15159777 4264860
15158979 4271940 15160233 4272540
15158979 4294020 15159549 4294620
15158979 4306020 15160233 4306620
15158979 4317060 15160005 4317660
15158979 4323300 15160461 4323900
15158979 4325700 15160689 4326300
15158979 4330020 15160005 4330620
15159093 4309860 15160233 4310460
15159093 4316100 15159777 4316700
15159207 4153860 15160233 4154460
15159207 4175460 15160005 4176060
15159207 4178820 15161145 4179420
15159207 4183140 15159891 4183740
15159207 4185060 15160233 4185660
15159207 4209060 15162057 4209660
15159207 4214340 15160233 4214940
15159207 4225860 15160005 4226460
15159207 4240260 15162285 4240860
15159207 4242660 15161829 4243260
15159207 4247940 15160347 4248540
15159207 4277700 15160575 4278300
15159207 4321380 15161145 4321980
15159321 4146180 15159777 4146780
15159321 4157700 15160689 4158300
15159321 4179780 15161145 4180380
15159321 4197540 15159777 4198140
15159321 4206660 15161601 4207260
15159321 4326660 15160461 4327260
15159435 4142340 15160461 4142940
15159435 4144260 15161031 4144860
15159435 4145220 15161031 4145820
15159435 4147140 15160005 4148220
15159435 4149540 15160005 4151100
15159435 4154820 15160233 4155420
15159435 4155780 15160689 4156380
15159435 4158660 15160005 4159260
15159435 4160580 15160461 4161180
15159435 4162500 15160575 4163100
15159435 4171140 15162285 4171740
15159435 4172100 15160461 4172700
15159435 4176420 15162285 4177020
15159435 4177860 15162285 4178460
15159435 4188900 15160917 4189500
15159435 4189860 15160917 4190460
15159435 4196100 15160917 4196700
15159435 4200900 15160005 4201980
15159435 4202340 15161601 4202940
15159435 4203300 15161373 4203900
15159435 4210500 15161145 4211100
15159435 4212900 15159777 4213500
15159435 4215300 15160233 4215900
15159435 4216260 15160005 4216860
15159435 4217220 15160233 4217820
15159435 4222980 15161145 4223580
15159435 4223940 15160233 4224540
15159435 4224900 15161145 4225500
15159435 4232580 15160233 4233180
15159435 4236420 15160233 4237020
15159435 4237380 15161373 4237980
15159435 4257540 15160005 4258140
15159435 4263300 15161373 4263900
15159435 4267620 15161373 4268220
15159435 4270020 15160005 4270620
15159435 4280580 15162285 4281180
15159435 4289220 15160803 4289820
15159435 4290180 15160233 4290780
15159435 4291140 15162057 4291740
15159435 4293060 15160233 4293660
15159435 4295940 15160005 4297020
15159435 4301220 15160005 4301820
15159435 4302660 15162285 4303260
15159435 4303620 15162057 4304220
15159435 4307460 15160119 4308540
15159435 4311780 15161601 4312380
15159435 4314660 15160005 4315260
15159435 4328580 15160461 4329180
15159435 4330980 15161373 4331580
15159435 4334340 15160233 4334940
15159549 4228740 15161145 4229820
15159663 4135620 15161259 4136700
15159663 4165380 15161829 4166460
15159663 4169220 15164337 4170300
15159663 4191300 15164337 4192380
15159663 4194180 15161829 4195260
15159663 4219140 15161829 4220220
15159663 4241220 15161829 4242300
15159663 4256100 15160233 4256700
15159663 4294020 15160461 4294620
15159663 4304580 15164337 4305660
15159663 4318020 15161259 4319100
15159663 4319940 15160233 4320540
15159777 4163460 15161373 4164060
15159891 4270980 15161601 4271580
15159891 4282980 15160689 4283580
15159891 4299780 15162057 4300380
15159891 4313220 15161145 4313820
15160119 4143300 15160689 4143900
15160119 4167300 15161145 4167900
15160119 4198020 15160917 4198620
15160119 4227300 15160347 4227900
15160119 4231140 15160917 4231740
15160119 4246500 15161145 4247100
15160119 4258500 15160689 4259100
15160119 4269540 15162057 4270140
15160119 4282020 15160461 4282620
15160119 4308420 15160689 4309020
15160119 4316100 15160917 4317180
15160119 4324740 15161145 4325340
15160119 4329540 15160917 4330140
15160233 4146660 15161145 4147260
15160233 4185540 15161829 4186620
15160347 4149060 15161145 4149660
15160347 4153380 15162741 4153980
15160347 4161540 15161145 4162140
15160347 4164420 15161145 4165020
15160347 4233540 15161373 4234140
15160347 4272900 15161943 4273980
15160347 4288260 15163197 4288860
15160461 4174020 15162057 4175100
15160461 4243620 15163881 4244220
15160575 4137060 15161601 4137660
15160575 4150020 15161373 4151100
15160575 4172100 15161373 4172700
15160575 4216260 15161031 4216860
15160575 4249380 15162057 4249980
15160575 4279140 15161601 4279740
15160575 4284420 15162285 4285020
15160575 4292580 15161373 4293180
15160575 4294500 15162285 4295100
15160575 4309860 15161145 4310460
15160575 4328100 15161601 4328700
15160803 4138020 15162285 4138620
15160803 4138980 15162285 4139580
15160803 4154340 15161601 4154940
15160803 4214340 15161031 4214940
15160803 4217700 15162285 4218300
15160803 4227780 15162285 4228380
15160803 4235940 15162285 4236540
15160803 4252260 15162057 4252860
15160803 4258020 15161259 4258620
15160803 4293540 15162285 4294140
15160803 4306020 15162741 4306620
15160803 4315140 15161829 4315740
15160803 4326180 15162057 4326780
15160917 4160100 15163425 4160700
15160917 4195620 15162057 4196220
15160917 4198020 15162057 4198620
15160917 4310820 15175623 4311420
15161031 4143780 15162741 4144380
15161031 4151460 15162285 4152060
15161031 4156740 15162057 4157340
15161031 4173060 15161601 4173660
15161031 4181700 15162285 4182300
15161031 4189380 15162057 4189980
15161031 4211460 15161601 4212060
15161031 4213380 15161601 4213980
15161031 4238340 15162969 4238940
15161031 4317060 15161373 4317660
15161031 4319460 15162057 4320060
15161145 4197060 15162171 4197660
15161259 4140420 15162285 4141020
15161259 4144740 15162741 4145340
15161259 4182660 15162513 4183260
15161259 4199940 15162969 4200540
15161259 4204740 15162057 4205340
15161259 4216260 15162741 4216860
15161259 4232580 15162399 4233180
15161259 4246020 15161715 4246620
15161259 4246980 15163197 4247580
15161259 4258500 15161715 4259100
15161259 4277220 15162285 4277820
15161259 4289220 15162513 4289820
15161259 4297860 15162969 4298460
15161373 4135140 15176079 4135740
15161373 4147140 15162741 4147740
15161373 4187460 15162855 4188060
15161373 4225860 15162285 4226940
15161373 4275780 15162969 4276380
15161373 4314180 15162057 4314780
15161373 4321860 15162057 4322460
15161373 4337700 15183375 4338300
15161373 4357380 15165135 4357980
15161487 4149540 15162285 4150140
15161487 4155300 15162513 4155900
15161487 4162020 15163083 4162620
15161487 4179300 15162285 4179900
15161487 4188420 15162285 4189020
15161487 4223460 15161715 4224060
15161487 4224420 15162285 4225020
15161487 4292100 15163083 4293180
15161487 4307460 15162855 4308060
15161487 4308900 15162171 4309500
15161487 4324740 15162513 4325340
15161487 4329060 15162285 4329660
15161487 4330500 15165249 4331100
15161601 4145700 15162285 4146300
15161601 4215300 15165021 4215900
15161601 4320420 15165021 4321020
15161715 4141380 15162285 4142460
15161715 4152420 15162741 4153020
15161715 4198980 15162513 4199580
15161715 4205700 15162057 4206300
15161715 4207620 15162855 4208220
15161715 4212420 15162741 4213020
15161715 4229700 15164565 4230300
15161715 4231620 15164337 4232220
15161715 4234500 15164565 4235100
15161715 4245060 15164565 4245660
15161715 4247940 15162285 4249020
15161715 4257540 15162969 4258140
15161715 4259460 15163653 4260060
15161715 4264260 15163197 4264860
15161715 4266180 15162741 4266780
15161715 4282500 15162285 4283100
15161715 4313220 15164565 4313820
15161715 4316580 15162171 4317180
15161829 4142820 15162285 4143420
15161829 4184580 15162285 4185180
15161829 4281540 15162855 4282140
15161829 4283460 15163425 4284060
15161829 4290180 15162855 4290780
15161829 4322820 15162855 4323900
15161829 4327140 15162855 4327740
15161943 4148100 15162285 4149180
15161943 4150500 15162741 4151100
15161943 4157700 15163881 4158300
15161943 4163460 15162741 4164060
15161943 4164420 15162969 4165020
15161943 4167300 15162855 4167900
15161943 4168260 15163197 4168860
15161943 4172100 15162741 4172700
15161943 4175460 15162969 4176060
15161943 4190340 15162969 4190940
15161943 4202820 15163653 4203420
15161943 4203780 15162741 4204380
15161943 4210980 15162855 4211580
15161943 4214340 15162741 4214940
15161943 4223460 15163881 4224060
15161943 4228740 15162513 4229340
15161943 4230660 15162855 4231260
15161943 4233540 15162741 4234140
15161943 4250340 15162741 4250940
15161943 4253220 15163881 4253820
15161943 4254660 15162741 4255260
15161943 4256580 15164793 4257180
15161943 4262340 15162855 4263420
15161943 4271940 15162513 4272540
15161943 4273860 15162855 4274940
15161943 4278180 15169353 4278780
15161943 4285380 15162969 4285980
15161943 4296900 15164793 4297500
15161943 4300740 15162969 4301340
15161943 4301700 15163425 4302300
15161943 4309860 15162969 4310460
15161943 4332420 15164793 4333980
15162057 4165380 15163653 4166460
15162057 4318020 15162285 4318620
15162171 4200900 15164337 4201980
15162171 4220100 15164337 4221180
15162171 4268100 15164337 4269180
15162171 4286820 15162969 4287420
15162171 4317060 15162741 4317660
15162171 4328100 15162969 4328700
15162285 4183620 15162741 4184220
15162399 4195620 15162969 4196220
15162399 4224900 15163311 4225500
15162399 4241220 15163995 4242300
15162399 4255620 15163881 4256220
15162399 4298820 15164337 4299900
15162399 4321860 15165249 4322460
15162399 4325700 15163425 4326300
15162399 4329540 15163197 4330140
15162627 4173060 15164223 4174140
15162627 4176420 15163425 4177020
15162627 4197060 15164223 4198140
15162627 4209060 15164565 4209660
15162627 4219140 15164223 4219740
15162627 4236420 15163653 4237020
15162627 4248900 15164337 4249500
15162627 4267140 15164337 4267740
15162627 4318980 15164223 4320060
15162741 4144260 15164337 4147260
15162741 4193220 15164337 4194300
15162741 4250820 15164337 4251900
15162741 4260420 15164337 4261500
15162741 4272900 15163197 4273500
15162741 4279620 15164337 4280700
15162741 4314180 15164337 4315260
15162741 4338660 15181095 4339260
15162741 4342980 15164679 4343580
15162741 4344900 15164679 4345500
15162741 4346820 15164679 4347420
15162741 4348740 15164679 4349340
15162741 4354500 15164679 4355100
15162855 4142820 15163881 4143420
15162855 4235460 15163653 4236060
15162855 4270500 15164109 4271100
15162855 4281540 15163881 4282140
15162855 4291140 15165249 4291740
15162969 4153860 15164565 4154460
15162969 4155780 15163425 4156380
15162969 4180740 15164907 4181340
15162969 4186500 15164565 4187100
15162969 4207140 15164565 4207740
15162969 4312260 15163425 4312860
15163083 4163940 15164337 4164540
15163083 4171140 15163881 4172220
15163083 4174980 15164565 4175580
15163083 4183140 15163311 4183740
15163083 4204260 15164223 4204860
15163083 4205220 15163311 4205820
15163083 4213380 15163311 4213980
15163083 4265220 15164337 4265820
15163083 4292580 15163653 4293180
15163083 4306020 15164337 4306620
15163083 4318020 15165021 4318620
15163083 4324740 15165021 4325340
15163083 4343940 15165021 4344540
15163197 4154820 15164337 4155420
15163197 4162020 15164337 4162620
15163197 4198500 15166959 4199100
15163197 4199460 15164337 4200060
15163197 4211460 15164337 4212060
15163311 4242660 15167529 4243260
15163311 4249860 15164337 4250460
15163311 4271460 15163881 4272060
15163425 4273380 15164565 4273980
15163539 4139460 15165249 4140060
15163539 4175940 15164109 4176540
15163539 4177380 15166389 4177980
15163539 4179780 15165249 4180380
15163539 4190340 15165249 4190940
15163539 4205700 15164109 4206300
15163539 4218180 15165249 4218780
15163539 4221540 15165021 4222140
15163539 4224900 15165249 4225500
15163539 4275780 15165249 4276380
15163539 4297860 15163881 4298460
15163539 4303620 15165249 4304220
15163539 4308420 15164565 4309020
15163539 4316100 15165249 4316700
15163653 4184100 15163881 4184700
15163653 4185060 15164337 4185660
15163767 4140900 15164793 4141500
15163767 4150020 15164793 4150620
15163767 4151940 15164337 4152540
15163767 4155780 15164337 4156380
15163767 4159620 15164565 4160220
15163767 4195140 15164451 4196220
15163767 4203300 15164337 4203900
15163767 4213860 15164565 4214460
15163767 4227300 15164565 4227900
15163767 4238340 15165249 4238940
15163767 4263300 15165249 4263900
15163767 4285380 15164565 4286460
15163767 4300260 15164337 4300860
15163767 4329540 15164565 4330140
15163767 4334340 15165249 4334940
15163767 4356420 15165249 4357020
15163881 4228740 15164907 4229340
15163881 4271940 15164907 4272540
15163881 4287300 15164907 4287900
15163881 4289220 15164907 4289820
15163995 4235940 15164793 4236540
15163995 4246980 15164565 4247580
15163995 4255140 15164793 4255740
15163995 4257540 15165249 4258140
15163995 4269540 15164337 4270140
15163995 4293060 15164337 4293660
15163995 4294980 15165249 4295580
15163995 4327620 15165249 4328220
15164109 4152900 15165249 4153500
15164109 4156740 15165249 4157340
15164109 4216260 15165249 4216860
15164109 4233540 15164565 4234140
15164109 4317060 15165249 4317660
15164109 4323780 15165249 4324380
15164223 4136100 15165705 4136700
15164223 4137060 15165477 4137660
15164223 4138020 15165477 4138620
15164223 4141860 15165477 4142460
15164223 4148100 15165021 4148700
15164223 4149060 15166617 4149660
15164223 4150980 15166617 4151580
15164223 4158660 15166617 4159260
15164223 4160580 15166617 4161180
15164223 4162980 15169809 4163580
15164223 4166340 15166617 4167900
15164223 4168260 15165021 4168860
15164223 4170660 15164565 4171260
15164223 4178340 15165933 4178940
15164223 4181700 15166617 4182300
15164223 4183140 15165477 4183740
15164223 4187460 15166617 4189020
15164223 4189380 15165249 4189980
15164223 4202340 15167985 4202940
15164223 4205220 15164565 4205820
15164223 4208100 15166389 4208700
15164223 4210020 15165249 4210620
15164223 4212900 15165933 4213500
15164223 4217220 15166617 4217820
15164223 4222500 15165249 4223100
15164223 4223940 15166617 4224540
15164223 4225860 15166617 4226460
15164223 4230660 15165021 4231260
15164223 4239300 15166617 4240860
15164223 4244100 15166617 4244700
15164223 4246020 15166617 4246620
15164223 4247940 15166617 4248540
15164223 4252260 15165933 4252860
15164223 4253700 15165249 4254300
15164223 4258500 15166617 4260060
15164223 4261860 15166731 4262460
15164223 4264260 15166617 4264860
15164223 4266180 15166617 4266780
15164223 4270980 15164565 4271580
15164223 4274340 15165249 4274940
15164223 4276740 15165021 4277340
15164223 4281060 15165249 4281660
15164223 4282020 15164565 4282620
15164223 4282980 15165249 4283580
15164223 4290180 15165021 4290780
15164223 4294020 15166617 4294620
15164223 4295940 15166617 4296540
15164223 4301700 15165021 4302300
15164223 4302660 15165249 4303260
15164223 4306980 15166161 4307580
15164223 4309380 15164793 4309980
15164223 4322820 15166617 4323420
15164223 4326660 15165249 4327260
15164223 4328580 15165249 4329180
15164223 4331460 15165249 4332060
15164337 4236900 15164793 4237500
15164337 4268580 15165705 4269180
15164451 4172100 15165249 4173180
15164451 4185540 15165249 4186140
15164451 4192260 15165021 4192860
15164451 4197060 15165021 4197660
15164451 4200420 15165591 4201020
15164451 4203780 15165249 4204380
15164451 4206180 15165819 4206780
15164451 4219620 15166389 4220220
15164451 4232100 15165477 4232700
15164451 4241220 15165249 4241820
15164451 4267140 15165135 4268220
15164451 4292580 15165477 4293180
15164565 4283940 15165249 4284540
15164565 4341060 15166617 4341660
15164565 4345860 15166617 4346460
15164565 4350660 15166617 4351260
15164565 4352580 15166617 4353180
15164679 4143780 15164907 4144380
15164679 4144740 15166161 4145340
15164679 4157700 15165249 4158300
15164679 4196100 15165249 4196700
15164679 4248900 15165249 4249500
15164679 4298340 15165705 4298940
15164679 4312260 15165249 4312860
15164679 4313700 15183033 4314300
15164793 4305540 15166617 4306140
15164907 4140420 15166617 4141020
15164907 4142820 15165477 4143420
15164907 4153860 15166617 4154460
15164907 4164900 15165705 4165500
15164907 4169220 15166617 4169820
15164907 4170660 15168669 4171260
15164907 4176420 15165705 4177020
15164907 4186500 15166617 4187100
15164907 4227300 15165933 4227900
15164907 4246980 15166617 4247580
15164907 4255620 15166617 4256220
15164907 4269540 15166389 4270140
15164907 4285380 15166617 4285980
15164907 4286340 15166617 4286940
15164907 4304580 15166617 4305180
15164907 4335300 15166617 4335900
15164907 4347780 15166617 4348380
15164907 4351620 15166617 4352220
15165021 4359300 15166617 4359900
15165021 4366980 15166617 4368540
15165021 4371780 15166617 4373340
15165021 4376580 15166617 4378140
15165021 4381380 15166617 4382940
15165021 4386180 15166617 4387740
15165021 4390980 15166617 4392540
15165021 4395780 15166617 4396380
15165135 4143780 15165705 4144380
15165135 4147140 15167073 4147740
15165135 4150020 15167073 4150620
15165135 4159620 15166617 4160220
15165135 4161540 15166617 4162140
15165135 4174020 15188505 4174620
15165135 4175460 15183489 4176060
15165135 4194660 15166389 4195260
15165135 4204740 15167073 4205340
15165135 4213860 15166617 4214460
15165135 4221060 15166617 4221660
15165135 4229700 15167073 4230300
15165135 4233540 15166617 4235100
15165135 4235460 15166617 4236060
15165135 4245060 15188505 4245660
15165135 4254660 15166617 4255260
15165135 4270980 15166617 4271580
15165135 4272900 15166617 4273500
15165135 4279620 15166617 4280220
15165135 4282020 15166161 4282620
15165135 4288260 15166617 4288860
15165135 4289700 15169353 4290300
15165135 4296900 15166617 4297500
15165135 4299780 15166617 4300380
15165135 4300740 15167073 4301340
15165135 4307940 15166617 4308540
15165135 4309380 15173913 4309980
15165135 4318980 15166617 4320540
15165135 4332420 15166617 4333980
15165135 4342020 15166617 4342620
15165135 4349700 15166617 4350300
15165135 4353540 15166617 4354140
15165135 4360260 15188505 4360860
15165135 4361220 15173913 4361820
15165135 4365060 15188505 4365660
15165135 4366020 15188505 4366620
15165135 4369860 15188505 4370460
15165135 4370820 15188505 4371420
15165135 4374660 15188505 4375260
15165135 4375620 15188505 4376220
15165135 4379460 15188505 4380060
15165135 4380420 15188505 4381020
15165135 4384260 15188505 4384860
15165135 4385220 15188505 4385820
15165135 4389060 15188505 4389660
15165135 4390020 15188505 4390620
15165135 4393860 15188505 4394460
15165135 4394820 15188505 4395420
15165363 4184100 15168213 4184700
15165363 4189860 15165705 4190460
15165363 4195620 15166161 4196220
15165363 4196580 15169581 4197180
15165363 4218660 15166161 4219260
15165363 4250340 15166389 4250940
15165363 4257060 15166845 4257660
15165477 4207140 15166161 4207740
15165477 4209060 15166161 4209660
15165477 4210020 15165933 4210620
15165477 4215780 15167073 4216380
15165477 4283940 15165933 4284540
15165591 4138980 15167985 4139580
15165591 4152420 15168669 4153020
15165591 4157220 15166389 4157820
15165591 4180260 15166617 4180860
15165591 4185060 15166845 4185660
15165591 4191780 15167529 4192380
15165591 4203300 15167073 4203900
15165591 4228260 15167073 4228860
15165591 4231140 15166617 4231740
15165591 4237860 15166617 4238460
15165591 4249380 15166617 4249980
15165591 4260900 15167301 4261500
15165591 4262820 15167301 4263420
15165591 4274340 15165819 4274940
15165591 4276260 15166161 4276860
15165591 4277220 15166845 4277820
15165705 4199460 15166845 4200060
15165705 4214820 15166389 4215420
15165705 4282980 15166161 4283580
15165819 4171620 15180525 4172220
15165819 4201380 15166275 4201980
15165819 4210980 15166845 4211580
15165819 4253220 15166617 4253820
15165819 4281060 15166389 4281660
15165819 4292580 15167073 4293180
15166047 4291620 15168441 4292220
15166275 4137060 15180981 4137660
15166275 4141860 15167529 4142460
15166275 4189860 15168213 4190460
15166275 4190820 15167073 4191420
15166275 4222500 15167415 4223100
15166275 4232100 15167871 4232700
15166275 4275300 15167529 4275900
15166275 4283940 15167301 4284540
15166389 4281060 15166845 4281660
15166389 4282020 15167415 4282620
15166503 4143300 15167985 4143900
15166503 4144260 15167985 4144860
15166503 4145220 15167529 4145820
15166503 4146180 15167073 4146780
15166503 4148100 15168213 4148700
15166503 4154820 15169353 4155420
15166503 4155780 15168669 4156380
15166503 4156740 15167529 4157340
15166503 4164420 15167529 4165020
15166503 4165380 15167529 4165980
15166503 4168260 15168441 4168860
15166503 4173060 15167757 4173660
15166503 4176900 15167073 4177500
15166503 4177860 15170265 4178460
15166503 4178820 15167529 4179420
15166503 4182660 15167415 4183260
15166503 4193220 15167073 4193820
15166503 4194180 15169125 4194780
15166503 4195140 15167529 4195740
15166503 4205700 15169353 4206300
15166503 4206660 15167301 4207260
15166503 4207620 15167073 4208220
15166503 4208580 15167073 4209180
15166503 4209540 15168441 4210140
15166503 4212420 15167301 4213020
15166503 4218180 15167529 4218780
15166503 4219140 15167073 4219740
15166503 4220100 15168669 4220700
15166503 4224900 15167529 4225500
15166503 4226820 15167187 4227420
15166503 4236420 15167301 4237500
15166503 4241220 15168441 4241820
15166503 4250820 15167301 4251420
15166503 4251780 15167301 4252380
15166503 4265220 15167187 4265820
15166503 4267140 15167301 4267740
15166503 4268100 15167073 4268700
15166503 4269060 15170265 4269660
15166503 4270020 15170265 4270620
15166503 4271940 15168099 4272540
15166503 4273860 15168213 4274460
15166503 4294980 15167187 4295580
15166503 4297860 15167529 4298460
15166503 4298820 15167529 4299420
15166503 4301700 15168099 4302300
15166503 4302660 15168441 4303260
15166503 4306500 15167529 4307100
15166503 4315140 15181209 4316700
15166503 4323780 15195801 4325340
15166503 4325700 15195801 4326300
15166503 4326660 15181209 4327260
15166503 4327620 15195801 4329180
15166503 4329540 15181209 4331100
15166503 4343940 15181209 4345500
15166503 4355460 15181209 4356060
15166503 4356420 15195801 4357980
15166503 4358340 15181209 4358940
15166503 4362180 15181209 4363740
15166503 4364100 15181209 4364700
15166503 4368900 15195801 4369500
15166503 4373700 15195801 4374300
15166503 4378500 15195801 4379100
15166503 4383300 15195801 4383900
15166503 4388100 15195801 4388700
15166503 4392900 15195801 4393500
15166617 4216740 15167073 4217340
15166617 4233060 15170379 4233660
15166731 4140900 15167187 4141500
15166731 4166820 15167529 4167420
15166731 4214820 15168099 4215420
15166731 4240260 15167529 4240860
15166731 4246500 15181437 4247100
15166731 4259460 15167529 4260060
15166731 4279620 15167529 4280700
15166731 4282980 15168897 4283580
15166731 4285380 15167529 4285980
15166731 4288740 15167985 4289340
15166845 4197540 15167301 4198140
15166845 4237860 15167985 4238460
15166845 4243620 15167757 4244220
15166845 4247460 15167985 4248060
15166845 4248900 15168441 4249980
15166845 4255620 15168441 4256700
15166845 4261860 15167985 4262460
15166959 4157700 15171633 4158780
15166959 4160580 15169125 4161660
15166959 4162020 15167985 4162620
15166959 4169220 15171633 4170300
15166959 4188420 15171633 4189500
15166959 4253700 15167757 4254780
15166959 4258500 15167985 4259100
15166959 4263780 15167985 4264380
15166959 4281060 15167985 4281660
15166959 4286340 15169125 4287420
15166959 4303620 15171633 4304700
15167187 4213380 15168783 4214460
15167187 4221540 15167529 4222140
15167187 4230660 15169125 4231260
15167187 4270980 15167757 4271580
15167187 4307460 15168783 4308540
15167415 4147140 15170493 4147740
15167415 4150980 15168213 4152060
15167415 4199460 15168555 4200060
15167415 4207620 15169581 4208220
15167415 4211460 15168555 4212060
15167415 4216260 15168441 4216860
15167415 4223940 15168669 4224540
15167415 4226820 15169809 4227420
15167415 4228260 15168441 4228860
15167415 4250340 15168213 4250940
15167415 4251780 15168213 4252380
15167415 4266180 15168213 4267260
15167415 4276740 15169011 4277340
15167415 4294980 15169125 4295580
15167415 4295940 15169011 4297020
15167643 4142340 15168099 4142940
15167643 4191780 15169011 4192380
15167643 4192740 15169125 4193340
15167643 4198020 15168213 4198620
15167643 4217220 15169011 4217820
15167643 4293540 15169125 4294140
15167757 4234020 15169581 4234620
15167871 4180260 15168897 4180860
15167871 4221540 15168441 4222140
15167871 4231620 15169353 4232220
15167871 4259940 15168669 4260540
15167871 4282020 15168897 4282620
15167871 4284420 15169125 4285020
15167871 4306020 15169125 4306620
15167985 4234980 15168897 4235580
15167985 4239780 15168213 4240380
15167985 4281060 15169125 4281660
15167985 4300260 15169125 4300860
15168099 4142340 15168555 4142940
15168099 4145220 15168555 4145820
15168099 4156740 15170493 4157340
15168099 4164420 15168555 4165020
15168099 4243620 15168897 4244220
15168099 4254660 15169125 4255260
15168099 4264740 15169125 4265340
15168099 4301220 15170037 4301820
15168213 4144260 15168669 4144860
15168327 4153860 15169125 4154460
15168327 4178820 15183033 4179420
15168327 4203780 15169581 4204380
15168327 4247940 15197625 4248540
15168327 4261380 15170721 4261980
15168327 4263780 15170037 4264380
15168327 4271940 15169125 4272540
15168327 4285380 15169353 4285980
15168327 4288260 15169581 4288860
15168327 4298340 15168897 4298940
15168441 4146180 15168669 4146780
15168441 4274340 15169125 4274940
15168441 4292100 15169353 4292700
15168441 4318500 15183147 4319100
15168555 4215780 15169695 4216380
15168555 4218180 15169011 4218780
15168555 4237380 15172317 4237980
15168555 4255620 15170151 4256700
15168555 4258500 15170949 4259100
15168555 4265700 15170493 4266300
15168555 4272900 15169239 4273980
15168669 4172580 15183375 4173180
15168669 4181700 15169581 4182300
15168669 4236420 15171177 4237020
15168669 4238340 15169239 4239420
15168669 4250820 15172431 4251420
15168669 4262340 15169581 4263420
15168669 4267620 15169125 4268220
15168669 4302180 15183375 4302780
15168669 4346340 15183375 4346940
15168783 4143300 15169809 4143900
15168783 4167780 15170379 4168380
15168783 4182660 15172545 4183260
15168783 4184100 15171861 4184700
15168783 4201860 15169581 4202940
15168783 4222020 15169353 4223100
15168897 4166340 15169809 4167420
15168897 4195140 15169581 4196220
15168897 4198500 15169581 4199100
15168897 4210500 15170265 4211100
15168897 4212420 15171747 4213020
15168897 4224900 15169695 4225500
15168897 4240740 15170493 4241340
15168897 4242180 15169239 4242780
15168897 4275300 15172659 4275900
15168897 4291140 15169239 4291740
15168897 4297380 15169581 4297980
15168897 4298820 15169809 4299420
15169011 4140420 15183717 4141500
15169011 4144260 15171861 4144860
15169011 4149060 15170493 4149660
15169011 4150020 15170949 4150620
15169011 4150980 15170037 4151580
15169011 4164420 15169809 4165020
15169011 4176900 15170037 4177500
15169011 4186020 15169353 4186620
15169011 4187460 15172773 4188060
15169011 4189860 15174597 4190460
15169011 4190820 15169809 4191420
15169011 4199940 15169581 4200540
15169011 4200900 15171861 4201500
15169011 4204740 15171633 4205340
15169011 4206660 15172773 4207260
15169011 4208580 15169239 4209180
15169011 4213860 15169581 4214460
15169011 4214820 15170037 4215420
15169011 4219140 15170037 4219740
15169011 4223460 15169353 4224060
15169011 4228740 15170493 4229340
15169011 4229700 15170607 4230300
15169011 4239780 15169809 4240380
15169011 4249380 15183717 4249980
15169011 4251780 15198309 4252380
15169011 4280100 15169581 4280700
15169011 4282500 15170493 4283100
15169011 4305060 15170265 4305660
15169239 4145220 15169809 4145820
15169239 4148100 15169809 4148700
15169239 4209540 15171177 4210140
15169239 4220100 15173913 4221180
15169239 4267140 15170607 4267740
15169239 4276740 15171633 4277340
15169239 4294500 15171177 4295100
15169353 4272420 15169923 4273020
15169467 4138980 15170949 4139580
15169467 4161540 15171633 4162620
15169467 4192740 15170151 4193340
15169467 4193700 15170493 4194300
15169467 4218180 15170607 4218780
15169467 4230660 15170037 4231260
15169467 4257060 15170493 4257660
15169467 4259460 15171177 4260060
15169467 4271460 15170493 4272060
15169467 4289220 15171063 4290300
15169467 4293540 15169809 4294140
15169467 4295940 15171633 4297020
15169467 4300260 15170265 4300860
15169695 4153380 15177105 4153980
15169695 4216260 15171291 4217340
15169695 4281540 15170949 4282140
15169695 4283460 15171291 4284540
15169695 4286340 15171291 4287420
15169809 4181700 15170037 4182300
15169923 4154340 15171861 4154940
15169923 4165380 15171519 4165980
15169923 4268100 15170265 4268700
15169923 4287780 15172317 4288380
15170037 4146180 15170493 4146780
15170037 4151940 15173799 4152540
15170037 4155780 15170265 4156380
15170037 4273860 15171633 4274940
15170151 4145220 15170721 4145820
15170151 4159620 15171177 4160220
15170151 4186500 15171861 4187100
15170151 4194660 15170721 4195260
15170151 4223940 15170949 4224540
15170151 4225860 15171405 4226460
15170151 4227780 15171633 4228380
15170151 4234500 15171861 4235100
15170151 4243140 15170949 4243740
15170151 4280580 15173913 4281180
15170151 4284900 15173001 4285500
15170151 4292100 15171177 4292700
15170151 4297860 15170721 4298460
15170265 4143300 15184971 4143900
15170265 4312740 15181323 4313340
15170379 4167780 15171405 4168380
15170379 4180260 15171861 4180860
15170379 4231140 15171633 4231740
15170379 4300740 15174141 4301340
15170493 4181700 15171405 4182300
15170493 4269540 15171519 4270140
15170493 4270500 15177903 4271100
15170607 4148100 15171633 4148700
15170607 4197060 15171633 4198140
15170607 4203300 15171633 4203900
15170607 4208580 15173457 4209180
15170607 4213860 15171633 4214460
15170607 4229700 15171633 4230300
15170607 4238340 15171405 4238940
15170607 4241220 15171633 4241820
15170607 4242180 15171633 4242780
15170607 4256580 15178017 4257180
15170607 4291140 15171861 4291740
15170607 4305540 15185313 4306140
15170721 4150980 15171747 4151580
15170721 4222020 15171861 4223100
15170835 4147140 15171861 4147740
15170835 4191300 15171633 4191900
15170835 4199460 15171633 4200060
15170835 4265700 15172203 4266300
15170835 4268100 15171633 4268700
15170835 4271460 15171633 4272060
15170835 4277700 15171747 4278300
15170835 4299780 15171633 4300380
15170949 4145220 15192951 4145820
15170949 4219140 15171633 4219740
15171063 4141860 15171633 4142460
15171063 4155780 15172659 4156860
15171063 4160580 15171633 4161180
15171063 4193220 15173913 4193820
15171063 4196100 15172773 4196700
15171063 4210980 15173457 4211580
15171063 4224900 15173913 4225500
15171063 4279620 15171861 4280220
15171063 4282500 15173001 4283100
15171177 4138980 15178587 4139580
15171177 4163460 15172773 4164060
15171177 4166340 15171861 4167420
15171177 4194180 15172203 4194780
15171177 4226820 15171975 4227420
15171177 4293060 15171861 4294140
15171291 4170660 15172089 4171260
15171291 4217700 15172887 4218300
15171291 4232100 15172317 4232700
15171291 4258980 15182349 4259580
15171291 4266660 15182349 4267260
15171291 4272420 15173229 4273020
15171291 4294980 15171633 4295580
15171291 4335780 15182349 4336380
15171519 4159140 15172773 4159740
15171519 4195140 15172317 4195740
15171519 4198500 15173229 4199100
15171519 4201860 15173229 4202460
15171519 4207620 15172545 4208220
15171519 4215300 15172089 4216380
15171519 4233540 15172545 4234140
15171519 4235460 15186225 4236060
15171519 4236420 15174369 4237020
15171519 4257540 15171861 4258140
15171519 4260420 15171861 4261020
15171519 4261380 15186225 4261980
15171519 4262340 15171861 4262940
15171519 4263780 15172089 4264380
15171519 4269060 15172545 4269660
15171519 4290180 15173913 4290780
15171519 4297860 15172317 4298460
15171633 4273860 15173229 4274940
15171747 4150020 15173913 4151100
15171747 4157220 15173001 4157820
15171747 4161060 15172545 4161660
15171747 4164420 15173913 4165500
15171747 4169220 15176421 4170300
15171747 4177860 15186453 4178460
15171747 4202820 15172317 4203420
15171747 4264740 15173115 4265340
15171747 4286340 15173913 4287420
15171747 4298820 15173343 4299900
15171975 4197060 15172431 4197660
15171975 4213380 15173571 4214460
15171975 4228740 15173571 4229820
15171975 4238340 15186681 4238940
15171975 4271460 15172773 4272060
15171975 4281540 15172545 4282140
15172089 4259940 15183147 4260540
15172203 4158180 15172773 4158780
15172203 4160100 15173457 4160700
15172203 4166340 15173913 4166940
15172203 4179780 15173001 4180380
15172203 4180740 15173799 4181820
15172203 4184100 15174141 4184700
15172203 4199940 15174597 4200540
15172203 4200900 15172773 4201500
15172203 4204260 15173457 4204860
15172203 4212420 15175965 4213020
15172203 4214820 15173001 4215420
15172203 4262820 15183261 4263420
15172203 4268100 15173001 4268700
15172203 4294500 15175053 4295100
15172431 4144260 15179841 4144860
15172431 4162020 15172773 4162620
15172431 4168260 15173457 4168860
15172431 4194180 15173571 4194780
15172431 4223940 15173913 4224540
15172431 4226340 15173229 4226940
15172431 4231620 15173001 4232220
15172431 4263780 15183489 4264380
15172431 4276260 15173457 4276860
15172431 4295460 15175281 4296060
15172431 4296420 15174369 4297020
15172431 4304100 15183489 4304700
15172659 4190820 15173913 4191420
15172659 4195140 15173799 4195740
15172659 4205220 15174369 4205820
15172659 4210020 15174597 4210620
15172659 4216740 15173913 4217340
15172659 4233060 15173229 4233660
15172659 4288260 15173229 4288860
15172773 4158180 15173913 4158780
15172773 4202820 15173913 4203420
15172773 4269540 15173229 4270140
15172887 4161540 15173457 4162140
15172887 4188420 15173799 4189020
15172887 4197060 15174369 4197660
15172887 4250820 15173343 4251420
15172887 4275300 15173913 4275900
15172887 4281540 15176649 4282140
15173001 4183140 15174597 4183740
15173001 4218180 15174369 4218780
15173001 4257540 15187707 4258140
15173115 4148580 15174141 4149180
15173115 4191780 15173685 4192380
15173115 4196100 15174027 4196700
15173115 4227780 15175509 4228380
15173115 4265220 15180525 4265820
15173115 4277700 15173457 4278300
15173229 4283460 15173457 4284060
15173229 4285380 15174255 4285980
15173343 4146660 15174597 4147260
15173343 4154820 15175509 4155420
15173343 4162500 15174141 4163580
15173343 4198020 15175167 4198620
15173343 4219140 15174369 4219740
15173343 4268580 15180753 4269180
15173343 4287780 15174939 4288380
15173343 4297860 15174939 4298940
15173457 4211460 15177219 4212060
15173457 4215300 15174027 4216380
15173571 4167780 15174369 4168380
15173571 4229700 15175509 4230300
15173571 4233540 15174597 4234140
15173571 4269540 15180981 4270140
15173571 4272420 15180981 4273020
15173571 4292100 15175053 4292700
15173685 4201380 15174141 4201980
15173799 4147620 15175509 4148220
15173799 4157220 15175053 4157820
15173799 4159140 15181209 4159740
15173799 4170660 15175737 4171260
15173799 4185540 15174597 4186140
15173799 4186500 15176649 4187100
15173799 4187460 15174369 4188060
15173799 4206180 15176421 4206780
15173799 4221540 15174369 4222140
15173799 4222500 15175509 4223100
15173799 4225860 15176649 4226460
15173799 4231140 15175281 4231740
15173799 4232100 15175167 4232700
15173799 4267620 15181209 4268220
15173799 4274340 15181209 4274940
15173799 4278660 15176649 4279260
15173799 4279620 15175053 4280220
15173799 4282500 15174825 4283100
15173799 4289220 15175053 4289820
15173799 4291140 15174825 4291740
15173799 4293060 15174141 4293660
15173799 4303140 15174597 4303740
15173799 4317060 15181209 4317660
15173799 4331460 15181209 4332060
15174027 4150980 15174825 4151580
15174027 4151940 15175053 4152540
15174027 4155780 15176193 4156860
15174027 4180260 15174825 4180860
15174027 4203300 15174369 4203900
15174027 4334820 15181437 4335420
15174141 4193220 15175737 4194300
15174255 4160100 15174825 4160700
15174255 4161060 15181665 4161660
15174255 4163940 15174597 4164540
15174255 4165380 15174711 4165980
15174255 4188420 15176649 4189500
15174255 4191300 15175281 4191900
15174255 4204260 15174597 4204860
15174255 4220100 15176421 4221180
15174255 4224420 15177105 4225020
15174255 4290180 15177105 4290780
15174255 4300740 15176421 4301820
15174483 4162500 15189189 4163100
15174483 4168260 15181893 4168860
15174483 4181700 15176079 4182780
15174483 4198980 15175053 4199580
15174483 4200900 15175281 4201500
15174483 4273380 15181893 4273980
15174483 4275780 15175509 4276380
15174483 4276740 15175509 4277340
15174483 4285860 15176877 4286460
15174483 4299300 15181893 4299900
15174711 4166340 15175281 4166940
15174711 4216740 15175851 4217340
15174711 4286820 15177105 4287420
15174711 4293060 15176307 4294140
15174825 4194660 15177105 4195260
15174825 4283460 15175737 4284060
15174825 4284420 15175509 4285020
15174939 4148580 15176079 4149180
15174939 4164420 15196941 4165020
15174939 4180740 15175509 4181340
15174939 4183620 15176649 4184220
15174939 4184580 15177789 4185180
15174939 4190340 15176421 4190940
15174939 4196100 15175965 4197180
15174939 4203780 15176193 4204380
15174939 4221540 15177789 4222140
15174939 4237380 15175737 4237980
15175167 4149540 15176649 4150140
15175167 4150980 15197169 4151580
15175167 4204740 15175737 4205340
15175167 4207620 15176193 4208220
15175167 4214340 15175965 4214940
15175167 4232100 15176193 4232700
15175167 4288260 15175737 4288860
15175167 4291140 15175965 4291740
15175281 4231140 15176421 4231740
15175395 4210020 15176421 4210620
15175395 4213380 15177333 4213980
15175395 4215300 15178245 4215900
15175395 4282500 15177105 4283100
15175623 4191300 15176877 4191900
15175623 4199460 15176763 4200060
15175623 4202820 15177105 4203420
15175623 4228260 15176421 4228860
15175623 4289220 15176421 4289820
15175623 4292100 15176421 4292700
15175623 4297860 15190329 4298460
15175737 4167300 15175965 4167900
15175851 4151940 15176421 4152540
15175851 4233060 15176649 4233660
15175851 4276740 15176421 4277340
15175851 4284420 15177333 4285020
15175851 4294500 15183261 4295100
15175851 4295460 15177105 4296060
15175965 4146180 15197967 4146780
15175965 4163460 15183375 4164060
15175965 4200420 15177333 4201020
15175965 4341540 15183375 4342140
15175965 4350180 15183375 4350780
15175965 4354020 15183375 4354620
15175965 4367460 15183375 4368060
15175965 4372260 15183375 4372860
15175965 4377060 15183375 4377660
15175965 4381860 15183375 4382460
15175965 4386660 15183375 4387260
15175965 4391460 15183375 4392060
15175965 4396260 15183375 4396860
15176079 4165380 15177105 4165980
15176079 4187460 15178929 4188060
15176079 4208580 15177561 4209180
15176079 4226820 15176877 4227420
15176079 4279620 15198081 4280220
15176079 4311780 15183489 4312380
15176193 4157700 15190899 4158300
15176193 4160100 15183603 4160700
15176193 4205220 15177105 4205820
15176193 4217220 15176649 4217820
15176307 4148100 15176877 4148700
15176307 4155300 15177105 4155900
15176307 4166340 15198309 4166940
15176307 4192260 15179157 4192860
15176307 4195620 15177333 4196220
15176307 4197060 15177105 4197660
15176307 4198020 15177561 4198620
15176307 4201380 15177105 4201980
15176307 4218180 15179157 4218780
15176307 4219140 15176877 4219740
15176307 4222980 15176535 4223580
15176307 4230180 15183717 4230780
15176307 4234500 15177561 4235100
15176307 4236420 15177105 4237020
15176307 4237380 15178017 4237980
15176307 4280580 15177561 4281180
15176307 4283460 15176877 4284060
15176307 4288260 15177105 4288860
15176307 4296420 15177105 4297020
15176535 4169220 15178701 4170300
15176649 4203780 15178245 4204860
15176763 4170660 15182349 4171260
15176763 4182660 15178359 4183740
15176763 4190340 15177333 4190940
15176763 4291140 15178359 4292220
15176763 4293540 15177333 4294140
15176877 4185540 15178473 4186620
15176877 4228740 15178473 4229820
15176991 4207140 15178929 4207740
15176991 4209540 15178473 4210140
15176991 4219620 15178929 4220220
15176991 4227780 15178929 4228380
15176991 4239780 15182577 4240380
15176991 4278660 15191697 4279260
15176991 4300740 15191697 4301340
15177219 4148100 15195573 4148700
15177219 4193220 15178701 4193820
15177219 4210500 15177789 4211100
15177219 4222500 15178473 4223100
15177219 4289220 15178701 4289820
15177333 4167300 15195687 4167900
15177333 4255620 15195687 4256220
15177333 4340580 15181095 4341180
15177333 4342500 15181095 4343100
15177333 4347300 15181095 4348860
15177333 4349220 15181095 4349820
15177333 4351140 15181095 4351740
15177447 4155300 15178587 4155900
15177447 4165380 15195801 4165980
15177447 4181700 15195801 4182300
15177447 4195620 15178587 4196220
15177447 4196580 15178701 4197180
15177447 4199940 15178245 4200540
15177447 4200900 15178587 4201500
15177447 4211460 15178587 4212060
15177447 4216260 15178473 4216860
15177447 4225860 15178473 4226460
15177447 4284900 15178245 4285500
15177675 4220580 15178701 4221180
15177675 4282980 15181437 4283580
15177675 4286820 15183261 4287420
15177675 4290180 15178245 4290780
15177789 4190820 15183375 4191420
15177903 4189380 15178929 4189980
15177903 4208580 15179157 4209180
15177903 4223460 15179385 4224060
15177903 4226820 15178473 4227420
15177903 4241700 15183489 4243260
15177903 4293540 15183489 4294140
15178017 4149060 15192723 4150620
15178017 4151940 15192723 4152540
15178017 4156260 15184059 4156860
15178017 4188420 15181437 4189020
15178017 4277700 15179385 4278300
15178131 4198980 15179385 4199580
15178131 4240740 15183717 4241340
15178131 4308900 15183717 4309500
15178245 4201860 15178929 4202460
15178245 4281540 15192951 4282140
15178245 4283940 15182007 4284540
15178245 4285380 15192951 4285980
15178245 4287780 15183831 4288380
15178359 4224420 15183945 4225020
15178473 4194180 15179271 4195260
15178473 4204740 15180753 4205340
15178473 4212420 15179157 4213500
15178587 4197540 15179157 4198140
15178587 4205700 15179157 4206780
15178587 4214340 15179385 4214940
15178587 4225380 15179385 4225980
15178587 4231140 15182349 4231740
15178587 4232580 15179841 4233180
15178587 4292100 15196941 4292700
15178815 4186500 15179385 4187100
15178815 4200900 15179955 4201500
15178815 4202820 15179613 4203420
15178815 4215780 15179613 4216380
15178815 4216740 15183033 4217340
15178815 4226340 15179271 4226940
15179043 4211460 15179613 4212060
15179043 4228740 15180981 4229820
15179271 4169220 15186681 4169820
15179271 4201860 15179841 4202460
15179271 4207620 15181893 4208220
15179271 4209540 15193977 4210140
15179271 4221060 15181209 4222140
15179271 4222500 15181209 4223100
15179499 4184580 15186909 4185180
15179499 4218180 15182121 4218780
15179499 4219140 15181209 4219740
15179499 4227780 15194205 4228380
15179727 4196100 15181209 4196700
15179727 4198980 15181665 4199580
15179955 4211940 15182349 4212540
15179955 4214820 15183717 4215420
15180183 4179780 15187593 4180380
15180183 4201860 15181437 4202460
15180411 4213380 15180981 4213980
15180525 4185540 15181209 4186140
15180525 4193220 15182121 4193820
15180639 4194180 15181665 4195260
15180639 4225860 15181893 4226460
15180639 4306980 15184059 4307580
15180753 4199940 15182691 4200540
15180753 4223460 15183603 4224060
15180867 4187460 15195573 4188060
15180867 4189380 15181665 4190460
15180867 4226820 15195573 4227420
15180981 4202820 15182919 4203420
15180981 4210500 15195687 4211100
15180981 4215780 15184059 4216380
15180981 4336740 15184059 4337340
15180981 4353060 15184059 4353660
15181095 4137540 15195801 4138140
15181095 4138500 15195801 4139100
15181095 4154340 15184059 4154940
15181095 4191780 15181665 4192380
15181095 4197060 15195801 4197660
15181095 4203780 15182121 4204380
15181095 4204740 15181893 4205340
15181095 4205700 15195801 4206300
15181095 4206660 15182121 4207260
15181095 4244100 15195801 4244700
15181095 4275300 15184059 4275900
15181095 4309860 15184059 4310460
15181095 4319940 15195801 4321500
15181095 4321860 15195801 4322460
15181095 4322820 15195801 4323420
15181095 4332900 15184059 4333500
15181095 4339140 15195801 4340700
15181323 4200900 15182577 4201500
15181323 4333860 15183261 4334460
15181551 4219140 15183147 4220220
15181779 4276260 15184059 4276860
15181779 4303140 15184059 4303740
15182007 4188420 15196713 4189020
15182007 4195140 15196713 4195740
15182007 4253220 15183945 4253820
15182121 4358820 15184059 4359420
15182235 4158660 15196941 4159260
15182235 4171620 15184059 4172220
15182235 4193700 15183033 4194300
15182235 4208100 15184059 4208700
15182349 4315620 15184059 4316220
15182463 4141860 15184059 4142460
15182463 4153380 15184059 4153980
15182463 4234020 15184059 4234620
15182463 4269060 15197169 4269660
15182463 4277220 15184059 4277820
15182463 4295460 15184059 4296060
15182463 4296420 15184059 4297020
15182463 4314660 15184059 4315260
15182691 4213860 15184059 4214460
15182691 4250340 15184059 4250940
15182691 4343460 15184059 4344060
15182691 4344420 15183717 4345020
15182691 4352100 15184059 4352700
15182805 4310820 15184059 4311420
15182919 4204260 15184059 4204860
15182919 4207140 15184059 4207740
15182919 4233060 15184059 4233660
15183033 4189380 15183489 4189980
15183033 4194180 15197739 4194780
15183033 4198980 15184059 4200060
15183033 4265700 15184059 4266300
15183147 4200420 15184059 4201020
15183147 4246500 15184059 4247100
15183147 4254180 15184059 4254780
15183147 4282980 15183945 4283580
15183147 4316580 15184059 4317180
15183147 4317540 15184059 4318140
15183147 4330020 15184059 4330620
15183147 4330980 15184059 4331580
15183147 4331940 15184059 4332540
15183147 4334820 15184059 4335420
15183261 4135140 15184059 4136700
15183261 4186020 15184059 4186620
15183261 4212900 15184059 4213500
15183261 4270500 15184059 4271100
15183261 4307940 15184059 4308540
15183375 4191780 15185427 4192380
15183375 4198020 15198081 4198620
15183375 4201860 15184173 4202460
15183375 4202820 15198081 4203420
15183375 4220580 15185427 4221180
15183375 4232100 15184059 4232700
15183489 4225380 15184059 4225980
15183489 4293060 15198195 4293660
15183603 4218660 15184059 4219260
15183603 4229220 15185427 4229820
15183603 4236900 15184059 4237500
15183603 4271460 15184059 4272060
15183603 4272420 15185427 4273020
15183603 4273380 15185427 4273980
15183603 4289700 15184059 4290300
15183603 4290660 15184059 4291260
15183717 4183140 15184059 4183740
15183831 4176420 15185427 4177020
15183831 4189380 15198537 4189980
15183831 4267620 15185427 4268220
15183831 4274340 15185427 4274940
15183945 4190820 15192723 4191420
15183945 4219620 15192723 4220220
15183945 4221540 15192723 4224060
15183945 4239780 15192723 4240380
15183945 4241700 15192723 4243260
15183945 4262820 15192723 4263420
15183945 4286820 15192723 4288380
15183945 4302180 15192723 4302780
15183945 4312740 15192723 4313340
15183945 4345380 15192723 4346940
15183945 4347300 15192723 4348860
15183945 4349220 15192723 4350780
15183945 4351140 15192723 4351740
15183945 4354020 15192723 4355580
15183945 4361700 15192723 4363260
15184059 4208580 15195117 4209180
15184059 4248900 15191469 4249500
15184515 4198980 15195573 4199580
15185199 4282500 15192609 4283100
15185313 4143780 15192723 4144380
15185313 4201380 15192723 4201980
15185313 4214820 15192723 4215420
15185313 4224420 15192723 4225020
15185313 4240740 15196371 4241340
15185313 4253220 15192723 4253820
15185313 4263780 15192723 4264380
15185313 4306020 15192723 4306620
15185313 4311780 15192723 4312380
15185313 4344420 15192723 4345020
15185769 4142340 15196827 4142940
15186111 4299780 15197169 4300380
15186567 4258500 15197625 4259100
15186567 4277700 15197625 4278300
15187251 4259460 15198309 4260060
15187251 4266180 15198309 4266780
15187365 4270980 15198423 4271580
15187479 4268100 15194889 4268700
15187593 4260420 15198651 4261020
15187821 4250820 15197055 4251420
15188277 4296900 15195687 4297500
15188391 4136580 15197625 4137180
15188391 4272900 15195801 4273500
15189075 4168260 15198309 4168860
15189303 4139460 15196713 4140060
15189303 4203780 15198537 4204380
15189303 4273860 15198537 4274460
15191583 4152900 15197169 4153500
15191583 4154820 15197169 4155420
15192039 4280580 15197625 4281180
15192381 4267140 15197967 4267740
15192495 4237380 15198081 4237980
15192609 4155780 15198195 4156380
15192609 4157220 15198195 4157820
15192609 4161060 15196371 4161660
15192609 4162020 15198651 4163580
15192609 4170660 15198195 4171260
15192609 4171620 15198195 4173180
15192609 4173540 15198195 4174140
15192609 4174500 15198651 4177980
15192609 4178340 15198651 4178940
15192609 4179300 15196371 4179900
15192609 4180260 15198195 4180860
15192609 4183140 15198195 4183740
15192609 4184100 15198195 4184700
15192609 4185060 15198195 4185660
15192609 4211940 15198651 4213500
15192609 4213860 15196371 4214460
15192609 4216740 15198651 4218300
15192609 4218660 15196371 4219260
15192609 4229220 15198651 4230780
15192609 4231140 15198651 4232700
15192609 4233060 15198651 4234620
15192609 4234980 15198651 4236540
15192609 4257060 15198195 4257660
15192609 4261860 15198195 4262460
15192609 4275300 15196371 4276860
15192609 4283940 15198195 4284540
15192609 4288740 15198651 4290300
15192609 4290660 15198195 4291260
15192609 4295460 15198195 4296060
15192609 4298340 15198195 4298940
15192609 4303140 15198651 4304700
15192609 4305060 15198195 4305660
15192609 4307940 15198195 4308540
15192609 4394340 15198651 4394940
15192609 4395300 15198651 4396860
15194319 4287300 15198651 4287900
15194775 4191300 15198537 4191900
15194889 4264260 15198651 4264860
15195003 4223940 15196941 4224540
15195003 4265220 15196941 4265820
15195003 4271940 15196941 4272540
15195003 4294020 15196941 4294620
15195345 4222980 15198195 4223580
15195345 4224900 15198195 4225500
15195459 4190340 15198309 4190940
15195573 4215300 15198651 4215900
15195573 4246980 15197511 4247580
15195573 4270020 15198651 4270620
15195687 4141380 15197625 4141980
15195687 4192260 15198537 4192860
15195687 4221060 15198651 4221660
15195687 4239300 15198651 4239900
15195687 4252740 15197625 4253340
15195687 4263300 15198651 4263900
15195687 4309380 15198651 4318620
15195801 4143300 15198651 4143900
15196257 4150020 15198651 4150620
15196257 4199460 15198651 4200060
15196257 4228260 15198651 4228860
15196371 4153860 15198651 4154460
15196371 4204740 15198651 4205340
15196371 4207620 15198651 4208220
15196371 4225860 15198651 4226460
15196371 4243140 15198651 4243740
15196599 4193220 15198651 4193820
15196599 4206660 15198651 4207260
15196599 4240260 15198651 4240860
15196599 4249860 15198651 4250460
15196599 4306500 15198651 4307100
15196827 4160580 15198651 4161180
15196827 4201860 15198651 4202460
15196827 4208580 15198651 4209180
15196827 4246020 15198651 4246620
15196827 4248900 15198651 4249500
15196827 4253700 15198651 4254300
15197055 4200900 15198651 4201500
15197055 4241220 15198651 4241820
15197055 4242180 15198651 4242780
15197055 4274820 15198651 4275420
15197055 4278660 15198651 4279260
15197055 4300740 15198651 4301340
15197283 4275780 15198651 4276380
15197511 4165380 15198651 4165980
15197511 4169220 15198651 4169820
15197511 4209540 15198651 4210140
15197511 4214340 15198651 4214940
15197511 4238340 15198651 4238940
15197625 4219140 15198651 4219740
15197853 4135620 15198651 4136220
15197967 4144260 15198651 4144860
15197967 4220100 15198651 4220700
15197967 4282500 15198651 4283100
15197967 4301700 15198651 4302300
15198081 4146660 15198651 4148220
15198081 4148580 15198651 4149180
15198081 4151460 15198651 4152060
15198081 4159620 15198651 4160220
15198081 4227300 15198651 4227900
15198081 4244580 15198651 4245180
15198081 4284900 15198651 4286460
15198195 4140420 15198651 4141020
15198195 4187460 15198651 4188060
15198195 4222020 15198651 4222620
15198195 4254660 15198651 4255260
15198195 4276740 15198651 4277340
15198195 4295940 15198651 4296540
15198309 4145220 15198651 4145820
15198309 4182660 15198651 4183260
15198309 4281540 15198651 4282140
15198309 4283460 15198651 4284060
15198309 4291140 15198651 4291740
15198423 4156740 15198651 4157340
15198423 4179780 15198651 4180380
15198423 4268100 15198651 4268700
15227493 4135140 15242085 4150140
15227493 4150500 15242085 4165500
15227493 4165860 15327699 4196700
15227493 4204260 15227721 4204860
15227493 4205220 15242085 4220220
15227493 4220580 15242085 4235580
15227493 4235940 15242085 4250940
15227493 4251300 15242085 4266300
15227493 4266660 15242085 4281660
15227493 4282020 15242085 4297020
15227493 4297380 15242085 4312380
15227493 4312740 15242085 4327740
15227493 4328100 15242085 4343100
15227493 4343460 15242085 4358460
15227493 4358820 15242085 4373820
15227493 4374180 15242085 4389180
15227493 4389540 15242085 4396860
15228291 4204260 15239349 4204860
15240147 4204260 15240717 4204860
15271155 4396260 15285861 4396860
15296691 4396260 15298515 4396860
15319149 4227300 15336135 4258140
15319149 4288740 15336135 4319580
15319149 4350180 15336135 4381020
15327585 4396260 15334995 4396860
15334881 4135140 15468375 4142940
15334881 4143780 15468375 4174620
15334881 4189860 15468375 4191900
15334881 4192740 15432123 4193340
15334881 4193700 15468375 4224540
15334881 4262820 15468375 4264860
15334881 4265700 15468375 4266300
15334881 4320420 15468375 4324380
15334881 4325220 15432123 4325820
15334881 4326180 15468375 4330140
15334881 4331940 15432123 4332540
15334881 4332900 15468375 4336860
15334881 4338660 15432123 4339260
15334881 4383780 15468375 4385820
15334881 4386660 15468375 4390620
15334881 4392420 15432123 4393020
15334881 4393380 15468375 4395420
15432009 4378980 15463587 4379580
15440445 4192260 15455151 4192860
15456177 4192740 15459939 4193340
15460509 4192260 15461307 4192860
15461307 4192260 15462105 4192860
15462447 4192740 15466209 4193340
15463473 4325220 15466323 4325820
15463473 4331940 15466323 4332540
15463473 4338660 15466323 4339260
15463473 4392420 15466323 4393020
15466209 4378980 15467007 4379580
15466893 4325220 15467577 4325820
15466893 4331940 15467577 4332540
15466893 4338660 15467577 4339260
15466893 4392420 15467577 4393020
15467463 4378980 15468261 4379580
15468147 4325220 15468375 4325820
15468147 4331940 15468375 4332540
15468147 4338660 15468375 4339260
15468147 4392420 15468375 4393020
