15146781 4137060 15152367 4137660
15146781 4138500 15147579 4139100
15146781 4139940 15147807 4140540
15146781 4140900 15148263 4141980
15146781 4142340 15148605 4142940
15146781 4144740 15149289 4145340
15146781 4145700 15148263 4146780
15146781 4147140 15151113 4147740
15146781 4148580 15149289 4149180
15146781 4150020 15148605 4150620
15146781 4152420 15157839 4153020
15146781 4153380 15148263 4154460
15146781 4154820 15148605 4155420
15146781 4156260 15149631 4156860
15146781 4158180 15148263 4158780
15146781 4159140 15148263 4160220
15146781 4160580 15148263 4161180
15146781 4162020 15148263 4162620
15146781 4162980 15148263 4165020
15146781 4165380 15148263 4166460
15146781 4166820 15148263 4168860
15146781 4169220 15148263 4170300
15146781 4170660 15148263 4171740
15146781 4172580 15147807 4173180
15146781 4174500 15149973 4175100
15146781 4175460 15148263 4178460
15146781 4178820 15148605 4179420
15146781 4180260 15148149 4180860
15146781 4181220 15148263 4184220
15146781 4185060 15150201 4185660
15146781 4186500 15150201 4187100
15146781 4187940 15148263 4190940
15146781 4191300 15148605 4191900
15146781 4192740 15154191 4193340
15146781 4194660 15149973 4195260
15146781 4195620 15148263 4197660
15146781 4198020 15148263 4199100
15146781 4199460 15148263 4202460
15146781 4202820 15148605 4203420
15146781 4204260 15148263 4207260
15146781 4207620 15148605 4208220
15146781 4209060 15147921 4209660
15146781 4210020 15148263 4211100
15146781 4211460 15148377 4212060
15146781 4212900 15150201 4213500
15146781 4213860 15148263 4216860
15146781 4217220 15148263 4217820
15146781 4218660 15148263 4219260
15146781 4219620 15148263 4221660
15146781 4222020 15148263 4223100
15146781 4223460 15148263 4225500
15146781 4225860 15148263 4226460
15146781 4227300 15148263 4227900
15146781 4228260 15148263 4229340
15146781 4229700 15148263 4230780
15146781 4231140 15148263 4233180
15146781 4233540 15148263 4234140
15146781 4234980 15148263 4235580
15146781 4235940 15148263 4237020
15146781 4237380 15148263 4237980
15146781 4238820 15148263 4239420
15146781 4239780 15148263 4240860
15146781 4241220 15149973 4241820
15146781 4242660 15149973 4243260
15146781 4244580 15148263 4245660
15146781 4246020 15148263 4246620
15146781 4247460 15149973 4248060
15146781 4249380 15150201 4249980
15146781 4250820 15148605 4251420
15146781 4253220 15150201 4253820
15146781 4254180 15148263 4255260
15146781 4255620 15151113 4256220
15146781 4257060 15150543 4257660
15146781 4258980 15149973 4259580
15146781 4259940 15148263 4261020
15146781 4261380 15148263 4261980
15146781 4262820 15149973 4263420
15146781 4264740 15148263 4265820
15146781 4266180 15148263 4266780
15146781 4267620 15148263 4268220
15146781 4268580 15148263 4271580
15146781 4271940 15148605 4272540
15146781 4273380 15150201 4273980
15146781 4274340 15148263 4277340
15146781 4277700 15148263 4278300
15146781 4279140 15149973 4279740
15146781 4281060 15149289 4281660
15146781 4282020 15148263 4285020
15146781 4285860 15147807 4286460
15146781 4287300 15148719 4287900
15146781 4289700 15150543 4290300
15146781 4291140 15148605 4291740
15146781 4292580 15148263 4295580
15146781 4295940 15148605 4296540
15146781 4297380 15148377 4297980
15146781 4298340 15148263 4299420
15146781 4299780 15150543 4300380
15146781 4301220 15150201 4301820
15146781 4303140 15148263 4303740
15146781 4304100 15148263 4306140
15146781 4306500 15148263 4307580
15146781 4307940 15148263 4309980
15146781 4310340 15148263 4311420
15146781 4311780 15148263 4313820
15146781 4314180 15148263 4314780
15146781 4315620 15149973 4316220
15146781 4317540 15150201 4318140
15146781 4318500 15148263 4321500
15146781 4321860 15148263 4322460
15146781 4323300 15148263 4323900
15146781 4324260 15148263 4326300
15146781 4326660 15148263 4327740
15146781 4328100 15148263 4330140
15146781 4330500 15148263 4331580
15146781 4331940 15148263 4333980
15146781 4334340 15148263 4334940
15146781 4335780 15148263 4336380
15146781 4336740 15148263 4337820
15146781 4338180 15148263 4338780
15146781 4339620 15149973 4340220
15146781 4341540 15161487 4342140
15146781 4342500 15148263 4345500
15146781 4346340 15168783 4346940
15146781 4347780 15148605 4348380
15146781 4350180 15176079 4350780
15146781 4351620 15148605 4352220
15146781 4354020 15176079 4354620
15146781 4354980 15148263 4356060
15146781 4356420 15147579 4357020
15146781 4357380 15161487 4358460
15146781 4358820 15154191 4359420
15146781 4359780 15176079 4360380
15146781 4362180 15161487 4363260
15146781 4363620 15176079 4364220
15146781 4364580 15176079 4365180
15146781 4366980 15161487 4368060
15146781 4368420 15176079 4369020
15146781 4369380 15176079 4369980
15146781 4371780 15161487 4372860
15146781 4373220 15176079 4373820
15146781 4374180 15154191 4374780
15146781 4376580 15161487 4377660
15146781 4378020 15176079 4378620
15146781 4378980 15176079 4379580
15146781 4381380 15161487 4382460
15146781 4382820 15176079 4383420
15146781 4383780 15176079 4384380
15146781 4386180 15161487 4387260
15146781 4387620 15176079 4388220
15146781 4388580 15176079 4389180
15146781 4390980 15161487 4392060
15146781 4392420 15176079 4393020
15146781 4393380 15176079 4393980
15146781 4395780 15161487 4396860
15148035 4285860 15149745 4286460
15148149 4135140 15149973 4135740
15148149 4136100 15149745 4136700
15148149 4138020 15150201 4138620
15148149 4138980 15150429 4139580
15148149 4143300 15149973 4143900
15148149 4150980 15150201 4151580
15148149 4157220 15150657 4157820
15148149 4172100 15149175 4172700
15148149 4173540 15149973 4174140
15148149 4179780 15150201 4180380
15148149 4193700 15150201 4194300
15148149 4208580 15150999 4209180
15148149 4243620 15149517 4244220
15148149 4248420 15149973 4249020
15148149 4251780 15151569 4252380
15148149 4258020 15149517 4258620
15148149 4263780 15149973 4264380
15148149 4280100 15149061 4280700
15148149 4288260 15149973 4288860
15148149 4302180 15151569 4302780
15148149 4316580 15149973 4317180
15148149 4340580 15177447 4341180
15148149 4348740 15162855 4349340
15148149 4352580 15162855 4353660
15148263 4140420 15149289 4141020
15148263 4164900 15149973 4165500
15148263 4216260 15149061 4217340
15148263 4221060 15149061 4222140
15148377 4160580 15149517 4161180
15148491 4158660 15150201 4159260
15148491 4162500 15150429 4163100
15148491 4166340 15150201 4166940
15148491 4182660 15154077 4183260
15148491 4198980 15150087 4199580
15148491 4215300 15150201 4215900
15148491 4219140 15151341 4219740
15148491 4222980 15152253 4223580
15148491 4227780 15150429 4228380
15148491 4235460 15150201 4236060
15148491 4268100 15149517 4268700
15148491 4275780 15149745 4276380
15148491 4283460 15149289 4284060
15148491 4303620 15151341 4304220
15148491 4307460 15151341 4308060
15148491 4311300 15150201 4311900
15148491 4323780 15149973 4324380
15148491 4327620 15150201 4328220
15148491 4331460 15150201 4332060
15148491 4336260 15163197 4336860
15148491 4343940 15163197 4344540
15148833 4141860 15149973 4142460
15148833 4270980 15149973 4271580
15148947 4167300 15150657 4167900
15148947 4196100 15149973 4196700
15148947 4211460 15149973 4212060
15148947 4231620 15150885 4232220
15148947 4236420 15150657 4237020
15148947 4240260 15150885 4240860
15149061 4191780 15149973 4192380
15149061 4282020 15149745 4282620
15149175 4154340 15150885 4154940
15149175 4205220 15149973 4205820
15149175 4217220 15150201 4217820
15149175 4225380 15149973 4225980
15149175 4239300 15150201 4239900
15149175 4260900 15149973 4261500
15149175 4277220 15150657 4277820
15149175 4291140 15149631 4291740
15149175 4319940 15149973 4320540
15149175 4356420 15163881 4357020
15149403 4169220 15149973 4169820
15149403 4171140 15150201 4172220
15149403 4177860 15149973 4178460
15149403 4202820 15150885 4203420
15149403 4207140 15153621 4207740
15149403 4224420 15150201 4225020
15149403 4230660 15151797 4231260
15149403 4269060 15150657 4269660
15149403 4271940 15149973 4272540
15149403 4287300 15149859 4287900
15149403 4295940 15150885 4296540
15149403 4330500 15149973 4331100
15149517 4200420 15150087 4201020
15149517 4326180 15149973 4326780
15149631 4139940 15151227 4140540
15149631 4148580 15152481 4149180
15149631 4155780 15150201 4156380
15149631 4159620 15151227 4160220
15149631 4163940 15150201 4164540
15149631 4181700 15150201 4182300
15149631 4198020 15151569 4198620
15149631 4201860 15150201 4202460
15149631 4206180 15150201 4206780
15149631 4209540 15150201 4210140
15149631 4233060 15152481 4233660
15149631 4246020 15149973 4247100
15149631 4274820 15153051 4275420
15149631 4283460 15152481 4284060
15149631 4284900 15150201 4285500
15149631 4304580 15150201 4305180
15149631 4324740 15150201 4325340
15149745 4218180 15149973 4218780
15149859 4140900 15150201 4141500
15149859 4149540 15150315 4150140
15149859 4153380 15150543 4153980
15149859 4160580 15151227 4161180
15149859 4161540 15152025 4162140
15149859 4176900 15150201 4177500
15149859 4187460 15152709 4188060
15149859 4189380 15150429 4189980
15149859 4214340 15150429 4214940
15149859 4226820 15151341 4227420
15149859 4245060 15152709 4245660
15149859 4270020 15150201 4270620
15149859 4275780 15150657 4276380
15149859 4280100 15152709 4280700
15149859 4281540 15151797 4282140
15149859 4294020 15150429 4294620
15149859 4297380 15150201 4297980
15149859 4305540 15150885 4306140
15149859 4310340 15153621 4310940
15149859 4312740 15152709 4313340
15149859 4333380 15152709 4333980
15149859 4337220 15164565 4337820
15149859 4355460 15157269 4356060
15149973 4308420 15150885 4309020
15150087 4135620 15152253 4136700
15150087 4142340 15150885 4142940
15150087 4168260 15154761 4169340
15150087 4172580 15152937 4173180
15150087 4183620 15152253 4184700
15150087 4190340 15152253 4191420
15150087 4220100 15152253 4221180
15150087 4228740 15152253 4229820
15150087 4243140 15151797 4243740
15150087 4247940 15151569 4248540
15150087 4259460 15152253 4262460
15150087 4264260 15152253 4265340
15150087 4271940 15150657 4272540
15150087 4288260 15154761 4289340
15150087 4292100 15151227 4292700
15150087 4320900 15152253 4321980
15150087 4322820 15154761 4323900
15150201 4278660 15151797 4279740
15150315 4200900 15151113 4201500
15150315 4285860 15151797 4286460
15150315 4326180 15153165 4326780
15150429 4176420 15152481 4177020
15150543 4140900 15151455 4141500
15150543 4145220 15152139 4146300
15150543 4165860 15151341 4166460
15150543 4178340 15151569 4178940
15150543 4185540 15152025 4186140
15150543 4213860 15150885 4214460
15150543 4218180 15152253 4218780
15150543 4246020 15152025 4246620
15150543 4256580 15151341 4257180
15150771 4180740 15151569 4181340
15150771 4241220 15151797 4241820
15150771 4268100 15151569 4268700
15150771 4316100 15152025 4316700
15150885 4142340 15152481 4143420
15150885 4157700 15152481 4158780
15150885 4234980 15151341 4235580
15150885 4246980 15151341 4247580
15150885 4329060 15151569 4329660
15150999 4154820 15152367 4155420
15150999 4171620 15154761 4172220
15150999 4174500 15151569 4175100
15150999 4191780 15152709 4192380
15150999 4211460 15152481 4212060
15150999 4262820 15152253 4263420
15150999 4271940 15151797 4272540
15150999 4276740 15152025 4277340
15150999 4287300 15153393 4287900
15150999 4306020 15151797 4306620
15151113 4147620 15151341 4148220
15151227 4139940 15152367 4140540
15151227 4159620 15152367 4160220
15151227 4160580 15152367 4161180
15151227 4164900 15152253 4165500
15151227 4189380 15151797 4189980
15151227 4208580 15152253 4209180
15151227 4250340 15153621 4250940
15151227 4291620 15152367 4292220
15151455 4196580 15152481 4197180
15151455 4198980 15152481 4200060
15151455 4200420 15152823 4201020
15151455 4210500 15152025 4211100
15151455 4225380 15152481 4225980
15151455 4256100 15155673 4256700
15151455 4269060 15152481 4269660
15151455 4292580 15152709 4293180
15151455 4324260 15152253 4324860
15151569 4141380 15154077 4141980
15151569 4144260 15152025 4144860
15151569 4146660 15152595 4147260
15151569 4156260 15153165 4156860
15151683 4149540 15153165 4150140
15151683 4174020 15153621 4174620
15151683 4221540 15152937 4222140
15151683 4231620 15152481 4232220
15151683 4234500 15152481 4235100
15151683 4240260 15152709 4240860
15151683 4294020 15153393 4294620
15151683 4299780 15152709 4300380
15151797 4153860 15152709 4154460
15151797 4169700 15152481 4170300
15151797 4181220 15153279 4181820
15151797 4204740 15152823 4205340
15151797 4253700 15152709 4254300
15151797 4258500 15154647 4259100
15151797 4296420 15152709 4297020
15151797 4298820 15154761 4299420
15151797 4304100 15152709 4304700
15151797 4308900 15152937 4309500
15151797 4318500 15154761 4319100
15151911 4167300 15154989 4167900
15151911 4178820 15152709 4179420
15151911 4219140 15152709 4219740
15151911 4227780 15155673 4228380
15151911 4236420 15157497 4237020
15151911 4238340 15153621 4238940
15151911 4243620 15152709 4244220
15151911 4281540 15152481 4282140
15151911 4302180 15159321 4302780
15151911 4329060 15154761 4329660
15152139 4150500 15152709 4152060
15152139 4170660 15154989 4171260
15152139 4174980 15152481 4175580
15152139 4177380 15154761 4177980
15152139 4180260 15153393 4180860
15152139 4186020 15152937 4186620
15152139 4188900 15152937 4189500
15152139 4194180 15157725 4194780
15152139 4195620 15154077 4196220
15152139 4197540 15153621 4198140
15152139 4202340 15154989 4202940
15152139 4203780 15152937 4204380
15152139 4205700 15155901 4206300
15152139 4209540 15153165 4210140
15152139 4212420 15154305 4213020
15152139 4214340 15153393 4214940
15152139 4215780 15153621 4216380
15152139 4224420 15153621 4225020
15152139 4226340 15152937 4226940
15152139 4242180 15153621 4242780
15152139 4246980 15153393 4247580
15152139 4247940 15152709 4248540
15152139 4249380 15153621 4249980
15152139 4251300 15154077 4251900
15152139 4254660 15153621 4255260
15152139 4266660 15153621 4267260
15152139 4267620 15155217 4268220
15152139 4270500 15153165 4271100
15152139 4271940 15153165 4272540
15152139 4272900 15154077 4273500
15152139 4277700 15153279 4278780
15152139 4284420 15153621 4285020
15152139 4290180 15153165 4290780
15152139 4297380 15152481 4297980
15152139 4300740 15153393 4301340
15152139 4303140 15154989 4303740
15152139 4305060 15153165 4305660
15152139 4306980 15154989 4307580
15152139 4311300 15153279 4312380
15152139 4313700 15155901 4314300
15152139 4315140 15153849 4315740
15152139 4317060 15155901 4317660
15152139 4325220 15152937 4325820
15152139 4327620 15153165 4328220
15152139 4330020 15155901 4330620
15152139 4331460 15159549 4332060
15152253 4147620 15152937 4148220
15152367 4138980 15153165 4139580
15152367 4140420 15153165 4141020
15152367 4162500 15156129 4163100
15152367 4163460 15154077 4164060
15152367 4185060 15152937 4185660
15152367 4189860 15153849 4190460
15152367 4201380 15154077 4201980
15152367 4208580 15153165 4209180
15152367 4241220 15153849 4241820
15152367 4260420 15153165 4261020
15152367 4263780 15156129 4264380
15152367 4275780 15154305 4276380
15152367 4276740 15153165 4277340
15152367 4285380 15152937 4285980
15152367 4306020 15153165 4306620
15152367 4321860 15152937 4322460
15152367 4332420 15153165 4333020
15152595 4159620 15153165 4160220
15152595 4160580 15153165 4161180
15152595 4164420 15154761 4165500
15152595 4269540 15153165 4270140
15152595 4279140 15153621 4279740
15152823 4176420 15154761 4177020
15152823 4237380 15154533 4237980
15152823 4259460 15154761 4260060
15152823 4280580 15154761 4281180
15152823 4281540 15153621 4282140
15152937 4146180 15154533 4147260
15152937 4187460 15154533 4188540
15152937 4222020 15154533 4223100
15152937 4230660 15154533 4231740
15152937 4233540 15154533 4234620
15153051 4143300 15154305 4143900
15153051 4183620 15154647 4184700
15153051 4186500 15154761 4187100
15153051 4198980 15154647 4200060
15153051 4220580 15153849 4221180
15153051 4225860 15153279 4226460
15153051 4229220 15154989 4229820
15153051 4239780 15153849 4240380
15153051 4243140 15154077 4243740
15153051 4252740 15153849 4253340
15153051 4253700 15153393 4254300
15153051 4264740 15155331 4265340
15153051 4273860 15154647 4274940
15153051 4283460 15154305 4284060
15153051 4320420 15154989 4321020
15153165 4135620 15154761 4136700
15153165 4157700 15154761 4158780
15153165 4326660 15154761 4327740
15153279 4223460 15154305 4224060
15153279 4305060 15154077 4305660
15153393 4144260 15154761 4144860
15153507 4137060 15157269 4137660
15153507 4145220 15154761 4145820
15153507 4155780 15154761 4156380
15153507 4174980 15155673 4175580
15153507 4208580 15154077 4209180
15153507 4211460 15154533 4212060
15153507 4262340 15154761 4262940
15153507 4270980 15154761 4271580
15153507 4285380 15154647 4285980
15153507 4286340 15153735 4286940
15153507 4291140 15154647 4291740
15153507 4312260 15154761 4312860
15153507 4324260 15154761 4324860
15153621 4139940 15153849 4140540
15153621 4159140 15159207 4159740
15153621 4160100 15156129 4160700
15153621 4294020 15154761 4294620
15153735 4169700 15154761 4170300
15153735 4180260 15154761 4180860
15153735 4204740 15155103 4205340
15153735 4289700 15154761 4290300
15153735 4328100 15155673 4328700
15153849 4147620 15154077 4148220
15153849 4185060 15155787 4185660
15153963 4138500 15154761 4139100
15153963 4139460 15156813 4140060
15153963 4150980 15154989 4151580
15153963 4173060 15154761 4173660
15153963 4190820 15155217 4191420
15153963 4197060 15155217 4197660
15153963 4207620 15154533 4208220
15153963 4209540 15154533 4210140
15153963 4210500 15155445 4211100
15153963 4271940 15154989 4272540
15153963 4281540 15154761 4282140
15153963 4296900 15155673 4297500
15153963 4301220 15154989 4301820
15154077 4140900 15154761 4141500
15154191 4200420 15155787 4201020
15154191 4225380 15155445 4225980
15154191 4232100 15155445 4232700
15154191 4241220 15154761 4241820
15154191 4246020 15155787 4247100
15154191 4321860 15155787 4322460
15154191 4325220 15155331 4325820
15154191 4334820 15155217 4335420
15154305 4149540 15157155 4150140
15154305 4253700 15154989 4254300
15154305 4308900 15155331 4309500
15154419 4182660 15155331 4183260
15154419 4192260 15155217 4192860
15154419 4195140 15155217 4196220
15154419 4208580 15155445 4209180
15154419 4214820 15155217 4215420
15154419 4238340 15154989 4238940
15154419 4243140 15155217 4244220
15154419 4261380 15155445 4261980
15154419 4266660 15158181 4267260
15154419 4275300 15161829 4275900
15154419 4310340 15154761 4310940
15154419 4332900 15154989 4333500
15154533 4233060 15155787 4233660
15154533 4242180 15155787 4242780
15154533 4249380 15156813 4249980
15154533 4250340 15155217 4250940
15154533 4252260 15155787 4252860
15154533 4270020 15155445 4270620
15154533 4276740 15157383 4277340
15154647 4142340 15156357 4142940
15154647 4143300 15155445 4143900
15154647 4147620 15156243 4148220
15154647 4148580 15155673 4149180
15154647 4153860 15155787 4154940
15154647 4163460 15156243 4164060
15154647 4166340 15156357 4166940
15154647 4174020 15155103 4174620
15154647 4179300 15156243 4179900
15154647 4181220 15156357 4181820
15154647 4188900 15155445 4189500
15154647 4198020 15155217 4198620
15154647 4213380 15155559 4214460
15154647 4215780 15155673 4216380
15154647 4217220 15155217 4218300
15154647 4221540 15156585 4222140
15154647 4224420 15156243 4225020
15154647 4226340 15158067 4226940
15154647 4234500 15155217 4235100
15154647 4239300 15157497 4239900
15154647 4240260 15155673 4240860
15154647 4247940 15155559 4249020
15154647 4257060 15156813 4257660
15154647 4258020 15156357 4258620
15154647 4277700 15154989 4278780
15154647 4282500 15154875 4283100
15154647 4285380 15155217 4285980
15154647 4286340 15155787 4287420
15154647 4292100 15155445 4292700
15154647 4294980 15156243 4295580
15154647 4295940 15154989 4296540
15154647 4299780 15156243 4300380
15154647 4305540 15155445 4306140
15154647 4316100 15156585 4316700
15154647 4319460 15156129 4320060
15154761 4310820 15155901 4311420
15154875 4156740 15156471 4157820
15154875 4172100 15156471 4173180
15154875 4175940 15156813 4177020
15154875 4219140 15159549 4220220
15154875 4222980 15157041 4224060
15154875 4273860 15156471 4274940
15154875 4290180 15155673 4290780
15154875 4293060 15159549 4294140
15154989 4144260 15156585 4145340
15155103 4140420 15157269 4141500
15155103 4146180 15156699 4147260
15155103 4169220 15157269 4170300
15155103 4177860 15155445 4178940
15155103 4186500 15155901 4187100
15155103 4187460 15156699 4188540
15155103 4198980 15157041 4200060
15155103 4203300 15156129 4203900
15155103 4206660 15156699 4207740
15155103 4211460 15158865 4212060
15155103 4229700 15156699 4230780
15155103 4237380 15156699 4238460
15155103 4254180 15156813 4254780
15155103 4262820 15155673 4263420
15155103 4280100 15156129 4280700
15155103 4281540 15156129 4282140
15155103 4298820 15156585 4299420
15155103 4318500 15156585 4319100
15155217 4212420 15155673 4213020
15155331 4135620 15155901 4136220
15155331 4155300 15157041 4155900
15155331 4171140 15156357 4171740
15155331 4231140 15156813 4231740
15155331 4234980 15157383 4235580
15155331 4265220 15156927 4266300
15155331 4271940 15156585 4272540
15155331 4306980 15156813 4307580
15155331 4320900 15156357 4321500
15155331 4323300 15157269 4323900
15155331 4327140 15155673 4327740
15155445 4291140 15155673 4291740
15155445 4334340 15157497 4334940
15155445 4335300 15157041 4335900
15155559 4189860 15156585 4190460
15155559 4260420 15157155 4261500
15155559 4269540 15157953 4270140
15155559 4272900 15156585 4273500
15155559 4284420 15157155 4285500
15155559 4297860 15156585 4298460
15155559 4300740 15156585 4301340
15155559 4308420 15157497 4309020
15155673 4250820 15157269 4251420
15155787 4184100 15156585 4184700
15155787 4191300 15156813 4191900
15155787 4218180 15157953 4218780
15155787 4220580 15157269 4221180
15155787 4240740 15156585 4241340
15155787 4244100 15157497 4244700
15155787 4289220 15157497 4289820
15155787 4292100 15156357 4292700
15155787 4305060 15156813 4305660
15155787 4324260 15156585 4324860
15155787 4325700 15156357 4326300
15155787 4351620 15163197 4352220
15155901 4270500 15157497 4271100
15155901 4290660 15156357 4291260
15156015 4161060 15157497 4161660
15156015 4173540 15157041 4174140
15156015 4188900 15157953 4189500
15156015 4309380 15156357 4309980
15156015 4329060 15156813 4329660
15156129 4164420 15157497 4165020
15156129 4214820 15156813 4215420
15156243 4179300 15157269 4179900
15156243 4180260 15157269 4180860
15156243 4185060 15157269 4185660
15156243 4196100 15157953 4196700
15156243 4215780 15157269 4216380
15156243 4216740 15157041 4217340
15156243 4246500 15156813 4247100
15156243 4261860 15157383 4262460
15156243 4282500 15157611 4283100
15156243 4299780 15157269 4300380
15156243 4310340 15157269 4310940
15156243 4327620 15157269 4328220
15156357 4135620 15156585 4136220
15156357 4245060 15157497 4246140
15156471 4205220 15158409 4205820
15156471 4241700 15157953 4242300
15156471 4288260 15157725 4288860
15156471 4291140 15157269 4291740
15156471 4296420 15158067 4297020
15156471 4313700 15157269 4314300
15156585 4148580 15157269 4149180
15156585 4157700 15157953 4158300
15156585 4253220 15160005 4253820
15156699 4170660 15160917 4171260
15156699 4181220 15157611 4181820
15156699 4182660 15157725 4183260
15156699 4186980 15157269 4187580
15156699 4209540 15158295 4210620
15156699 4292100 15157269 4292700
15156699 4295460 15164109 4296060
15156699 4324740 15157497 4325340
15156813 4177860 15157497 4178940
15156813 4207620 15158751 4208220
15156813 4208580 15157839 4209180
15156813 4225380 15158067 4225980
15156813 4254660 15160575 4255260
15156813 4309380 15157725 4309980
15156927 4135620 15157497 4136220
15156927 4145700 15157497 4146300
15156927 4151460 15157953 4152060
15156927 4162020 15159777 4162620
15156927 4183620 15157497 4184220
15156927 4203780 15158067 4204380
15156927 4213380 15157611 4214460
15156927 4232100 15157953 4232700
15156927 4247940 15158751 4248540
15156927 4255620 15157725 4256220
15156927 4257540 15157383 4258140
15156927 4272420 15157611 4273020
15156927 4277700 15157497 4278300
15156927 4278660 15159777 4279260
15156927 4279620 15158865 4280220
15156927 4303620 15159549 4304220
15156927 4312740 15158637 4313340
15156927 4314660 15158637 4315260
15156927 4315620 15158865 4316220
15156927 4317540 15162513 4318140
15156927 4319460 15157497 4320060
15156927 4328580 15157953 4329180
15156927 4329540 15157725 4330140
15157041 4143780 15158637 4144380
15157041 4175460 15157497 4176060
15157041 4212420 15157953 4213020
15157155 4138020 15160917 4138620
15157155 4138980 15160917 4139580
15157155 4142340 15157953 4142940
15157155 4147620 15157497 4148220
15157155 4150500 15158181 4151100
15157155 4153860 15159321 4154460
15157155 4165380 15159093 4165980
15157155 4166340 15158865 4166940
15157155 4190340 15157953 4190940
15157155 4192740 15158865 4193340
15157155 4197060 15159093 4197660
15157155 4200420 15164565 4201020
15157155 4222020 15157497 4223100
15157155 4224420 15160005 4225020
15157155 4227300 15158181 4227900
15157155 4229220 15159663 4229820
15157155 4233060 15157497 4233660
15157155 4240260 15157725 4240860
15157155 4242660 15158409 4243260
15157155 4246980 15157725 4247580
15157155 4249380 15158409 4249980
15157155 4252260 15159093 4252860
15157155 4258500 15159321 4259100
15157155 4259940 15159093 4260540
15157155 4264740 15157953 4265340
15157155 4280580 15158751 4281180
15157155 4281540 15157725 4282140
15157155 4283460 15157497 4284540
15157155 4286340 15157497 4287420
15157155 4290180 15158523 4290780
15157155 4297860 15158067 4298460
15157155 4305540 15158865 4306140
15157155 4306500 15158523 4307100
15157155 4311300 15158181 4311900
15157155 4316580 15157725 4317180
15157155 4320420 15157953 4321020
15157155 4321860 15157725 4322940
15157269 4294500 15157725 4295100
15157383 4141380 15158523 4141980
15157383 4149060 15159549 4150140
15157383 4154820 15159549 4155900
15157383 4172100 15159549 4175100
15157383 4191300 15159777 4192380
15157383 4250820 15162057 4251900
15157383 4256580 15157725 4257660
15157383 4298820 15159549 4299900
15157611 4186500 15158637 4187100
15157611 4199460 15158979 4200060
15157611 4201380 15158067 4201980
15157611 4214340 15159321 4214940
15157611 4243620 15158637 4244220
15157611 4273380 15158637 4273980
15157611 4304580 15158637 4305180
15157611 4323780 15159549 4324380
15157725 4202820 15158067 4203420
15157839 4181700 15158637 4182300
15157839 4187460 15159435 4188540
15157839 4193700 15159777 4194300
15157839 4206180 15159093 4206780
15157839 4285860 15159093 4286460
15157839 4292100 15158865 4292700
15157839 4308420 15159093 4309020
15157839 4310340 15158637 4310940
15157839 4322820 15159321 4323420
15157839 4326660 15159435 4327740
15157953 4142340 15159549 4143420
15157953 4263300 15159549 4264380
15158067 4160100 15158637 4160700
15158067 4175460 15159321 4176060
15158067 4176900 15159321 4177500
15158067 4183140 15159321 4183740
15158067 4185060 15159321 4185660
15158067 4226340 15159207 4226940
15158067 4228260 15158865 4228860
15158067 4230660 15160917 4231260
15158067 4239300 15158865 4239900
15158067 4246500 15158865 4247100
15158067 4325700 15159093 4326300
15158181 4271460 15160119 4272060
15158295 4168260 15159093 4169340
15158295 4178820 15159321 4179420
15158295 4179780 15159435 4180380
15158295 4189860 15159549 4190460
15158295 4196100 15158523 4196700
15158295 4198500 15159549 4199100
15158295 4233060 15159321 4233660
15158295 4236420 15159549 4237020
15158295 4237380 15159549 4237980
15158295 4240260 15159321 4240860
15158295 4269540 15159663 4270140
15158295 4277700 15159321 4278300
15158295 4328580 15159549 4329180
15158409 4209060 15159321 4209660
15158409 4324740 15158637 4325340
15158409 4329540 15159549 4330140
15158523 4148100 15159321 4148700
15158523 4150500 15159549 4151100
15158523 4156260 15160461 4156860
15158523 4215300 15159549 4215900
15158523 4217220 15159549 4217820
15158523 4227300 15159093 4227900
15158523 4232100 15159777 4232700
15158523 4234500 15159777 4235100
15158523 4257540 15159549 4258140
15158523 4266180 15159321 4266780
15158523 4281540 15160461 4282140
15158523 4284420 15159093 4285020
15158523 4290180 15159549 4290780
15158523 4291140 15159549 4291740
15158523 4294500 15159549 4295100
15158523 4306500 15159549 4307100
15158523 4320900 15159777 4321500
15158637 4182180 15159321 4182780
15158751 4151940 15159777 4152540
15158751 4157220 15159663 4157820
15158751 4186020 15160347 4186620
15158751 4212420 15159777 4213020
15158751 4222980 15159549 4223580
15158751 4235460 15159549 4236060
15158751 4261860 15162513 4262460
15158751 4272900 15160461 4273500
15158751 4280580 15159549 4281180
15158751 4288740 15159549 4289340
15158751 4300740 15160005 4301340
15158751 4319940 15159777 4320540
15158865 4283460 15160461 4284060
15158865 4304580 15159549 4305180
15158979 4137060 15160689 4137660
15158979 4163940 15160461 4164540
15158979 4169700 15159777 4170300
15158979 4181220 15161487 4181820
15158979 4194660 15159777 4195260
15158979 4205220 15163197 4205820
15158979 4238340 15159663 4238940
15158979 4243140 15160575 4244220
15158979 4282500 15161829 4283100
15158979 4305540 15159435 4306140
15158979 4310340 15164565 4310940
15158979 4312260 15159663 4312860
15158979 4315140 15160917 4315740
15159093 4246980 15160689 4247580
15159093 4255620 15160005 4256220
15159093 4287300 15159549 4287900
15159093 4309380 15159549 4309980
15159093 4316580 15159549 4317180
15159207 4140900 15160233 4141500
15159207 4143780 15161145 4144380
15159207 4195620 15160461 4196220
15159207 4218180 15160917 4218780
15159207 4248420 15160233 4249020
15159207 4314180 15160005 4314780
15159321 4158180 15163653 4158780
15159321 4207140 15163083 4207740
15159321 4216260 15159549 4216860
15159321 4241220 15159777 4241820
15159321 4273860 15160005 4274940
15159435 4144740 15161373 4145340
15159435 4145700 15160461 4146300
15159435 4152900 15161373 4153500
15159435 4159620 15161145 4160220
15159435 4161060 15161145 4161660
15159435 4162980 15160233 4163580
15159435 4164900 15165021 4165500
15159435 4167300 15160233 4167900
15159435 4175940 15161373 4176540
15159435 4178340 15161031 4178940
15159435 4184580 15160233 4185180
15159435 4197060 15159777 4197660
15159435 4199460 15159777 4200060
15159435 4201860 15162285 4202460
15159435 4202820 15160917 4203420
15159435 4203780 15160005 4204860
15159435 4210980 15161145 4211580
15159435 4225380 15163197 4225980
15159435 4233060 15160233 4233660
15159435 4249380 15160689 4249980
15159435 4267140 15161373 4267740
15159435 4268100 15160005 4269180
15159435 4270500 15160233 4271100
15159435 4284900 15161145 4285500
15159435 4292100 15161373 4292700
15159435 4296900 15160005 4297980
15159435 4308420 15160233 4309020
15159435 4324740 15160233 4325340
15159435 4330500 15159777 4331100
15159435 4332420 15160005 4333500
15159435 4333860 15181437 4334460
15159435 4334820 15174141 4335420
15159549 4180260 15159777 4180860
15159549 4213380 15161145 4214460
15159549 4236900 15159777 4237500
15159549 4358820 15159777 4359420
15159549 4374180 15161145 4374780
15159663 4173540 15162057 4174140
15159663 4179300 15161601 4179900
15159663 4209540 15161829 4210620
15159663 4222020 15164337 4223100
15159663 4245060 15161829 4246140
15159663 4259460 15161829 4260540
15159663 4265220 15160689 4265820
15159663 4277220 15160689 4277820
15159663 4303140 15161373 4303740
15159663 4316100 15160233 4316700
15159663 4328100 15160689 4328700
15159663 4329060 15160689 4329660
15159777 4182660 15161373 4183740
15159891 4134660 15161487 4135740
15159891 4147140 15161487 4148220
15159891 4149540 15161601 4150140
15159891 4154340 15160917 4154940
15159891 4187460 15161487 4188540
15159891 4189380 15160461 4189980
15159891 4216260 15160689 4216860
15159891 4226820 15160347 4227420
15159891 4235940 15160917 4236540
15159891 4239300 15162285 4240380
15159891 4252260 15160917 4252860
15159891 4256580 15162057 4257660
15159891 4279620 15161487 4280700
15159891 4288260 15160461 4288860
15159891 4290660 15160461 4291260
15159891 4301700 15162057 4302780
15159891 4309380 15160233 4309980
15159891 4311300 15160461 4311900
15159891 4321860 15161487 4322940
15159891 4330020 15160917 4330620
15160005 4141860 15160347 4142460
15160119 4148580 15162057 4149180
15160119 4171620 15162057 4172220
15160119 4172580 15162057 4173180
15160119 4192260 15161145 4192860
15160119 4214820 15161031 4215420
15160119 4217220 15161259 4217820
15160119 4223940 15160917 4224540
15160119 4271940 15162057 4272540
15160119 4278180 15160575 4278780
15160119 4287300 15160575 4287900
15160119 4293060 15160917 4293660
15160119 4294500 15160689 4295100
15160119 4306020 15160917 4306620
15160119 4319940 15161715 4321020
15160119 4326180 15160917 4326780
15160233 4237860 15161601 4238460
15160233 4247940 15161829 4249020
15160233 4327140 15160461 4327740
15160233 4358820 15167643 4359420
15160347 4142340 15161943 4143420
15160347 4166340 15162855 4166940
15160347 4208580 15161601 4209180
15160347 4325220 15161145 4325820
15160461 4162500 15162057 4163580
15160461 4298820 15162057 4299900
15160575 4155300 15161601 4155900
15160575 4233060 15161601 4233660
15160575 4240740 15162285 4241340
15160575 4258500 15161031 4259100
15160575 4281060 15161601 4281660
15160575 4308420 15162171 4309020
15160575 4324260 15162057 4324860
15160689 4146180 15162855 4146780
15160689 4180260 15162171 4180860
15160689 4195620 15161031 4196220
15160689 4236900 15164451 4237500
15160689 4289220 15161373 4289820
15160803 4140420 15161373 4141020
15160803 4168740 15161373 4169340
15160803 4188900 15162285 4189500
15160803 4189860 15162855 4190460
15160803 4196580 15162057 4197180
15160803 4198020 15161031 4198620
15160803 4220580 15161829 4221180
15160803 4249860 15161943 4250460
15160803 4269060 15161829 4269660
15160803 4294020 15161943 4294620
15160803 4309380 15162741 4309980
15160803 4316100 15162171 4316700
15160917 4216260 15161373 4216860
15160917 4255620 15162513 4256220
15161031 4136580 15165249 4137180
15161031 4138500 15162285 4139100
15161031 4150980 15162285 4151580
15161031 4157220 15162741 4157820
15161031 4163940 15163197 4164540
15161031 4167300 15162057 4167900
15161031 4184100 15162627 4184700
15161031 4228260 15162285 4228860
15161031 4229220 15162513 4229820
15161031 4235460 15161487 4236060
15161031 4246500 15161829 4247100
15161031 4265220 15161601 4265820
15161031 4306500 15162285 4307100
15161031 4312260 15161601 4313340
15161031 4318980 15162057 4319580
15161145 4197540 15162171 4198140
15161145 4258020 15161601 4258620
15161259 4195140 15162969 4195740
15161259 4203300 15162741 4203900
15161259 4263300 15162057 4263900
15161259 4330980 15162057 4331580
15161373 4139460 15162171 4140540
15161373 4276260 15162057 4276860
15161373 4314660 15162855 4315260
15161373 4360740 15176079 4361340
15161373 4365540 15176079 4366140
15161373 4370340 15176079 4370940
15161373 4374660 15165249 4375260
15161373 4375620 15165249 4376220
15161373 4379940 15176079 4380540
15161373 4384740 15176079 4385340
15161373 4389540 15176079 4390140
15161373 4394340 15176079 4394940
15161487 4170660 15162057 4171260
15161487 4186500 15163083 4187580
15161487 4211460 15162285 4212060
15161487 4213380 15163197 4213980
15161487 4218660 15162969 4219260
15161487 4223940 15162285 4224540
15161487 4270020 15163197 4270620
15161487 4270980 15163197 4271580
15161487 4278660 15162285 4279740
15161487 4328100 15162285 4328700
15161601 4137540 15162285 4138140
15161601 4215780 15162627 4216380
15161601 4258500 15162285 4259100
15161715 4151940 15163881 4152540
15161715 4154820 15162513 4155420
15161715 4160580 15162285 4161660
15161715 4185540 15164565 4186140
15161715 4190820 15162969 4191420
15161715 4193220 15162855 4194300
15161715 4199460 15162969 4200060
15161715 4206180 15164565 4206780
15161715 4208100 15162741 4208700
15161715 4217220 15162285 4217820
15161715 4219620 15164565 4220220
15161715 4226820 15164565 4227420
15161715 4230180 15163653 4230780
15161715 4232100 15164565 4232700
15161715 4234980 15163311 4235580
15161715 4242660 15163425 4243260
15161715 4264740 15164565 4265340
15161715 4266660 15162741 4267260
15161715 4285860 15162969 4286460
15161715 4329540 15162513 4330140
15161829 4272900 15162855 4273500
15161829 4282020 15164337 4282620
15161829 4283940 15164679 4284540
15161829 4290660 15162855 4291260
15161829 4326660 15162855 4327260
15161943 4150020 15163881 4150620
15161943 4174500 15183945 4175100
15161943 4175940 15163653 4176540
15161943 4176900 15164109 4177500
15161943 4204260 15162741 4204860
15161943 4209060 15162741 4209660
15161943 4214820 15162855 4215420
15161943 4221060 15162969 4221660
15161943 4234020 15162741 4234620
15161943 4244100 15162399 4244700
15161943 4248900 15162741 4249980
15161943 4252260 15162855 4252860
15161943 4253700 15162855 4254780
15161943 4260420 15162855 4261500
15161943 4277700 15164337 4278300
15161943 4286820 15162285 4287420
15161943 4297380 15163197 4297980
15161943 4303620 15163653 4304220
15161943 4319940 15162513 4320540
15161943 4320900 15162513 4321500
15161943 4321860 15162513 4322460
15161943 4325220 15163425 4325820
15161943 4332900 15162969 4333500
15162171 4140420 15165021 4141020
15162171 4141380 15164337 4142460
15162171 4142820 15162969 4143420
15162171 4148100 15164337 4149180
15162171 4171140 15163197 4171740
15162171 4177860 15164337 4178940
15162171 4181700 15164337 4182780
15162171 4198500 15163311 4199100
15162171 4235940 15162969 4236540
15162171 4293060 15164109 4294140
15162171 4298340 15163881 4298940
15162171 4300260 15162741 4300860
15162171 4323780 15162741 4324380
15162171 4331460 15164337 4332540
15162285 4216740 15162741 4217340
15162399 4263300 15163881 4263900
15162399 4287300 15163995 4290300
15162513 4267620 15163881 4268220
15162627 4143780 15163197 4144380
15162627 4144740 15162855 4145340
15162627 4147140 15163425 4147740
15162627 4152900 15164223 4153980
15162627 4172100 15164565 4172700
15162627 4183620 15163197 4184220
15162627 4210500 15162855 4211100
15162627 4211940 15168213 4212540
15162627 4250340 15163881 4250940
15162627 4257060 15164565 4257660
15162627 4258020 15164565 4258620
15162627 4265700 15163995 4266300
15162627 4269060 15163653 4269660
15162627 4306020 15163197 4306620
15162627 4321380 15162855 4321980
15162741 4162500 15164337 4163580
15162741 4167300 15164337 4168380
15162741 4273860 15164337 4274940
15162741 4307460 15164337 4308540
15162741 4322820 15164337 4323900
15162741 4338180 15164679 4338780
15162741 4339140 15164679 4339740
15162855 4161540 15163653 4162140
15162855 4192740 15163653 4193340
15162855 4196580 15163995 4197180
15162855 4203300 15163881 4203900
15162855 4215780 15163995 4216380
15162855 4238340 15163881 4238940
15162855 4275780 15163653 4276380
15162855 4291620 15163425 4292220
15162855 4300740 15164223 4301340
15162855 4311300 15163425 4311900
15162855 4328100 15170265 4328700
15162969 4154340 15163311 4154940
15162969 4156260 15163311 4156860
15162969 4208580 15163311 4209180
15162969 4312740 15170379 4313340
15163083 4145220 15163653 4145820
15163083 4246980 15164109 4247580
15163083 4272900 15163881 4273500
15163083 4299780 15164337 4300380
15163083 4313700 15164337 4314300
15163083 4319940 15165249 4320540
15163083 4329540 15163881 4330140
15163083 4347780 15165021 4348380
15163197 4170660 15163425 4171260
15163197 4183140 15164337 4183740
15163197 4205220 15164337 4205820
15163197 4213380 15164337 4213980
15163197 4224900 15163653 4225500
15163311 4155780 15163881 4156380
15163311 4160100 15165021 4160700
15163311 4234980 15164337 4235580
15163311 4301700 15164337 4302300
15163539 4165860 15164451 4166460
15163539 4180260 15165705 4180860
15163539 4190820 15166389 4191420
15163539 4221060 15165249 4221660
15163539 4242180 15163767 4242780
15163539 4243140 15165249 4243740
15163539 4245540 15164565 4246140
15163539 4249380 15165705 4249980
15163539 4259460 15164337 4260060
15163539 4270980 15164337 4271580
15163539 4308900 15178245 4309500
15163539 4316580 15165021 4317180
15163653 4184580 15165249 4185180
15163653 4198980 15163881 4199580
15163767 4142820 15165021 4143420
15163767 4157700 15164793 4158300
15163767 4175460 15164337 4176060
15163767 4192260 15164565 4192860
15163767 4218660 15164337 4219260
15163767 4223460 15164565 4224060
15163767 4253220 15165933 4253820
15163767 4255620 15165021 4256220
15163767 4270020 15165249 4270620
15163881 4229220 15166389 4229820
15163881 4241220 15164565 4241820
15163881 4272420 15164337 4273020
15163995 4145220 15165249 4145820
15163995 4155300 15166845 4155900
15163995 4170180 15165249 4170780
15163995 4297380 15166617 4297980
15164109 4173060 15165249 4173660
15164109 4197060 15164565 4197660
15164109 4204260 15164565 4204860
15164109 4216740 15164793 4217340
15164109 4234020 15167871 4234620
15164109 4315140 15165249 4315740
15164109 4317540 15165021 4318140
15164109 4318980 15165249 4319580
15164109 4324260 15165021 4324860
15164223 4135620 15165021 4136220
15164223 4137540 15166617 4138140
15164223 4138500 15165249 4139100
15164223 4143780 15164793 4144380
15164223 4146180 15166617 4146780
15164223 4149540 15165933 4150140
15164223 4151460 15164565 4152060
15164223 4152420 15164793 4153020
15164223 4154340 15166845 4154940
15164223 4156260 15166731 4156860
15164223 4159140 15167301 4159740
15164223 4161060 15165477 4161660
15164223 4163940 15167301 4164540
15164223 4169220 15165021 4169820
15164223 4179300 15167073 4179900
15164223 4187940 15165249 4188540
15164223 4188900 15165249 4189500
15164223 4189860 15165477 4190460
15164223 4193220 15166617 4194780
15164223 4198020 15166617 4198620
15164223 4198980 15165021 4199580
15164223 4201380 15165933 4201980
15164223 4203300 15165705 4203900
15164223 4208580 15166617 4209180
15164223 4209540 15166617 4210140
15164223 4210500 15164565 4211100
15164223 4214340 15166617 4214940
15164223 4217700 15165819 4218300
15164223 4224420 15165021 4225020
15164223 4227780 15164451 4228380
15164223 4231140 15165705 4231740
15164223 4233060 15166389 4233660
15164223 4237860 15165705 4238460
15164223 4239780 15165705 4240380
15164223 4242180 15164565 4242780
15164223 4244580 15165249 4245180
15164223 4246500 15166503 4247100
15164223 4248420 15165705 4249020
15164223 4250340 15165477 4250940
15164223 4251300 15167073 4251900
15164223 4254180 15165021 4254780
15164223 4260420 15166617 4261980
15164223 4262340 15165021 4262940
15164223 4266660 15167073 4267260
15164223 4268100 15166617 4268700
15164223 4275300 15165249 4275900
15164223 4278660 15165249 4279260
15164223 4279620 15165249 4280220
15164223 4280580 15166617 4281180
15164223 4288740 15164793 4289340
15164223 4290660 15165249 4291260
15164223 4291620 15166161 4292220
15164223 4293060 15165021 4293660
15164223 4294500 15165705 4295100
15164223 4296420 15166161 4297020
15164223 4303140 15165249 4303740
15164223 4304100 15167073 4304700
15164223 4305060 15165249 4305660
15164223 4306020 15167985 4306620
15164223 4320900 15165021 4321500
15164223 4325220 15182577 4325820
15164223 4327140 15165021 4327740
15164223 4329060 15182577 4329660
15164337 4195140 15165249 4195740
15164337 4287780 15165705 4288380
15164451 4150500 15165477 4151100
15164451 4153380 15165477 4153980
15164451 4181220 15165477 4181820
15164451 4186500 15165021 4187100
15164451 4205220 15165819 4205820
15164451 4207140 15165591 4207740
15164451 4215780 15165591 4216380
15164451 4230180 15165249 4230780
15164451 4263780 15165477 4264380
15164451 4265700 15165933 4266300
15164451 4270980 15165249 4271580
15164451 4273380 15165477 4273980
15164451 4281540 15165249 4282620
15164451 4285380 15165021 4285980
15164451 4342020 15165249 4342620
15164451 4352100 15182805 4352700
15164451 4355460 15165249 4356060
15164565 4342980 15166617 4343580
15164565 4344900 15166617 4345500
15164565 4348740 15166617 4349340
15164679 4235940 15165705 4236540
15164679 4236900 15166617 4237500
15164679 4238820 15166617 4239420
15164679 4256580 15165249 4257180
15164679 4272420 15165819 4273020
15164679 4277700 15165249 4278300
15164679 4322340 15183033 4322940
15164679 4332420 15165249 4333020
15164793 4143780 15165249 4144380
15164793 4242180 15166617 4242780
15164793 4289220 15166617 4289820
15164907 4141380 15166617 4141980
15164907 4148100 15166617 4148700
15164907 4162500 15166617 4163100
15164907 4168260 15166617 4168860
15164907 4176900 15166617 4177500
15164907 4192260 15166617 4192860
15164907 4197060 15166617 4197660
15164907 4218660 15165477 4219260
15164907 4227780 15166617 4228380
15164907 4258020 15166617 4258620
15164907 4276740 15166617 4277340
15164907 4283460 15166617 4284060
15164907 4301700 15166617 4302300
15164907 4330980 15179613 4331580
15164907 4336260 15166617 4336860
15164907 4343940 15166617 4344540
15165135 4157700 15167073 4158300
15165135 4166820 15166845 4167420
15165135 4171140 15166617 4172700
15165135 4182660 15166617 4183260
15165135 4183620 15167073 4184220
15165135 4210500 15166617 4211100
15165135 4222500 15166389 4223100
15165135 4224900 15166617 4225500
15165135 4226820 15166617 4227420
15165135 4240740 15166617 4241340
15165135 4255140 15167985 4255740
15165135 4274340 15165705 4274940
15165135 4284420 15166617 4285020
15165135 4310340 15166617 4311900
15165135 4317060 15173913 4317660
15165135 4323300 15179841 4323900
15165135 4337220 15166617 4337820
15165363 4139940 15166161 4140540
15165363 4142820 15169125 4143420
15165363 4151460 15166389 4152060
15165363 4165860 15166845 4166460
15165363 4186020 15169125 4186620
15165363 4223460 15169125 4224060
15165363 4232100 15166389 4232700
15165363 4264740 15166845 4265340
15165363 4292580 15165933 4293180
15165363 4299300 15166389 4299900
15165477 4200420 15169239 4201020
15165477 4204260 15165933 4204860
15165477 4256100 15166959 4256700
15165477 4271460 15167985 4272060
15165591 4136100 15167301 4136700
15165591 4143780 15166617 4144380
15165591 4160100 15168441 4160700
15165591 4164900 15169809 4165500
15165591 4189860 15166389 4190460
15165591 4221540 15166389 4222140
15165591 4247460 15166617 4248060
15165591 4258980 15169353 4259580
15165591 4286820 15167073 4287420
15165591 4298340 15166845 4298940
15165591 4320420 15183945 4321020
15165705 4206180 15166845 4206780
15165705 4216740 15166731 4217340
15165705 4274340 15166845 4274940
15165705 4300260 15168099 4300860
15165819 4150500 15167073 4151100
15165819 4169700 15167073 4170300
15165819 4178340 15168213 4178940
15165819 4212900 15167529 4213500
15165819 4252260 15180525 4252860
15166047 4144740 15167301 4145340
15166047 4186980 15169809 4187580
15166047 4195620 15167301 4196220
15166047 4207140 15167073 4207740
15166047 4218660 15168897 4219260
15166047 4234980 15166617 4235580
15166047 4282020 15166503 4282620
15166047 4294500 15166503 4295100
15166047 4306980 15180753 4307580
15166161 4201380 15167073 4201980
15166275 4219620 15167073 4221180
15166275 4245540 15166845 4246140
15166275 4250340 15166845 4250940
15166275 4269540 15167985 4270140
15166275 4279140 15169353 4279740
15166503 4139460 15167529 4140060
15166503 4140420 15167187 4141020
15166503 4149060 15167073 4149660
15166503 4151940 15167985 4152540
15166503 4152900 15167187 4153500
15166503 4161540 15169581 4162140
15166503 4180260 15167985 4180860
15166503 4181220 15169353 4181820
15166503 4184580 15170265 4185180
15166503 4188420 15167073 4189500
15166503 4191300 15167301 4191900
15166503 4198980 15167985 4199580
15166503 4203780 15168441 4204380
15166503 4215300 15167529 4215900
15166503 4222020 15167415 4222620
15166503 4225860 15170265 4226460
15166503 4228740 15167757 4229340
15166503 4230660 15167301 4231260
15166503 4231620 15167187 4232220
15166503 4232580 15167073 4233180
15166503 4237860 15166959 4238460
15166503 4243140 15170265 4243740
15166503 4244100 15181209 4244700
15166503 4248900 15166959 4249500
15166503 4253220 15167529 4253820
15166503 4262340 15167301 4262940
15166503 4272900 15166959 4273500
15166503 4275780 15169125 4276380
15166503 4277700 15167529 4278300
15166503 4282500 15167985 4283100
15166503 4285380 15166845 4285980
15166503 4288260 15168441 4288860
15166503 4290180 15167073 4291260
15166503 4293060 15168669 4293660
15166503 4294020 15170265 4294620
15166503 4295940 15167529 4296540
15166503 4318020 15195801 4319580
15166503 4395780 15195801 4396380
15166617 4217700 15167073 4218300
15166617 4241700 15167073 4242300
15166731 4210020 15167529 4210620
15166731 4210980 15167529 4211580
15166731 4257060 15169581 4257660
15166731 4265700 15167187 4266300
15166731 4281060 15167073 4281660
15166845 4147620 15167985 4148220
15166845 4156260 15167985 4156860
15166959 4146180 15168555 4147260
15166959 4154340 15168099 4154940
15166959 4167780 15168897 4168380
15166959 4172580 15167301 4173180
15166959 4176900 15169125 4177980
15166959 4193220 15169125 4194300
15166959 4194660 15167529 4195260
15166959 4204740 15169125 4205820
15166959 4208580 15169125 4209660
15166959 4216740 15168099 4217340
15166959 4239780 15168099 4240380
15166959 4268100 15169125 4269180
15166959 4301220 15168213 4301820
15167073 4226820 15167529 4227420
15167073 4266660 15167529 4267260
15167073 4294980 15167529 4295580
15167187 4155300 15168213 4155900
15167187 4171140 15167985 4171740
15167187 4192260 15170151 4192860
15167187 4197060 15168783 4198140
15167187 4201860 15168897 4202460
15167187 4206660 15169125 4207260
15167187 4236420 15168783 4239420
15167187 4250820 15168783 4251900
15167187 4260420 15168783 4261500
15167187 4283940 15167529 4284540
15167301 4170180 15168669 4170780
15167301 4182660 15168897 4183740
15167415 4141860 15171177 4142460
15167415 4144740 15167985 4145340
15167415 4162500 15168555 4163100
15167415 4165860 15170037 4166460
15167415 4179300 15171177 4179900
15167415 4196100 15171177 4196700
15167415 4214340 15169695 4214940
15167415 4221540 15167985 4222140
15167415 4232580 15167985 4233180
15167415 4247940 15168441 4248540
15167415 4249860 15182121 4250460
15167415 4274340 15168555 4274940
15167415 4280100 15169125 4280700
15167415 4285380 15168441 4285980
15167415 4289220 15168897 4289820
15167415 4296900 15169011 4299900
15167415 4302180 15168783 4302780
15167643 4173060 15182349 4173660
15167643 4217700 15171405 4218300
15167643 4227300 15168099 4227900
15167643 4246020 15196941 4246620
15167643 4246980 15168213 4247580
15167643 4253700 15182349 4254300
15167643 4270500 15168099 4271100
15167871 4138980 15169581 4139580
15167871 4220580 15169353 4221180
15167871 4224420 15169125 4225020
15167871 4240740 15169011 4241340
15167871 4241700 15169239 4242300
15167871 4261860 15171633 4262460
15167871 4263780 15168441 4264380
15167871 4281060 15168099 4281660
15167871 4295460 15168669 4296060
15167985 4147620 15169125 4148220
15167985 4215780 15168669 4216380
15167985 4271940 15168441 4272540
15167985 4277220 15169581 4277820
15168099 4150980 15169125 4151580
15168099 4189860 15169125 4190460
15168099 4228740 15169125 4229340
15168099 4231140 15170493 4231740
15168099 4235460 15169581 4236060
15168099 4239780 15169125 4240380
15168099 4266180 15169353 4266780
15168099 4269540 15169125 4270140
15168327 4143780 15168669 4144380
15168327 4198980 15169125 4199580
15168327 4221540 15173913 4222140
15168327 4232100 15169353 4232700
15168327 4248900 15169581 4249500
15168327 4255620 15168669 4256700
15168327 4282500 15169125 4283100
15168327 4291620 15169239 4292220
15168327 4305540 15169125 4306140
15168441 4145220 15169353 4145820
15168441 4158660 15169581 4159740
15168441 4211460 15169581 4212060
15168555 4146180 15170151 4147260
15168555 4151940 15170151 4153020
15168555 4153380 15169809 4153980
15168555 4155300 15174141 4155900
15168555 4246980 15170151 4248060
15168555 4265220 15169353 4265820
15168669 4135620 15183375 4136700
15168669 4163460 15169809 4164540
15168669 4172100 15197967 4172700
15168669 4213380 15172089 4213980
15168669 4233540 15169581 4234140
15168669 4287300 15170949 4287900
15168669 4361700 15183375 4362300
15168783 4160100 15171633 4160700
15168783 4180260 15170493 4180860
15168783 4255140 15183489 4255740
15168783 4267140 15169353 4267740
15168783 4271460 15169581 4272060
15168783 4303140 15171861 4303740
15168897 4274820 15169581 4275420
15168897 4283460 15169809 4284540
15168897 4300740 15169581 4301340
15169011 4143780 15169809 4144380
15169011 4149540 15171861 4150140
15169011 4154340 15170037 4154940
15169011 4178340 15170949 4178940
15169011 4201380 15170721 4201980
15169011 4202820 15171861 4203420
15169011 4219620 15170721 4220220
15169011 4230180 15170721 4230780
15169011 4270500 15170607 4271100
15169011 4281060 15170493 4281660
15169011 4294980 15169809 4295580
15169011 4301700 15170721 4302300
15169011 4304580 15171633 4305180
15169125 4197060 15170721 4198140
15169125 4208580 15170721 4209660
15169125 4238340 15170721 4239420
15169125 4272900 15170721 4273980
15169239 4167300 15170265 4167900
15169239 4185540 15173913 4186620
15169239 4205700 15173913 4206780
15169239 4222980 15173913 4224060
15169239 4278180 15171747 4278780
15169239 4284900 15170265 4285500
15169239 4289700 15169581 4290300
15169239 4292100 15170265 4292700
15169467 4168260 15171177 4168860
15169467 4181700 15169923 4182300
15169467 4264260 15171861 4265340
15169467 4267620 15171177 4268220
15169467 4280100 15170493 4280700
15169467 4288260 15170493 4288860
15169467 4297380 15170493 4297980
15169581 4215780 15169923 4216380
15169695 4144740 15170037 4145340
15169695 4148100 15170721 4148700
15169695 4183620 15172545 4184220
15169695 4190820 15171633 4191420
15169695 4218660 15173457 4219260
15169695 4226820 15171291 4227900
15169695 4239780 15177105 4240380
15169695 4258980 15171405 4259580
15169695 4271940 15169923 4272540
15169695 4275780 15171291 4276860
15169695 4277220 15170151 4277820
15169695 4298340 15173457 4298940
15169695 4299780 15170949 4300380
15169923 4150980 15170835 4151580
15169923 4176900 15184629 4177500
15169923 4181700 15170607 4182300
15169923 4214340 15170949 4214940
15169923 4268580 15171405 4269180
15170037 4156260 15171177 4156860
15170037 4162500 15171633 4163580
15170037 4256100 15181095 4256700
15170037 4336740 15181095 4337340
15170151 4143780 15181209 4144380
15170151 4189380 15171405 4189980
15170151 4210500 15172089 4211100
15170265 4144740 15181323 4145340
15170265 4233060 15172773 4233660
15170265 4282020 15170493 4282620
15170379 4146180 15174597 4146780
15170379 4147140 15170949 4147740
15170379 4152900 15171633 4153500
15170379 4193700 15171861 4194300
15170379 4207140 15172545 4207740
15170379 4228740 15171405 4229340
15170379 4240740 15170949 4241340
15170379 4257060 15171747 4257660
15170379 4265700 15170949 4266300
15170379 4271460 15170949 4272060
15170379 4294980 15171405 4295580
15170493 4280100 15171633 4280700
15170493 4281060 15171633 4281660
15170607 4164900 15171861 4165500
15170607 4241700 15178017 4242300
15170607 4242660 15178017 4243260
15170607 4277220 15171633 4277820
15170607 4291620 15171861 4292220
15170721 4296900 15171633 4297500
15170835 4138980 15171291 4139580
15170835 4170180 15171291 4170780
15170835 4184580 15172545 4185180
15170835 4259940 15172203 4260540
15170835 4294020 15173229 4294620
15170949 4211460 15172089 4212540
15170949 4289220 15171861 4290300
15171063 4150500 15171861 4151100
15171063 4177860 15171861 4178940
15171063 4180740 15172317 4181340
15171063 4182180 15172089 4182780
15171063 4209540 15173913 4210140
15171063 4225380 15172089 4225980
15171063 4236420 15171633 4237020
15171063 4282980 15176649 4283580
15171177 4142340 15185883 4142940
15171177 4163940 15173685 4164540
15171177 4194660 15174939 4195260
15171177 4216260 15173457 4216860
15171177 4286340 15171861 4287420
15171291 4167780 15172773 4168380
15171291 4196580 15175053 4197180
15171291 4214340 15172317 4214940
15171291 4231620 15172545 4232220
15171291 4238340 15172089 4238940
15171291 4266180 15172317 4266780
15171291 4271940 15173229 4272540
15171291 4282020 15171861 4282620
15171405 4269540 15171861 4270140
15171519 4148100 15175281 4148700
15171519 4156740 15174369 4157340
15171519 4157700 15174369 4159260
15171519 4161540 15172545 4162140
15171519 4169220 15171861 4170300
15171519 4188420 15173001 4189020
15171519 4192260 15172203 4193340
15171519 4195620 15174369 4196220
15171519 4197540 15172317 4198140
15171519 4199460 15172773 4200060
15171519 4200420 15173229 4201020
15171519 4203780 15173001 4204380
15171519 4204740 15172545 4205340
15171519 4208100 15172317 4208700
15171519 4217220 15172545 4217820
15171519 4227780 15173229 4228380
15171519 4229700 15172203 4230300
15171519 4230660 15175281 4231260
15171519 4234020 15182577 4234620
15171519 4258020 15182577 4258620
15171519 4260900 15172317 4261500
15171519 4262820 15172317 4263420
15171519 4268100 15172317 4268700
15171519 4270980 15172887 4271580
15171519 4273860 15171747 4274460
15171519 4275780 15172089 4276380
15171519 4288260 15172773 4288860
15171519 4290660 15173913 4291260
15171519 4294980 15172317 4295580
15171519 4295940 15172545 4296540
15171519 4299780 15186225 4300380
15171519 4301220 15173115 4301820
15171747 4153860 15173913 4154940
15171747 4165860 15173685 4166460
15171747 4166820 15172887 4167420
15171747 4179300 15172203 4179900
15171747 4224420 15173001 4225020
15171747 4279620 15173913 4280700
15171747 4355940 15182805 4356540
15171975 4170660 15173913 4171260
15171975 4189380 15172545 4189980
15171975 4263780 15172545 4264380
15172203 4179300 15172659 4179900
15172203 4201380 15173799 4201980
15172203 4202820 15172887 4203420
15172203 4237380 15175053 4237980
15172203 4257060 15183261 4257660
15172203 4261860 15183261 4262460
15172203 4281060 15173913 4281660
15172203 4296900 15173799 4297980
15172317 4250820 15173001 4251420
15172431 4152420 15173229 4153020
15172431 4162980 15173457 4163580
15172431 4182660 15173913 4183260
15172431 4235940 15183489 4236540
15172431 4269060 15173229 4269660
15172431 4270020 15173799 4270620
15172431 4276740 15173001 4277340
15172545 4275300 15173001 4275900
15172659 4162020 15173799 4162620
15172659 4187460 15173913 4188060
15172659 4193700 15174255 4194300
15172659 4259460 15180069 4260060
15172659 4266180 15187365 4266780
15172659 4267620 15173913 4268220
15172659 4282020 15172887 4282620
15172659 4287300 15173913 4287900
15172659 4295940 15173799 4296540
15172773 4183620 15173913 4184220
15172773 4217700 15173913 4218300
15172773 4225860 15173913 4226460
15172887 4166820 15173913 4167420
15172887 4179780 15180297 4180380
15172887 4197540 15173457 4198140
15172887 4214340 15175281 4214940
15172887 4231620 15174597 4232220
15172887 4284900 15173457 4285500
15173001 4260420 15187707 4261020
15173001 4264260 15180411 4264860
15173115 4150980 15174141 4151580
15173115 4198500 15173913 4199100
15173115 4203300 15174141 4203900
15173115 4233060 15175965 4233660
15173115 4272900 15173913 4273500
15173115 4273860 15174825 4274460
15173115 4278180 15173457 4278780
15173115 4288260 15173913 4288860
15173229 4250820 15187935 4251420
15173229 4283940 15173457 4284540
15173229 4285860 15174597 4286460
15173343 4159620 15173913 4160220
15173343 4161060 15174369 4161660
15173343 4168260 15174597 4168860
15173343 4184580 15175053 4185180
15173343 4202340 15174597 4202940
15173343 4204260 15174369 4204860
15173343 4208100 15177105 4208700
15173343 4210980 15174255 4211580
15173343 4226820 15174141 4227900
15173343 4275780 15174597 4276380
15173343 4276740 15174597 4277340
15173343 4303620 15173913 4304220
15173457 4211940 15174825 4212540
15173457 4228740 15174483 4229820
15173571 4189380 15174711 4189980
15173571 4191780 15176421 4192380
15173571 4274820 15174369 4275420
15173571 4294980 15175053 4295580
15173685 4151940 15174141 4152540
15173685 4180740 15175053 4181340
15173685 4188420 15174369 4189020
15173799 4147140 15174597 4147740
15173799 4149060 15175053 4149660
15173799 4150020 15176649 4150620
15173799 4152900 15176649 4153500
15173799 4164420 15175053 4165020
15173799 4165380 15174369 4165980
15173799 4190820 15175053 4191420
15173799 4197540 15174369 4198140
15173799 4199460 15175737 4200060
15173799 4216260 15175281 4216860
15173799 4220100 15174369 4221180
15173799 4224420 15174369 4225020
15173799 4282020 15175281 4282620
15173799 4289700 15175053 4290300
15173799 4291620 15175053 4292220
15173799 4293540 15174825 4294140
15173799 4302660 15174825 4303260
15173913 4292580 15174597 4293180
15174027 4162500 15174597 4163100
15174027 4201380 15176421 4201980
15174027 4288740 15175281 4289340
15174027 4300740 15174369 4301340
15174255 4187460 15176193 4188060
15174255 4200420 15174597 4201020
15174255 4203300 15175395 4203900
15174255 4205220 15175281 4205820
15174255 4209540 15177105 4210140
15174255 4218180 15176421 4219260
15174255 4221540 15175053 4222140
15174255 4280580 15176421 4281660
15174255 4290660 15175509 4291260
15174255 4295940 15176421 4297020
15174255 4301700 15176193 4302300
15174483 4153860 15181893 4154460
15174483 4182660 15176079 4183740
15174483 4185540 15176991 4186140
15174483 4204260 15175623 4204860
15174483 4279140 15176421 4279740
15174597 4165380 15176193 4166460
15174711 4139460 15189417 4140060
15174711 4145700 15182121 4146300
15174711 4150980 15175281 4151580
15174711 4156740 15198537 4157340
15174711 4157700 15176307 4160700
15174711 4285380 15175281 4285980
15174711 4286340 15175737 4286940
15174825 4277700 15176421 4278780
15174825 4283940 15176193 4284540
15174825 4287300 15176421 4288380
15174825 4297860 15175737 4298460
15174939 4151940 15175965 4152540
15174939 4194180 15175509 4194780
15174939 4226340 15176193 4226940
15174939 4231620 15196941 4232220
15174939 4294020 15175965 4294620
15175053 4198020 15176421 4199100
15175167 4171140 15176193 4171740
15175167 4184100 15176421 4184700
15175167 4212900 15175965 4213500
15175167 4269060 15182577 4269660
15175167 4274820 15197169 4275420
15175395 4147620 15182805 4148220
15175395 4149060 15176649 4149660
15175395 4154820 15177105 4155420
15175395 4180740 15197397 4181340
15175395 4211940 15176421 4212540
15175395 4213860 15182805 4214460
15175395 4215780 15176193 4216380
15175395 4221060 15176421 4221660
15175395 4222500 15177333 4223100
15175395 4223940 15176193 4224540
15175395 4227780 15176421 4228380
15175395 4229700 15178245 4230300
15175395 4275780 15197397 4276380
15175395 4276740 15175965 4277340
15175395 4303620 15182805 4304220
15175509 4310820 15182919 4311420
15175623 4193220 15177333 4193820
15175623 4204740 15177105 4205340
15175623 4210500 15177333 4211100
15175623 4214820 15176649 4215420
15175623 4237380 15176421 4237980
15175623 4292580 15176877 4293180
15175737 4167780 15175965 4168380
15175737 4216740 15176421 4217340
15175851 4196100 15178245 4196700
15175851 4203300 15177789 4203900
15175851 4289700 15177561 4290300
15175851 4291140 15176877 4291740
15175965 4146660 15183375 4147260
15175965 4161540 15197967 4162140
15175965 4163940 15183375 4164540
15175965 4181700 15177561 4182300
15175965 4199940 15177561 4200540
15175965 4366500 15183375 4367100
15175965 4371300 15183375 4371900
15175965 4375140 15183375 4375740
15175965 4376100 15183375 4376700
15175965 4380900 15183375 4381500
15175965 4385700 15183375 4386300
15175965 4390500 15183375 4391100
15176079 4189380 15178017 4189980
15176079 4206660 15178017 4207260
15176079 4219620 15177105 4220220
15176079 4374180 15183489 4374780
15176193 4293540 15176877 4294140
15176307 4151460 15183717 4152060
15176307 4169220 15176649 4170300
15176307 4190340 15176877 4190940
15176307 4194180 15177105 4194780
15176307 4195140 15177105 4195740
15176307 4223460 15176535 4224060
15176307 4224900 15179385 4225500
15176307 4234980 15177105 4235580
15176307 4276740 15198309 4277340
15176307 4285380 15176877 4285980
15176307 4286340 15198309 4286940
15176307 4300740 15177105 4301340
15176307 4301700 15178017 4302300
15176535 4183620 15177105 4184220
15176535 4186500 15177105 4187100
15176535 4217220 15178701 4218300
15176535 4225860 15177561 4226460
15176535 4232580 15178701 4233660
15176535 4277700 15178131 4278780
15176535 4280100 15177105 4280700
15176535 4281540 15176877 4282140
15176535 4326180 15183945 4326780
15176649 4170180 15178245 4170780
15176763 4191300 15178701 4191900
15176763 4201860 15178359 4202940
15176763 4226820 15178017 4227420
15176763 4283460 15178359 4284540
15176763 4287300 15178359 4288380
15176991 4152900 15191697 4153500
15176991 4165380 15177561 4165980
15176991 4197060 15178929 4197660
15176991 4212420 15178587 4213500
15176991 4282500 15178017 4283100
15176991 4295460 15182577 4297020
15177105 4211460 15177561 4212060
15177219 4190340 15178929 4190940
15177219 4284900 15177561 4285500
15177219 4293540 15178017 4294140
15177333 4167780 15178245 4168380
15177333 4246980 15195687 4247580
15177333 4345380 15181095 4345980
15177333 4354980 15181095 4355580
15177333 4356900 15181095 4357500
15177447 4183620 15195801 4184220
15177447 4198020 15178701 4198620
15177447 4208580 15178017 4209180
15177447 4210020 15178473 4210620
15177447 4222020 15180069 4222620
15177447 4280580 15192153 4281180
15177561 4186980 15178701 4187580
15177561 4210980 15179613 4211580
15177675 4184580 15179613 4185180
15177675 4221060 15178701 4221660
15177675 4330020 15183261 4330620
15177789 4270500 15183375 4271100
15177903 4220100 15185313 4220700
15177903 4222980 15179385 4223580
15177903 4237380 15192609 4237980
15177903 4238820 15183489 4239420
15178017 4149540 15184059 4151100
15178017 4155780 15192723 4156380
15178017 4188900 15180525 4189500
15178131 4199460 15180981 4200060
15178131 4203780 15179157 4204860
15178131 4215300 15179157 4215900
15178131 4228260 15182349 4228860
15178131 4284900 15179157 4285500
15178131 4289700 15183717 4290300
15178245 4182660 15192951 4183260
15178245 4282020 15182007 4282620
15178245 4291140 15192951 4291740
15178359 4185540 15179157 4186620
15178359 4192740 15179157 4194300
15178359 4216260 15179385 4216860
15178359 4225860 15179271 4226460
15178359 4226820 15180981 4227420
15178473 4195620 15180069 4196220
15178473 4200900 15178929 4201500
15178473 4205220 15181323 4205820
15178473 4288260 15193179 4288860
15178587 4169220 15179385 4169820
15178587 4170180 15193293 4170780
15178587 4207620 15179385 4208220
15178587 4219140 15179613 4219740
15178587 4230660 15179385 4231260
15178587 4278180 15182349 4278780
15178587 4292580 15182349 4293180
15178701 4198500 15178929 4199100
15178815 4201860 15179385 4202460
15178815 4287300 15179385 4287900
15178815 4304580 15197169 4305180
15179043 4197060 15181209 4198140
15179043 4208580 15181437 4209660
15179043 4212420 15180639 4213500
15179043 4218180 15179613 4218780
15179043 4339620 15182805 4340220
15179043 4343460 15182805 4345020
15179157 4194180 15180753 4195260
15179271 4186500 15197625 4187100
15179271 4233060 15183033 4233660
15179499 4202820 15181095 4203900
15179499 4215300 15181095 4216380
15179499 4229700 15179841 4230300
15179499 4324260 15183261 4324860
15179613 4206660 15181209 4207740
15179613 4217220 15181209 4218300
15179727 4190340 15180981 4190940
15179727 4191300 15180297 4191900
15179727 4201380 15180981 4201980
15179727 4223940 15180525 4224540
15179727 4230660 15194433 4231260
15179727 4287300 15194433 4287900
15179841 4198500 15181437 4199100
15179955 4218660 15183717 4219260
15180411 4265220 15195117 4265820
15180525 4298820 15195231 4299420
15180639 4195620 15184059 4196220
15180639 4229700 15195345 4230300
15180753 4200420 15182691 4201020
15180753 4222980 15195459 4223580
15180753 4224900 15195459 4225500
15180867 4137060 15183717 4137660
15180867 4187940 15181893 4188540
15180867 4272420 15183717 4273020
15180981 4210980 15184059 4211580
15180981 4297380 15184059 4297980
15180981 4338660 15184059 4339260
15180981 4340580 15184059 4341180
15180981 4342500 15184059 4343100
15180981 4347300 15184059 4347900
15180981 4348260 15184059 4348860
15180981 4349220 15184059 4349820
15180981 4351140 15184059 4351740
15181095 4159140 15184059 4159740
15181095 4164900 15184059 4165500
15181095 4166820 15183945 4167420
15181095 4185540 15195801 4186140
15181095 4188900 15183033 4189500
15181095 4192260 15195801 4192860
15181095 4204260 15183033 4204860
15181095 4210020 15182805 4210620
15181095 4221060 15195801 4221660
15181095 4267620 15183945 4268220
15181095 4315140 15195801 4316700
15181095 4317060 15195801 4317660
15181095 4328100 15184059 4328700
15181095 4331460 15195801 4332060
15181095 4336260 15195801 4336860
15181095 4345860 15195801 4346460
15181095 4353540 15195801 4355100
15181095 4358340 15195801 4359900
15181095 4363140 15195801 4364700
15181209 4312740 15184059 4313340
15181323 4196580 15183717 4197180
15181323 4201860 15183489 4202940
15181323 4282980 15183261 4283580
15181323 4334820 15183261 4335420
15181551 4194180 15183147 4195260
15181551 4198980 15183147 4200060
15181779 4162980 15183717 4163580
15181779 4168260 15189189 4168860
15181779 4205220 15183717 4205820
15181779 4207620 15196485 4208220
15181779 4217220 15182349 4217820
15181779 4225860 15196485 4226460
15181779 4273380 15183717 4273980
15181893 4283940 15184059 4284540
15182007 4193220 15196713 4193820
15182007 4206660 15196713 4207260
15182007 4240260 15196713 4240860
15182007 4302660 15196713 4303260
15182235 4211940 15184059 4212540
15182235 4227300 15184059 4227900
15182235 4244580 15184059 4245180
15182235 4252260 15184059 4252860
15182235 4258980 15184059 4259580
15182235 4308420 15196941 4309020
15182349 4173540 15183375 4174140
15182463 4234980 15184059 4235580
15182691 4178340 15184059 4178940
15182691 4284900 15183717 4285500
15182805 4203300 15184059 4203900
15182919 4216740 15184059 4217340
15182919 4313700 15184059 4314300
15183033 4189860 15184059 4190460
15183147 4199940 15197853 4200540
15183147 4262820 15184059 4263420
15183147 4294500 15184059 4295100
15183147 4321380 15184059 4321980
15183147 4327140 15184059 4327740
15183147 4333860 15184059 4334460
15183261 4148580 15184059 4149180
15183261 4190820 15184059 4191420
15183261 4307460 15197967 4308060
15183261 4337700 15184059 4338300
15183261 4341540 15184059 4342140
15183261 4350180 15184059 4350780
15183261 4367460 15184059 4370940
15183261 4373220 15184059 4373820
15183261 4386660 15184059 4390140
15183375 4165860 15184059 4166460
15183375 4175460 15184059 4176060
15183375 4197540 15183945 4198140
15183375 4198500 15184059 4199100
15183375 4208580 15184173 4209180
15183375 4210020 15185427 4210620
15183375 4241700 15184059 4242300
15183375 4242660 15184059 4243260
15183375 4243620 15185427 4244220
15183375 4263780 15185427 4264380
15183375 4293540 15184059 4294140
15183375 4311780 15185427 4312380
15183489 4158180 15184059 4158780
15183489 4160100 15184059 4160700
15183489 4179300 15184059 4179900
15183603 4138020 15185427 4138620
15183603 4140420 15198309 4141020
15183603 4147620 15185427 4148220
15183603 4201380 15185427 4201980
15183603 4214820 15185427 4215420
15183603 4249380 15185427 4249980
15183603 4254660 15198309 4255260
15183603 4269540 15184059 4270140
15183603 4279140 15184059 4279740
15183603 4301220 15185427 4301820
15183603 4306020 15185427 4306620
15183603 4339620 15185427 4340220
15183603 4344420 15185427 4345020
15183603 4355940 15185427 4356540
15183831 4143780 15185427 4144380
15183831 4248420 15185427 4249020
15183831 4253220 15185427 4253820
15183831 4282980 15185427 4283580
15183945 4135140 15192723 4137660
15183945 4144740 15192723 4147260
15183945 4215780 15192723 4216380
15183945 4268580 15192723 4269180
15183945 4282020 15192723 4282620
15183945 4310820 15192723 4311420
15183945 4323300 15192723 4324860
15183945 4325220 15192723 4325820
15183945 4360740 15192723 4361340
15183945 4365540 15192723 4366140
15183945 4371300 15192723 4372860
15183945 4375140 15192723 4375740
15183945 4376100 15192723 4377660
15183945 4378020 15192723 4379580
15183945 4379940 15192723 4380540
15183945 4380900 15192723 4382460
15183945 4382820 15192723 4384380
15183945 4384740 15192723 4385340
15183945 4390500 15192723 4392060
15183945 4392420 15192723 4393980
15183945 4394340 15192723 4394940
15185313 4158180 15196371 4158780
15185313 4162980 15192723 4163580
15185313 4176420 15192723 4177980
15185313 4196580 15192723 4197180
15185313 4197540 15196371 4198140
15185313 4205220 15192723 4205820
15185313 4238820 15192723 4239420
15185313 4267620 15192723 4268220
15185313 4272420 15192723 4273980
15185313 4320420 15192723 4321020
15185313 4326180 15192723 4326780
15185313 4374180 15192723 4374780
15185427 4243140 15196485 4243740
15186111 4235460 15197169 4236060
15186111 4241220 15197169 4241820
15186111 4242180 15197169 4242780
15186111 4261380 15197169 4261980
15186567 4169220 15197625 4169820
15186795 4184580 15197853 4185180
15187251 4222020 15198309 4222620
15187479 4179780 15198537 4180380
15187593 4257540 15198651 4258140
15187593 4262340 15198651 4262940
15188391 4174020 15195801 4174620
15188391 4245060 15195801 4245660
15188391 4263300 15195801 4263900
15188391 4312260 15195801 4312860
15190215 4297860 15197625 4298460
15191355 4201860 15196941 4202460
15191355 4248900 15196941 4249500
15191583 4278660 15197169 4279260
15191583 4300740 15197169 4301340
15192495 4220100 15198081 4220700
15192495 4301700 15198081 4302300
15192609 4147620 15198195 4149180
15192609 4149540 15198195 4150140
15192609 4150500 15198195 4151100
15192609 4151460 15198195 4152060
15192609 4152420 15198651 4153980
15192609 4154340 15198651 4154940
15192609 4159140 15196371 4160700
15192609 4163940 15198651 4165500
15192609 4165860 15196371 4166460
15192609 4166820 15198651 4168380
15192609 4194660 15196371 4195260
15192609 4228260 15196371 4228860
15192609 4236900 15198195 4237500
15192609 4237860 15198195 4238460
15192609 4270500 15198651 4272060
15192609 4280100 15196371 4280700
15192609 4281060 15198195 4281660
15192609 4284900 15198195 4285500
15192609 4293540 15198651 4295100
15192723 4290180 15198309 4290780
15192837 4145220 15198423 4145820
15192837 4283460 15198423 4284060
15193863 4209540 15197625 4210140
15194091 4211460 15197853 4212060
15194319 4232580 15198651 4233180
15194547 4216260 15198309 4216860
15194775 4268100 15198537 4268700
15195003 4208580 15196941 4209180
15195117 4212420 15197967 4213020
15195459 4176900 15198309 4177500
15195459 4187460 15198309 4188060
15195459 4198980 15198309 4199580
15195459 4213380 15198309 4213980
15195459 4226820 15198309 4227420
15195573 4210500 15198651 4211100
15195573 4255620 15198651 4256220
15195573 4296900 15198651 4297500
15195687 4137540 15197625 4138140
15195687 4138500 15198651 4139100
15195687 4174980 15198651 4176540
15195687 4181700 15198651 4182300
15195687 4205700 15198651 4206300
15195687 4234500 15198651 4235100
15195687 4272900 15198537 4273500
15195687 4366980 15198651 4376220
15195687 4376580 15198651 4385820
15195687 4386180 15198651 4395420
15196143 4256580 15198651 4257180
15196143 4305540 15198651 4306140
15196257 4155300 15198651 4155900
15196257 4218660 15198651 4219260
15196257 4223460 15198651 4224060
15196257 4247460 15198651 4248060
15196371 4162500 15198651 4163100
15196371 4233540 15198651 4234140
15196599 4139460 15198651 4140060
15196599 4188420 15198651 4189020
15196599 4195140 15198651 4195740
15196713 4142340 15198651 4142940
15196827 4158660 15198651 4159260
15196827 4170180 15198651 4170780
15196827 4173060 15198651 4173660
15196827 4217220 15198651 4217820
15196827 4265220 15198651 4265820
15196827 4289220 15198651 4289820
15196827 4292100 15198651 4292700
15196941 4250820 15198651 4251420
15197055 4269060 15198651 4269660
15197055 4299780 15198651 4300380
15197283 4177860 15198651 4178460
15197283 4303620 15198651 4304220
15197511 4141380 15198651 4141980
15197511 4178820 15198651 4179420
15197511 4252740 15198651 4253340
15197511 4258500 15198651 4259100
15197511 4277700 15198651 4278300
15197511 4395780 15198651 4396380
15197625 4194180 15198651 4194780
15197739 4227780 15198651 4228380
15197853 4146180 15198651 4146780
15197853 4267140 15198651 4267740
15197853 4298820 15198651 4299420
15197967 4171140 15198651 4171740
15197967 4198020 15198651 4198620
15197967 4202820 15198651 4203420
15197967 4279620 15198651 4280220
15198081 4157700 15198651 4158300
15198081 4184100 15198651 4185660
15198081 4224420 15198651 4225020
15198081 4242660 15198651 4244220
15198081 4306980 15198651 4308540
15198195 4147140 15198651 4147740
15198195 4148100 15198651 4148700
15198195 4190340 15198651 4190940
15198195 4228740 15198651 4229340
15198195 4251780 15198651 4252380
15198195 4259460 15198651 4260060
15198195 4266180 15198651 4266780
15198309 4285380 15198651 4285980
15198423 4189380 15198651 4189980
15198423 4191300 15198651 4192860
15198423 4203780 15198651 4204380
15227493 4135140 15327699 4165980
15227493 4181220 15242085 4196220
15227493 4196580 15242085 4203900
15227493 4227300 15327699 4258140
15227493 4288740 15327699 4319580
15227493 4350180 15327699 4381020
15227607 4204260 15228405 4204860
15239235 4204260 15240261 4204860
15240603 4204260 15242085 4204860
15241971 4396260 15271269 4396860
15285747 4396260 15296805 4396860
15298401 4396260 15327699 4396860
15334881 4142820 15468375 4143420
15334881 4174500 15468375 4189980
15334881 4191780 15468375 4192380
15334881 4224420 15468375 4255260
15334881 4264740 15468375 4265820
15334881 4266660 15468375 4297500
15334881 4312740 15468375 4320540
15334881 4324260 15468375 4325340
15334881 4330020 15468375 4332060
15334881 4336740 15468375 4338780
15334881 4339620 15468375 4370460
15334881 4378020 15468375 4379100
15334881 4379940 15468375 4383900
15334881 4385700 15432123 4386300
15334881 4390500 15468375 4392540
15334881 4395300 15468375 4396380
15336021 4193220 15440559 4193820
15336021 4325700 15468375 4326300
15336021 4332420 15468375 4333020
15336021 4392900 15468375 4393500
15446601 4192740 15447627 4193340
15455037 4193220 15460623 4193820
15460737 4192740 15461193 4193340
15461193 4193220 15461421 4193820
15461763 4192740 15462561 4193340
15463473 4385700 15466323 4386300
15463815 4193220 15466209 4193820
15466665 4385700 15467349 4386300
15467805 4385700 15468375 4386300
