396321 802020 411027 802620
396321 802980 411027 803580
396321 810660 411027 811260
396321 811620 402819 812220
396321 812580 402819 813180
396321 814500 411027 815100
396321 816420 399171 817020
396321 817380 418323 817980
399399 816420 399855 817020
402477 804420 406239 805020
402477 805380 402705 805980
402477 809220 406239 809820
403047 812100 404757 812700
403161 805380 403389 805980
403617 805860 407379 806460
403617 806820 410115 807420
403617 807780 409203 808380
403617 813540 409203 814140
403617 815460 407379 816060
404871 811620 410457 812220
407265 809700 410115 810300
407835 803940 408405 804540
407835 804900 408519 805500
408633 812580 409659 813180
408747 804420 409317 805020
408975 805860 409545 806460
409089 815460 410001 816060
409431 804420 410001 805020
409659 807780 410229 808380
409887 805860 410457 806460
410001 804900 410913 805500
410115 806820 410913 807420
410115 809220 410913 809820
410343 812580 410913 813180
410343 815460 411369 816060
410799 805860 411369 806460
410799 813540 412281 814140
410913 807300 411825 807900
411369 804420 412053 805020
411483 802020 412851 803100
411483 803460 412281 804060
411483 805380 412053 805980
411483 815460 412965 816540
411597 810180 412053 810780
411597 811140 412053 811740
411711 808260 412281 808860
411939 806340 412737 806940
412395 807300 413307 807900
412395 811140 412965 811740
412623 803460 413421 804060
412623 808260 413649 808860
412623 813540 414561 814140
412737 810180 412965 810780
412851 801540 413877 802140
412851 805860 413421 806460
412851 812580 414789 813180
413193 809220 413763 809820
413307 802500 413535 803100
413307 806820 413763 807420
413307 810180 415473 810780
413535 811620 415017 812220
413763 806340 414333 806940
413763 807780 414333 808380
413763 815460 415359 816540
413991 804900 414561 805500
414219 802980 414447 803580
414333 805860 415701 806940
414561 814500 415587 815100
414675 807780 415701 808380
414903 802020 415701 802620
414903 808740 415701 809820
415131 812100 415701 812700
415587 803460 415929 804060
415587 804900 415929 805500
415587 811140 415929 811740
415587 813060 415815 813660
415587 814020 415929 814620
415587 814980 415929 815580
415815 802020 416385 802620
416043 815460 417525 816540
416271 803940 417069 804540
416271 804900 416841 805500
416271 807780 417297 808380
416271 810180 416613 810780
416385 801060 417753 802140
416499 802500 417069 803100
416499 805860 416955 806460
416499 808740 416727 809340
416727 809700 417297 810300
416727 811140 417639 811740
416955 806820 417981 807420
416955 813060 418209 813660
417069 804420 417297 805020
417183 812100 417753 812700
417411 802980 419121 803580
417411 803940 418209 804540
417411 804900 418665 805500
417411 808740 418209 809340
417753 814020 418893 814620
417753 814980 418437 815580
417867 807780 418437 808380
417867 810180 418437 810780
417867 811620 418323 812220
418095 801540 418323 802140
418095 805860 418779 806940
418209 812580 419577 813660
418323 809220 418893 809820
418323 811140 418893 811740
418779 807300 419349 807900
418779 810180 419121 810780
418779 815460 420489 816060
419007 804900 419577 805500
419007 811620 420033 812220
419121 802980 420033 803580
419235 803940 419691 804540
419349 809700 420375 810300
419463 801540 420489 802140
419691 806820 422085 807420
419691 813060 420945 813660
419805 810660 420489 811260
419919 804900 420489 805500
419919 808740 420945 809340
419919 816900 420945 817500
420261 802500 420717 803100
420261 814500 420717 815100
420375 803460 421173 804060
420603 807780 421401 808380
420603 809700 421173 810300
420831 805380 421515 805980
420831 815460 422427 816540
421059 802020 422085 802620
421059 810660 421629 811260
421059 811620 422313 812220
421287 808740 422655 809820
421515 816900 422085 817500
421971 810660 423225 811260
422085 812580 422313 813180
422199 804900 423681 805500
422199 807300 423225 807900
422313 801540 422997 802140
422313 802980 422997 803580
422427 812100 422997 812700
422541 814500 423225 815580
422883 805860 423681 806460
422883 809700 423567 810300
422883 813540 423225 814140
422883 816420 423681 817020
422997 802980 423681 803580
423111 801540 423795 802140
423111 811620 424023 812220
423339 806820 424707 807900
423339 812580 424707 813660
423567 803940 425049 804540
423567 810180 425277 810780
423795 805380 425277 805980
423909 808260 424251 808860
424137 816900 424593 817500
424251 815940 424821 816540
424479 811620 425049 812220
424707 802980 425505 803580
424707 808260 425277 808860
424707 809220 425277 809820
424707 812580 425277 813180
425049 814020 425505 814620
425049 814980 425505 815580
425163 802020 426417 802620
425163 815940 425391 816540
425277 808740 426873 809820
425391 804420 426873 805020
425391 810660 426645 811260
425391 812580 425961 813180
425505 806820 425961 807420
425619 815460 426303 816060
425619 817380 427785 817980
425847 805380 426417 805980
425847 813540 426873 814140
426189 803460 427101 804060
426303 815460 426987 816060
426417 802020 427785 803100
426645 814500 426873 815100
426759 816420 427329 817020
426987 806340 427785 806940
426987 810180 427329 810780
426987 815460 428697 816060
427101 812100 428127 812700
427101 813060 427329 813660
427215 807780 427785 808380
427215 808740 427785 809340
427215 814020 427785 814620
427671 804420 428469 805020
427671 805380 428925 805980
427671 810180 428013 810780
427671 811140 428469 811740
427671 813060 429153 813660
427671 816420 428241 817020
427785 802500 428697 803100
427899 801540 428469 802140
427899 807780 429381 808860
428127 812100 428697 812700
428355 814500 429837 815100
428355 817380 428697 817980
429039 801540 429609 802140
429039 802500 429951 803100
429153 812580 430065 813180
429267 803460 430179 804060
429267 805860 430521 806460
429267 806820 430749 807420
429495 804900 430065 805500
429495 816900 431433 817500
429609 810660 430293 811740
429723 809700 430179 810300
429837 801540 430293 802140
429837 808740 430293 809340
429837 815940 430521 816540
430179 802500 430749 803100
430407 804420 431889 805020
430635 808740 434397 809340
430635 810660 432117 811260
430635 811620 432231 812700
430749 802500 431661 803100
430863 807780 431091 808380
430863 809700 438273 810300
430863 814500 432231 815580
430863 815940 431091 816540
431319 801540 432117 802140
431775 816420 433257 817020
432003 802980 432687 803580
432117 805380 434055 805980
432231 802020 433257 802620
432231 811140 432687 811740
432459 806340 434055 806940
432459 807300 434055 807900
432573 803940 433485 804540
432573 813060 434055 813660
432687 817380 434283 817980
433371 802980 434169 803580
433713 802020 433941 802620
433827 803940 434055 804540
433941 801540 434169 802140
433941 811140 437703 811740
433941 814020 436791 814620
433941 814980 436791 815580
434055 805380 434511 805980
434055 806340 434625 806940
434055 812580 437817 813180
434055 815940 434625 816540
434283 802020 434967 802620
434283 807780 434853 808380
434511 802980 435081 803580
434625 804900 438387 805500
434739 805860 436221 806460
435195 803940 435765 804540
435651 806820 437019 807900
436107 802020 437361 802620
436107 803460 436677 804060
436107 808740 436563 809340
436335 815940 437019 816540
436563 808740 437247 809340
436677 816900 437361 817500
436791 802980 438045 803580
437019 815460 437817 816060
437133 813540 437589 814140
437247 806340 440097 806940
437361 816900 437817 817500
438159 810660 438843 811260
438159 812580 439641 813660
438387 804900 438957 805500
438843 808740 439527 809340
438957 801540 439869 802140
439071 815940 441009 816540
439185 802500 442035 803100
439185 807300 440211 807900
439413 810180 440097 810780
439413 811620 439869 812220
439527 814020 440097 814620
439755 803460 440781 804060
439755 808740 441237 809820
439755 812580 440325 813180
440211 806820 441693 807900
440211 814500 441693 815580
440325 801540 440553 802140
440439 812100 441465 812700
441123 803460 442149 804060
441351 804900 442377 805500
441351 810180 442263 810780
441351 811140 442377 811740
441351 813540 442149 814140
441351 815940 442149 816540
441579 809220 442149 809820
442035 806820 443517 807420
442035 807780 443745 808380
442035 814500 443517 815100
442263 803940 442833 804540
442263 812580 443745 813660
442263 815940 443517 816540
442491 802020 443973 803100
442719 805380 443289 805980
442833 810660 443745 811260
442947 809220 444429 809820
443175 803460 444429 804060
443175 811620 444429 812220
443403 805860 443631 806460
443631 814980 444201 815580
443859 814020 445341 814620
443973 815940 444999 816540
444087 804420 444429 805020
444087 810660 445341 811260
444315 801540 445113 802140
444315 805380 444885 805980
444543 806820 445569 807420
444543 812100 445341 812700
444543 813060 445569 813660
444771 803940 446253 804540
444771 807780 446253 808860
444999 816900 445683 817500
445227 802020 446709 803100
445227 805860 445455 806460
445227 814980 459933 815580
445227 815940 446709 816540
445455 804900 445683 805500
445455 809220 445683 809820
445455 811620 445683 812220
445569 813540 446937 814620
445683 810660 446481 811260
446253 803460 446481 804060
446595 805860 448533 806460
446709 804420 447621 805020
446823 802980 448989 803580
446823 808740 447165 809340
446823 809700 448761 810300
446823 812580 454233 813180
446823 817380 468825 817980
447051 801540 447735 802140
447051 811140 448305 811740
447507 808740 448533 809340
447507 815940 462213 816540
447735 806820 447963 807420
448419 804900 449673 805500
448647 810660 463353 811260
448875 806340 449331 806940
449103 801540 450585 802140
449103 807300 449331 807900
449103 809220 449445 809820
449331 802500 451497 803100
449331 803460 449901 804060
449331 807780 449901 808380
449787 806340 450129 806940
449787 808740 451269 809340
450243 809700 451269 810300
450357 806820 451725 807900
450699 805860 451725 806460
451041 801540 451953 802140
451155 803940 452181 804540
451611 808740 453321 809340
451839 804900 453321 805980
451839 807780 453321 808380
452409 802020 452637 802620
452523 802980 453321 803580
452523 806820 452751 807420
453093 802020 453321 802620
453435 803940 454005 804540
453435 806340 454461 806940
453777 802500 454233 803100
453891 801540 454461 802140
453891 807300 454917 807900
453891 808260 454689 808860
453891 809700 454689 810300
454119 803460 455145 804060
454347 811620 455031 812220
454575 802020 455829 802620
455031 805860 455487 806460
455487 804420 456057 805020
455487 805860 456513 806460
455715 806820 456513 807900
455715 809220 456513 809820
455829 808260 456741 808860
455943 802980 456969 803580
456399 812100 500289 812700
456627 804900 458337 805500
457197 808740 458565 809820
457311 802980 458793 804060
457311 805860 458793 806460
457311 806820 458679 807900
457995 802020 459021 802620
458679 804900 459249 805500
458793 806820 459249 807420
458793 808260 459249 808860
459135 801540 461301 802140
459135 803940 460161 804540
459363 808740 459591 809340
459591 806820 461073 807420
459705 804900 461073 805980
460389 803940 461301 804540
460617 808260 460845 808860
460731 814500 468141 815100
461187 805860 461415 806460
461187 808260 462213 808860
461415 802020 462897 802620
461643 802980 463125 804060
462099 804900 462669 805500
462099 806820 462669 807420
462555 805860 463809 806460
462555 808260 477261 808860
462783 807300 463809 807900
463125 804900 463809 805500
463467 801540 464721 802140
463467 802500 464265 803100
463467 803940 464265 804540
464379 804900 464949 805500
464379 806820 464949 807420
464379 809700 469965 810300
464607 805860 464949 806460
464721 802020 465633 802620
465063 803460 466089 804060
465291 804900 466317 805500
465405 806340 466431 806940
465747 807300 473157 807900
465861 802020 469623 802620
466203 802980 467685 803580
466659 805860 468141 806940
466887 810660 469737 811260
467001 823140 469851 823740
467001 824100 469851 824700
467001 825060 469851 825660
467571 804420 468597 805020
467571 816420 469509 817020
468027 802980 469965 803580
468483 815460 470307 816060
468711 813060 483417 813660
468711 814020 483417 814620
468825 804420 498123 805020
469737 818340 471675 818940
469737 819300 471675 819900
469737 820260 471675 820860
469737 821220 471675 821820
469737 822180 471675 822780
469737 826020 471675 826620
469737 826980 471675 827580
470193 802020 471675 802620
470193 802980 471675 803580
470193 809700 500859 810300
470193 817380 471675 817980
471561 810660 515451 811260
471561 816420 515451 817020
471561 823140 486267 823740
471561 824100 500859 824700
471561 825060 500859 825660
471903 801540 501201 802140
485241 817860 499947 818460
485241 826500 492651 827100
486153 802980 500859 803580
486153 807780 500859 808380
486153 822180 500859 822780
490599 814020 505305 814620
492537 827460 507243 828060
496755 805380 503253 805980
497895 813060 505305 813660
500745 808740 544635 809340
500745 817380 515451 817980
500745 818340 515451 818940
500745 820260 544635 820860
500745 821220 544635 821820
500745 823140 515451 823740
502227 807300 505989 807900
503595 814980 507357 815580
503823 805380 504393 805980
504393 805860 506217 806460
504507 803460 505533 804060
505305 804420 505989 805020
505875 803460 506331 804060
506331 802500 507357 803100
506559 801540 507585 802140
506559 804420 507015 805020
506787 803460 507585 804060
507015 813060 507927 813660
507015 814020 507927 814620
507129 824580 507927 825180
507129 826500 507927 827100
507471 805860 536769 806460
507699 802980 544293 803580
507699 807300 509295 807900
507813 801540 509295 802140
507813 825540 509295 826140
507813 827460 516591 828060
508041 813540 509979 814140
508611 812580 511461 813180
509181 804420 553071 805020
509181 814980 538479 815580
509181 824580 523887 825180
509181 826500 538479 827100
509523 802020 510093 802620
510435 813540 511233 814140
511575 812580 512145 813180
515337 807780 522747 808380
515337 811620 520923 812220
515337 819300 522747 819900
515337 822180 522747 822780
516249 816420 516705 817020
516477 813060 522063 813660
521037 811140 521493 811740
521949 810660 522177 811260
521949 812100 522861 812700
522291 813060 522747 813660
522633 817380 537339 817980
522633 818340 544635 818940
522633 823140 544635 823740
522747 810180 552045 810780
523089 812100 524001 812700
523203 811140 523659 811740
524799 811140 554097 811740
525255 812100 539961 812700
527421 824580 528447 825180
527763 813060 528333 813660
528447 824580 528903 825180
529359 813060 529929 813660
531183 816420 542241 817020
532323 813060 533007 813660
533463 813060 534945 813660
535287 813060 535629 813660
535971 813060 537453 813660
537225 807780 542811 808380
537453 813060 537909 813660
538365 825540 582255 826140
538935 813060 539505 813660
539163 802020 542925 802620
540303 813540 543153 814140
542013 814980 543837 815580
542811 807780 543381 808380
542925 816900 543381 817500
543267 813060 543495 813660
543609 812580 543837 813180
543609 817380 544065 817980
544065 807780 544977 808380
544179 816900 544977 817500
544521 806820 545547 807420
544521 814500 545547 815100
544521 824100 545547 824700
544863 812580 546915 813180
544863 815460 546915 816060
545091 802980 545547 803580
545319 813540 545547 814140
545319 817380 545547 817980
545433 802020 546915 802620
545433 808740 554211 809340
545433 816420 554211 817020
545433 818340 546915 818940
545433 820260 554211 820860
545433 821220 546915 821820
545433 826980 576099 827580
545661 803460 553071 804060
546801 807780 549651 808380
546801 814500 553299 815100
546801 824100 561507 824700
547371 802500 548169 803100
547485 801540 549081 802140
547827 813060 548169 813660
548283 812580 548625 813180
548853 812580 549081 813180
549195 813060 549651 813660
549537 815460 550221 816060
549879 812580 550905 813180
550335 802020 551019 802620
550449 821220 551475 821820
550563 807780 551361 808380
551247 802500 551817 803100
551247 813060 551817 813660
551247 815460 552273 816060
551589 821220 552273 821820
551703 807780 552273 808380
552159 801540 553071 802140
552159 802500 553869 803100
552159 812580 554097 813180
552729 815460 553185 816060
552729 821220 553413 821820
552957 805380 554895 805980
552957 807300 553413 807900
552957 817860 560367 818460
553185 815460 553869 816060
553299 804420 554553 805020
553755 807780 555009 808380
553755 821220 554439 821820
554097 806820 555123 807420
554097 809700 556035 810300
554097 810660 557859 811260
554097 811620 557859 812220
554097 822180 568803 822780
554211 814500 557973 815100
554325 815940 555009 816540
554439 802020 555009 802620
554439 812580 556377 813180
554667 804420 555693 805020
555009 805860 555579 806460
555009 821220 555237 821820
555123 802500 556605 803100
555351 806820 555921 807420
555693 815940 556377 816540
555693 821220 556377 821820
555807 803940 556263 804540
555807 805380 556377 805980
555807 808260 556263 808860
556035 809700 557061 810300
556149 806340 557061 806940
556377 801540 557289 802140
556491 808260 556947 808860
556491 813060 556947 813660
556491 816900 559341 817500
556605 821220 557061 821820
556947 802500 557289 803100
556947 803940 557973 804540
556947 807300 557973 807900
557175 812580 558657 813660
557175 815460 557973 816060
557175 821220 559341 821820
557403 808260 557973 808860
557745 802980 557973 803580
557745 820260 560595 820860
557859 804900 558429 805500
557859 809700 559341 810300
557859 810660 559341 811260
558087 802500 559341 803100
558087 806340 558885 806940
558087 807780 559341 808380
558087 811620 558543 812220
558543 801540 559797 802140
558543 814020 559797 814620
558543 815460 559797 816060
558771 804900 559227 805500
559227 803940 560481 804540
559227 812100 560481 812700
559227 813060 560025 813660
559341 804900 560025 805500
559455 808740 560481 809340
559455 810660 560481 811260
559911 807780 560481 808380
559911 821220 560709 821820
560139 802500 560709 803100
560367 804900 560937 805500
560367 806340 561849 806940
560367 815460 560595 816060
560367 816900 560937 817500
560595 808260 561393 808860
560595 811140 561393 811740
560595 820260 561621 820860
560823 814980 561849 815580
560937 812100 561849 812700
561051 802500 562533 803100
561051 813060 562533 813660
561051 821220 561849 821820
561279 817380 561735 817980
561393 807300 562419 807900
561393 818340 562305 818940
561393 819300 565155 819900
561507 801540 562191 802140
561507 810180 561963 810780
561621 808260 562305 808860
561735 803460 562533 804060
561735 804420 562419 805020
561735 805380 562761 805980
561735 811140 562761 811740
561735 814020 562761 814620
561963 817380 562533 817980
561963 820260 562989 820860
562077 815940 562533 816540
562191 809700 563559 810780
562191 821220 562761 821820
562419 806340 562647 806940
562419 808740 562647 809340
562419 812100 563445 812700
562533 818340 563559 818940
562647 807780 563217 808380
562761 804900 563445 805500
562761 817380 562989 817980
563103 802980 564129 803580
563103 813540 563331 814140
563103 820260 564129 820860
563331 801540 564585 802140
563331 808260 564129 808860
563445 804900 564129 805980
563673 818340 564129 818940
563787 806340 564357 806940
563787 809220 564699 809820
563787 813540 564813 814140
563901 810660 564813 811260
564015 803940 564243 804540
564015 807300 564813 807900
564015 815460 564813 816540
564015 816900 564243 817500
564243 804420 564813 805020
564243 808260 565269 808860
564243 812580 564813 813180
564243 820740 565269 821340
564471 805860 565953 806460
564699 802980 566181 803580
564699 816900 565041 817500
564927 806820 566409 807900
564927 813060 566181 813660
564927 814500 565611 815100
565155 802020 565383 802620
565155 815940 565839 816540
565155 819780 567093 820380
565269 817860 565611 818460
565611 814500 566637 815100
565725 801540 565953 802140
565953 804900 566181 805500
565953 810180 566751 810780
566067 803940 566751 804540
566067 811140 566637 811740
566067 815460 566637 816060
566067 818340 566523 818940
566523 802020 566865 802620
566523 802980 567321 803580
566523 805860 567321 806460
566523 808740 567321 809820
566523 812100 566979 812700
566523 813060 567321 813660
566523 821220 567435 821820
566637 806820 567093 807420
566751 804420 567663 805020
566979 801060 568347 802140
566979 814020 568461 814620
567093 820260 567549 820860
567207 816420 568689 817500
567207 818820 567777 819420
567321 805860 568689 806940
567435 814980 568461 815580
567663 813060 568917 813660
567663 821220 568233 821820
568119 803460 569601 804060
568119 812100 568347 812700
568233 807300 569031 807900
568347 810660 569145 811260
568347 818820 569601 819420
568575 802500 570513 803100
568575 808740 569145 809340
568689 823140 572451 823740
568803 801540 569259 802140
568803 804420 569145 805020
568803 814500 570057 815100
568803 815460 570057 816060
568803 817860 569829 818460
568803 820260 569829 820860
569031 806820 570513 807420
569259 811620 569943 812700
569259 821220 570741 822300
569487 808260 570285 808860
569715 804900 569943 805500
569715 816420 571197 817500
569943 811620 571311 812700
570171 813060 570399 813660
570171 817860 570969 818460
570285 815460 570969 816060
570399 801540 570969 802140
570399 807780 571425 808380
570399 810180 571425 810780
570399 813540 571881 814140
570513 804420 570969 805020
570627 819780 571311 820380
570969 806340 571653 806940
571083 818820 573021 819420
571197 803460 572109 804060
571197 815460 571881 816060
571311 801540 571767 802140
571311 802500 572337 803100
571311 804420 571767 805020
571311 805380 571653 805980
571311 811140 572109 811740
571311 814500 573477 815100
571311 817380 572337 817980
571311 821220 572565 821820
571425 819780 571881 820380
571425 822180 571653 822780
571539 807300 572565 807900
571539 808740 572337 809340
571995 805860 572451 806460
571995 809700 573477 810780
572337 802020 573705 803100
572679 817380 573363 818460
572679 823140 573249 823740
572907 803940 573933 804540
572907 804900 574161 805500
572907 813060 574389 813660
572907 820740 573135 821340
573021 819300 573705 819900
573135 815940 573933 816540
573477 812100 574047 812700
573591 805860 573819 806460
573591 814500 575073 815100
573591 820740 573933 821340
573591 822180 574617 822780
573705 807780 574161 808380
573705 819780 574617 820380
573819 808740 574503 809820
573819 817860 575301 818460
574047 815460 575529 816060
574275 801540 574845 802140
574275 805860 575757 806940
574275 816420 575757 817500
574275 821220 575757 821820
574503 808740 575871 809820
574503 810660 575871 811740
574959 822180 575415 822780
575187 814020 576441 814620
575187 820260 576213 820860
575415 802980 576099 804060
575415 807780 576441 808380
575643 813060 576213 813660
575643 814980 576213 815580
575643 818820 576441 819420
575871 811620 576555 812220
575985 824100 579747 824700
576099 801540 576441 802140
576099 802980 577125 803580
576099 803940 576441 804540
576099 804900 576441 805500
576099 805860 576897 806940
576099 810660 576327 811260
576099 817380 577581 817980
576099 822180 577353 822780
576327 815940 577353 816540
576441 821220 576897 821820
576783 809220 577011 809820
576783 810180 577011 810780
577011 806820 577239 807420
577011 819780 577239 820380
577353 811140 577581 811740
577467 814980 577923 815580
577467 822660 578151 823260
577695 802980 578493 803580
577695 803940 578607 804540
577695 806820 579177 807420
577695 807780 578493 808380
577695 814020 578493 814620
577695 815940 578607 816540
577695 818340 578379 819420
577695 819780 578493 820380
577695 820740 578379 821340
577695 827460 581457 828060
578151 805860 578949 806460
578151 808740 579405 809340
578151 809700 579177 810300
578151 812580 580089 813180
578265 822180 578721 822780
578379 804900 579405 805500
578379 810660 580545 811260
578379 817380 578949 817980
578493 814020 578949 814620
578493 818340 578949 818940
578607 811620 579633 812220
578607 816420 579177 817020
578607 819300 579177 819900
578607 823140 579291 823740
578835 820260 580317 821340
579063 803940 579747 804540
579063 821700 580545 822300
579291 802500 580317 803100
579291 807780 579747 808380
579291 816420 580773 817500
579975 823140 581913 823740
580203 804900 581001 805500
580203 817860 582597 818460
580203 818820 581229 819420
580317 813540 581001 814620
580431 806820 581229 807420
580431 815460 581001 816060
580431 819780 581001 820380
580545 809700 581001 810300
580545 824100 581115 824700
580887 803940 581685 804540
580887 805860 581571 806460
580887 807780 581685 808860
580887 811140 581229 811740
580887 812100 582369 812700
580887 821220 582825 821820
581001 816900 581457 817500
581115 809700 582483 810780
581115 815460 582597 816540
581343 802020 582711 803100
581343 814020 582369 814620
581343 819300 582825 820380
581343 824100 582027 824700
582027 807300 583053 807900
582027 811140 583053 811740
582141 826500 583167 827100
582255 824100 583281 824700
582369 823140 583281 823740
582369 825060 583281 825660
582483 816900 583167 817500
582597 805380 583053 805980
582711 802020 583281 802620
582711 806340 583167 806940
582711 809220 583167 809820
582711 813060 583167 813660
582711 822180 585561 822780
582825 808260 583167 808860
582939 810180 584535 810780
582939 812100 584535 812700
582939 817860 584535 818460
583053 805380 584535 805980
583053 819780 584535 820380
583053 827460 591831 828060
583167 802980 585333 803580
583167 806820 584193 807420
583167 814500 583509 815100
583167 821220 584421 821820
583281 802020 583965 802620
583623 813540 584535 814140
583851 803940 585333 804540
583851 807780 584535 808380
583851 823140 585789 823740
583851 825060 591261 825660
584079 815460 585105 816060
584421 801540 584649 802140
584421 808740 585789 809820
584421 811140 585333 811740
584421 816900 584649 817500
584421 820740 585333 821340
584535 810180 585561 810780
584535 824100 591945 824700
584763 813060 585105 813660
584763 816420 584991 817020
584763 819780 585333 820380
584991 805380 586017 805980
584991 817860 587613 818460
585447 814500 586701 815100
585447 816420 586131 817500
585447 820260 585903 820860
585675 807300 586017 807900
585675 812100 586473 812700
585675 815460 586017 816060
585675 819300 586245 819900
585675 821700 587385 822300
585789 802980 586473 803580
585789 808740 586473 809340
585903 822660 586701 823260
586245 804900 586929 805980
586359 806820 587727 807900
586359 810180 586929 810780
586359 820260 588069 820860
586587 802020 587385 803100
586587 811140 587157 811740
586587 818820 588069 819420
586815 803460 587613 804060
587043 804900 588069 805500
587043 808740 588069 809340
587271 809700 588753 810300
587271 813060 588297 813660
587271 814500 589665 815100
587271 816900 588183 817500
587499 823140 591261 823740
587613 811140 588297 811740
587613 815460 588297 816540
587727 801540 588525 802140
587727 812100 588525 812700
587955 802980 588183 803580
587955 807300 588753 807900
587955 822180 588525 822780
588069 818340 589437 819420
588069 820260 589437 821340
588183 803940 588753 804540
588183 804900 589551 805980
588639 808260 588867 808860
588639 815940 589209 816540
588639 816900 589209 817500
588753 822180 591603 822780
588867 812580 589893 813180
588981 806820 590349 807900
589095 811140 589665 811740
589323 808260 590805 808860
589323 809700 590349 810300
589551 802980 590577 803580
589551 805380 592173 805980
589551 815460 592173 816060
589551 821220 590805 821820
589665 802020 590577 802620
589665 816900 590121 817500
589779 818340 591261 818940
589893 804420 590577 805020
590007 811140 590805 811740
590235 813540 590691 814140
590235 819780 590805 820380
590463 809220 592173 809820
590463 816900 591033 817500
590577 814500 591033 815100
590577 826020 591603 826620
590691 806820 592059 807900
590691 812100 591261 812700
590919 802020 592287 803100
590919 803940 592287 805020
591147 813540 592857 814140
591147 819780 592059 820380
591147 821220 591717 821820
591261 808260 591489 808860
591375 817860 591945 818460
591603 822660 592059 823260
591717 826500 592059 827100
591831 811620 592857 812220
591831 818820 592059 819420
592059 810180 593085 810780
592173 806340 592857 806940
592287 802500 592857 803100
592287 804900 592857 805500
592287 808260 593085 808860
592287 814980 592857 815580
592287 816900 593085 817500
592515 801540 592971 802140
592743 803460 593769 804060
592743 807300 592971 807900
592857 805860 594225 806940
592971 812100 595137 812700
592971 813540 594453 814620
593199 814980 594681 815580
593313 815940 593541 816540
593427 809700 594225 810300
593655 804420 595365 805020
593883 815940 594453 816540
594111 802020 595593 802620
594111 802980 594681 803580
594339 805380 595593 805980
594339 808740 595593 809340
594795 803460 596049 804060
594795 807300 595365 807900
594795 810180 595593 810780
594795 813060 596049 813660
594795 814020 595365 814620
594795 817380 595365 817980
595023 816420 596277 817020
595251 806340 596733 806940
595251 815460 596049 816060
595365 811620 596049 812700
595479 814020 596505 814620
595935 807780 596733 808380
596391 802500 597189 803100
596391 805380 597417 805980
596391 810180 597645 810780
596847 804420 597873 805020
596847 808740 597873 809340
597075 812100 597645 812700
597075 816900 611781 817500
597303 813060 597873 813660
597531 801540 597873 802140
597531 802500 597873 803100
597531 806340 597873 806940
597531 811140 598557 811740
597531 814020 598101 814620
597531 815460 597873 816060
597759 803460 598671 804060
597759 805380 598671 805980
597759 807300 598671 807900
597759 810180 598671 810780
598215 812100 599697 812700
598215 814020 599469 814620
598557 802020 602319 802620
598557 806340 605967 806940
598557 808740 605967 809340
598671 805380 600381 805980
598671 811140 599241 811740
598671 813060 599925 813660
598671 815460 599241 816060
599583 815940 600153 816540
599811 810180 601521 810780
600039 811620 600267 812220
600039 812580 600267 813180
600039 813540 600267 814140
600039 814500 600381 815100
600837 815940 601521 816540
601179 813540 602433 814140
601407 811620 602205 812220
601407 812580 602433 813180
602319 802020 604029 802620
602319 814980 602661 815580
602547 811140 604029 811740
602547 814020 603801 814620
602547 815940 603117 816540
603003 812580 604485 813180
603003 814980 604485 815580
603459 815940 604485 816540
604143 813540 605169 814140
604941 815940 605625 816540
605055 814980 606537 815580
605283 812580 606537 813180
605853 804420 609615 805020
605853 807780 609615 808380
605967 815940 606537 816540
606423 811140 608817 811740
606423 814020 606993 814620
607107 813540 608361 814140
607107 814500 607449 815100
607335 815940 608361 816540
607563 805380 609501 805980
607791 814500 608361 815100
608247 803460 609273 804060
608475 814020 609045 814620
608589 806340 609501 806940
608589 808740 609273 809340
608703 810180 609729 810780
608703 813060 610185 813660
608703 814980 611325 815580
609159 812100 609957 812700
609387 814020 610641 814620
609501 802980 609729 803580
609501 806820 609729 807420
609615 807780 610413 808860
609615 815940 609843 816540
609843 803940 610641 805020
609843 809220 613605 809820
609843 811140 610413 811740
610071 805860 613833 806460
610299 806820 614061 807420
610299 815940 610869 816540
610983 802980 611781 804060
611211 810180 614973 810780
611211 811620 612693 812220
611439 813060 612237 813660
611439 814020 612009 814620
611895 802500 615657 803100
612579 814500 614061 815100
612807 812100 613605 812700
613149 801540 614973 802140
613491 803460 614289 804060
613491 813060 614745 813660
614175 804420 615201 805020
614175 805380 614973 805980
614175 807780 614973 808380
614175 809220 614973 809820
614403 811140 614745 811740
614403 814500 614745 815100
614631 806820 617481 807420
615087 814500 615657 815100
615315 804420 616113 805020
615543 801540 616569 802140
615543 811140 616797 811740
615543 813060 616797 813660
615771 812100 616227 812700
615771 814020 616797 814620
615999 802500 616683 803100
615999 815460 619761 816060
616227 804900 616797 805500
616455 805860 617025 806460
616683 802020 617481 802620
616683 807780 617595 808380
616683 810180 617481 810780
616797 814500 617253 815100
616911 802980 617481 803580
616911 803940 617823 804540
616911 808740 617481 809340
616911 813540 618165 814140
617139 812580 617481 813180
617367 804900 617595 805500
617367 805860 617595 806460
617481 802020 618393 802620
617481 802980 618393 803580
617481 808740 618393 809340
617481 810180 618393 810780
617595 811140 617823 811740
617937 814500 620787 815100
618051 811140 618393 811740
618279 803940 620217 804540
618279 805380 625689 805980
618279 806820 620217 807420
618279 807780 620217 808380
618279 812100 619533 812700
618735 813060 633441 813660
619419 811140 619875 811740
619875 810660 620787 811260
619875 817380 620787 817980
620103 802020 622155 802620
620217 818340 622155 818940
620217 819300 622155 819900
620217 820260 622155 820860
620217 821220 622155 821820
620217 822180 622155 822780
620217 823140 622155 823740
620217 824100 622155 824700
620217 825060 622155 825660
620217 826020 622155 826620
620217 826980 622155 827580
620331 811620 620787 812220
620559 815460 622155 816060
620673 802980 629451 803580
620673 807780 629451 808380
621015 814020 621585 814620
621471 811140 621813 811740
621699 814020 622725 814620
622041 806820 636747 807420
622041 808740 636747 809340
622041 809700 636747 810300
622041 811620 622953 812220
622041 817380 636747 817980
622725 814020 623409 814620
623067 811140 624093 811740
623637 814020 624321 814620
623979 812100 624777 812700
625119 814020 625689 814620
626487 814020 627969 814620
628539 814020 629793 814620
629337 804900 632187 805500
629907 802980 635037 804060
630591 811140 631389 811740
630591 814020 631389 814620
631959 812100 635721 812700
632643 804900 637773 805980
632643 814020 633669 814620
633897 822660 648603 823260
633897 827460 648603 828060
634011 802020 634809 802620
634239 814020 635037 814620
634923 801540 649629 802140
636063 814020 637545 814620
636519 811620 637773 812220
636633 803940 636861 804540
636633 812580 638571 813180
636633 818340 644043 818940
636747 806820 641877 807900
636747 808740 641877 809820
637659 814020 638913 814620
638343 811620 639027 812220
638799 813060 639141 813660
639027 812100 639939 812700
639711 802500 654417 803100
640167 814020 654873 814620
640623 811140 641421 811740
641307 812580 641877 813180
641763 803460 656469 804060
641763 804420 656469 805020
642105 811620 643929 812220
642105 812580 653163 813180
643245 806820 644613 807900
643929 805860 647691 806460
643929 809700 658635 810300
644271 811620 644841 812220
644499 814980 651909 815580
645183 811620 645753 812220
646095 811620 649857 812220
646323 806820 646779 807420
647919 807300 648945 807900
648489 805860 649059 806460
648489 817860 655899 818460
648489 818820 655899 819420
648489 819780 655899 820380
648489 823620 655899 824220
648489 824580 655899 825180
648945 806820 650313 807900
650199 805860 650427 806460
651225 821220 695115 821820
651225 822180 665931 822780
651225 826020 695115 826620
651225 826980 665931 827580
651339 811140 652821 811740
651567 805860 653163 806460
652023 807780 655785 808380
653619 811140 654189 811740
653961 812580 655101 813180
654303 806340 656241 806940
654987 811140 655329 811740
655671 811620 656241 812220
655899 805380 656355 805980
656127 812580 663537 813180
656241 807780 657609 808860
657039 811620 668097 812220
657495 805380 658407 805980
657495 806820 664905 807420
657609 817860 658407 818460
657609 818820 658407 819420
657609 819780 658407 820380
657609 823620 658407 824220
657609 824580 658407 825180
657951 802500 658407 803100
658179 803460 658407 804060
658179 804420 658407 805020
658179 814980 659775 815580
658179 815940 659775 816540
658179 816900 659775 817500
658293 801540 659775 802140
658521 818340 673227 818940
659319 802980 659889 803580
659547 803940 670605 804540
659661 814020 674367 814620
660459 802020 661827 803100
660687 808740 661143 809340
662169 809700 664107 810300
662283 802020 663081 802620
662511 802980 664221 803580
664563 801540 671973 802140
664563 802980 671973 803580
664563 809700 668325 810300
664677 817380 672087 817980
664791 804900 668553 805500
664791 805860 668553 806460
664791 807780 668553 808380
665817 823140 673227 823740
667527 806820 669465 807420
668667 808260 671289 808860
668781 810180 669693 810780
669351 805860 670377 806460
669579 807300 671061 807900
669693 809700 669921 810300
670035 810180 670719 810780
670263 804900 671289 805500
670491 806340 671289 806940
670605 811140 670833 811740
671175 809220 672087 809820
671745 804900 672201 805500
671859 806820 673341 807420
671859 807780 672657 808380
671859 810660 672885 811260
672087 803940 673569 804540
672201 802020 672429 802620
672315 809220 673113 809820
672315 811620 673797 812700
672771 808260 673455 808860
673113 822180 695115 822780
673113 826980 695115 827580
673341 810660 674253 811260
673455 804900 674253 805500
673569 802500 674481 803100
673569 808740 674481 809340
673683 806340 674253 806940
673797 801540 674709 802140
674139 803460 674937 804060
674139 807300 675393 807900
674139 809700 674937 810300
674253 813060 688959 813660
674823 805860 675393 806460
674937 808260 675165 808860
675051 804900 676077 805500
675051 810660 675279 811260
675051 812100 675393 812700
675165 809700 675393 810300
675507 810660 676989 811260
675621 802500 675849 803100
675735 805860 676419 806940
675735 809220 676761 809820
676419 807780 676761 808380
676533 803460 676761 804060
676647 802020 677445 803100
676647 805380 677673 805980
676647 812100 691353 812700
676875 806340 677331 806940
676875 808260 677445 808860
677103 803940 677787 805020
677103 809700 678585 810780
677331 806820 678813 807900
677787 804420 679041 805020
678015 803460 679041 804060
678015 805860 692721 806460
678243 801540 679725 802140
678927 809220 693633 809820
679041 804420 679497 805020
679611 802980 680409 803580
679953 807300 687363 807900
680067 802020 681093 802620
680523 804900 680979 805500
681435 802020 682233 802620
681549 814020 696255 814620
683031 802020 690441 802620
688161 804900 695571 805500
688845 814980 696255 815580
688845 818820 696255 819420
688845 819780 696255 820380
688845 823620 696255 824220
688845 824580 696255 825180
691011 811140 698421 811740
693291 806820 695229 807420
693861 817380 695799 817980
694545 809700 695571 810300
695001 816420 696027 817020
695343 803940 696027 804540
695799 808740 696027 809340
