395181 801540 409887 802140
395181 802500 409887 803100
395181 803460 402591 804060
395181 804420 402591 805020
395181 805380 402591 805980
395181 806340 406239 806940
395181 807300 409887 807900
395181 808260 409887 808860
395181 809220 402591 809820
395181 810180 409887 810780
395181 811140 409887 811740
395181 812100 402591 812700
395181 813060 402591 813660
395181 814020 409887 814620
395181 814980 402591 815580
395181 815940 409887 816540
395181 816900 402591 817500
402591 805380 403275 805980
402705 812580 403845 813180
403275 805380 403845 805980
403389 816900 404301 817500
403617 803940 407379 804540
404187 805380 404985 805980
404415 812580 405099 813180
404529 816900 410115 817500
405099 812100 408861 812700
406239 804900 406809 805500
407265 805860 409089 806460
407379 803460 407949 804060
407379 804900 407949 805500
408291 803940 412053 804540
408405 804900 409089 805500
408861 809220 409773 809820
408861 814980 409089 815580
409431 805860 410001 806460
409431 813060 409773 813660
409431 814980 410001 815580
409659 804900 410115 805500
409659 812100 410913 812700
409887 813540 410913 814140
410001 806820 410229 807420
410001 808740 410913 809340
410001 809700 410913 810300
410115 805380 411141 805980
410115 807780 411141 808380
410115 816900 410685 817500
410229 801540 410913 802140
410343 814980 414105 815580
410685 802500 411597 803100
410685 806340 411255 806940
410913 810660 411939 811260
410913 811620 412965 813660
411255 805860 411939 806460
411483 804900 412053 805500
411711 806820 412509 807420
411711 807780 412281 808380
411825 802980 412281 803580
411939 808740 413307 809820
411939 810180 412851 810780
411939 814020 415701 814620
412053 804900 412737 805500
412395 803940 412965 804540
412395 805860 412965 806460
412395 816900 412965 817500
412623 801540 412965 802140
412737 802500 413421 803100
412851 806820 413421 807420
412851 810180 413421 810780
412851 815940 413877 816540
413307 803460 414333 804060
413307 804420 414333 805020
413307 805380 414105 805980
413307 812100 415245 812700
413307 816900 415245 817500
413535 808260 414105 808860
413649 806820 415017 807900
413763 801060 415359 802140
413763 811140 414333 811740
414333 802980 415701 804060
414333 810660 415701 811740
414447 809700 415017 810300
414675 813060 415701 813660
414789 805380 415017 805980
414903 808260 416385 808860
415131 814980 415701 815580
415245 815940 416157 816540
415359 806820 415701 807420
415473 804420 416385 805020
415587 802020 415929 802620
415587 809220 416613 809820
415587 812100 417297 812700
415815 802980 416727 803580
415815 810660 416385 811260
415815 813540 417867 815580
415815 816900 416385 817500
416043 805380 416841 805980
416157 801540 416499 802140
416499 807300 417069 807900
416499 810180 417069 810780
416613 811140 416841 811740
416727 802020 418209 802620
416727 802980 417525 803580
416727 806340 416955 806940
416727 808260 417297 808860
416727 816420 418209 817020
416955 803940 417525 804540
417183 805380 417753 805980
417183 809220 417639 809820
417525 811140 418209 811740
417639 808260 418323 808860
417639 809700 418665 810300
417639 812100 418209 812700
418095 803940 418893 804540
418095 805380 418665 805980
418095 807300 418893 807900
418095 813060 418323 813660
418209 811620 419121 812220
418323 810660 419121 811260
418323 813540 419805 814140
418323 814980 419121 815580
418323 815940 418893 816540
418551 808260 419121 808860
418665 805860 420033 806940
418779 809220 419577 809820
419007 802020 420375 803100
419007 804420 419577 805020
419235 803460 419691 804060
419235 807300 419805 807900
419463 811140 420033 811740
419463 812580 420945 813180
419463 816420 420261 817020
419805 809220 420831 809820
419919 804420 420489 805020
420147 810180 420717 810780
420147 814020 420717 814620
420261 808260 424023 808860
420261 814980 420945 815580
420375 801540 421857 802140
420375 802980 420831 803580
420375 805380 420945 805980
420375 811140 422085 811740
420375 815940 420945 816540
420489 806340 421401 806940
420489 807300 421173 807900
420831 816900 421629 817500
420945 804420 421287 805020
421059 802980 422427 804060
421059 809700 422997 810300
421059 812100 422541 812700
421287 814500 422655 815580
421515 805380 422997 805980
421515 807300 422313 807900
421857 817380 423795 817980
421971 802020 423225 802620
421971 813540 422997 814140
421971 816420 422541 817020
422427 803940 422997 804540
422427 806820 423453 807420
422655 811620 423225 812220
422883 802980 423111 803580
422883 815940 423225 816540
423111 803460 424593 804060
423111 810660 423681 811260
423111 813540 425163 815580
423453 809700 424365 810300
423567 804420 424365 805020
423567 805860 424023 806460
423795 802500 425277 803100
423795 816900 424251 817500
423909 811620 424137 812220
424023 815940 424365 816540
424137 808260 424821 808860
424251 811140 424821 811740
424251 812100 424821 812700
424479 801540 425277 802140
424479 804900 426189 805500
424479 809220 424821 809820
424479 816900 425733 817500
424593 806820 425619 807420
424707 815940 425277 816540
424821 808740 425277 809340
424935 803940 426189 804540
425049 812100 425961 812700
425163 809700 425961 810300
425163 811140 426189 811740
425163 813060 425961 813660
425277 815940 425961 816540
425391 802980 426645 803580
425391 808260 425961 808860
425391 814020 425847 814620
425391 814980 425961 815580
425733 805860 427101 806940
426075 816420 426873 817020
426189 803940 427101 804540
426189 807780 426417 808380
426189 815460 426417 816060
426303 801060 427671 802140
426303 809700 427101 810300
426303 814020 426645 814620
426531 804900 427785 805500
426531 810660 427785 811260
426531 814980 428013 815580
426759 813540 427329 814140
426873 815940 427785 816540
426987 802980 428697 803580
426987 808260 427671 808860
427101 807300 427785 807900
427101 811620 427899 812220
427101 812580 427329 813180
427671 802020 428013 802620
427671 805860 428127 806460
427671 808740 428697 809340
427671 809700 429837 810300
427671 812580 428013 813180
427671 814020 428697 814620
427671 816900 428697 817500
427899 806820 429381 807420
428013 812100 428241 812700
428355 802020 430293 802620
428355 810660 429723 811740
428583 803940 429951 805020
428583 812100 429381 812700
428583 815460 429951 816540
428811 805380 429609 805980
429039 802980 430293 803580
429039 813060 430065 813660
429039 817380 432801 817980
429267 808260 430293 808860
429723 812100 430749 812700
429837 809220 431775 809820
429837 814020 431775 814620
429951 807300 430749 807900
429951 810180 431205 810780
429951 814980 430977 815580
430065 803940 430977 804540
430179 811140 430749 811740
430407 805380 430977 805980
430407 815940 430977 816540
430635 802980 431433 803580
430635 808260 431091 808860
430863 801540 431433 802140
430977 815460 432573 816540
431547 802500 432573 803100
431547 810180 432573 810780
431661 806340 432573 806940
431775 813060 432687 813660
431889 807300 432573 807900
432003 803940 432687 804540
432117 804900 432801 805500
432117 811620 439527 812220
432345 801540 432687 802140
432459 808260 434055 808860
432573 802980 433485 803580
432573 809220 434055 809820
432573 814020 434055 814620
433143 802020 433827 802620
433143 804900 433713 805500
433143 816420 440553 817020
433371 803940 433941 804540
433371 815460 437133 816060
433599 812580 434169 813180
433827 802020 434397 802620
433827 805860 434853 806460
433827 810660 434169 811260
433941 803460 434169 804060
433941 804420 437703 805020
433941 807300 434853 807900
434283 808740 436221 809340
434397 803460 435423 804060
434511 801540 434967 802140
434511 802500 434967 803100
434511 810660 438273 811260
434967 806340 435537 806940
435423 802980 436905 803580
435423 807780 435993 808380
435765 814500 436677 815100
436107 801540 437361 802140
436107 805860 439869 806460
436335 807780 440097 808380
436449 808740 436677 809340
436677 809220 437361 809820
436677 814020 437589 814620
437475 806820 438045 807420
437475 808740 438957 809340
437703 801060 439071 802140
437703 812580 438273 813180
437931 802980 439413 803580
438159 809700 440097 810300
438273 804900 438501 805500
438501 804420 438957 805020
438729 810660 439641 811260
438843 814980 440325 815580
438957 813540 439641 814620
439185 802020 440781 802620
439299 803940 441237 804540
439413 808740 439869 809340
439527 812100 440553 812700
439755 806820 440325 807420
439983 814020 442149 814620
440211 805860 441237 806460
440325 808260 440667 808860
440439 815460 441465 816060
440667 810660 441123 811260
440895 811620 441693 812220
441123 801540 441579 802140
441123 802980 441465 803580
441123 808740 442149 809340
441351 804420 442833 805020
441351 805380 441579 805980
441351 809700 443745 810300
441351 816420 443061 817020
441579 801540 442149 802140
441579 805860 443061 806940
441579 807300 442149 807900
441579 810660 442035 811260
441579 812580 442377 813180
441579 814980 442377 815580
441921 802500 442605 803100
442035 803460 443289 804060
442263 810660 442947 811740
442491 801540 443061 802140
442719 815460 443973 816060
442833 817380 444771 817980
442947 808740 444429 809340
442947 811140 444429 811740
443061 806340 443517 806940
443175 805380 444429 805980
443175 812100 443973 812700
443175 813540 444657 814140
443289 816420 444315 817020
443403 807300 443631 807900
443859 802020 444543 802620
444087 803940 444885 804540
444087 806340 445113 806940
444087 807300 445341 807900
444087 814980 445341 815580
444201 812100 444657 812700
444315 802980 444543 803580
444315 809700 445569 810300
444771 805380 445569 805980
444771 816420 445683 817020
444999 801540 445341 802140
444999 802980 446481 803580
444999 811140 445569 811740
445227 812100 445683 812700
445227 814020 445683 814620
445455 806820 445683 807420
445455 808740 445683 809340
445455 813060 445683 813660
445569 804900 446937 805980
445569 809700 446937 810780
445569 817380 446481 817980
445683 814500 446253 815100
445911 811140 446481 811740
446139 808260 447165 808860
446481 801540 447165 802140
446595 802500 447165 803100
446595 806340 447621 806940
446595 815460 468597 816060
446709 803460 447165 804060
446823 807300 447849 807900
446823 811140 447165 811740
446823 812100 454233 812700
446823 813060 468825 813660
446823 814020 468825 814620
446823 816420 447621 817500
447051 809220 447621 809820
447507 803940 448989 805020
447735 801540 449217 802140
447735 810180 448761 810780
448191 811140 455601 811740
448419 802500 449445 803100
448419 805860 449331 806460
448419 807780 449445 808380
448419 808740 449901 809340
449103 806820 449331 807420
449217 803940 449901 805020
449559 806820 450471 807420
449559 809700 450357 810300
449787 802020 451269 802620
449787 805860 450813 806460
450471 809220 451155 809820
450927 805380 451953 805980
450927 806340 451725 806940
451041 807780 451953 808380
451155 803460 451953 804060
451155 804420 451725 805020
451155 808740 451725 809340
451155 809700 451839 810300
451383 802500 452637 803100
451839 801540 452523 802140
452067 805860 452751 806940
452295 808260 454005 808860
452295 809700 453321 810300
452523 801540 454005 802140
452523 807300 452751 807900
452979 803460 454233 804060
453207 802500 453891 803100
453207 804900 454461 805500
453435 805860 454461 806460
453435 809220 454461 809820
453891 806820 455829 807420
454005 802020 454689 802620
454575 802980 456057 803580
454917 801540 455829 802140
454917 805860 455145 806460
455373 805860 455601 806460
455487 803940 456057 804540
455715 804900 456399 805980
455715 808740 456513 809340
455829 807780 456741 808380
455943 809700 456513 810300
456171 803460 457425 804060
456399 805380 457881 805980
456399 806340 457881 806940
456399 811620 467457 812220
456627 801540 458109 802140
456627 809700 457197 810300
457083 808740 457311 809340
457881 803940 458793 804540
457995 808260 458907 808860
458223 804900 458793 805500
458451 809220 459477 809820
458451 816420 459477 817020
458565 806820 458907 807420
458679 802980 459477 803580
458679 805860 459249 806460
458907 802020 459477 802620
458907 804420 459933 805020
458907 807300 460161 807900
459135 808260 460731 808860
459819 816420 460389 817020
460047 803940 460503 804540
460389 806340 461301 806940
460503 802500 461985 803100
460503 807300 462897 807900
460731 803460 461187 804060
460731 808260 461301 808860
460731 809220 468141 809820
460959 804900 462213 805500
461187 801540 462213 802140
461187 803940 462669 804540
461301 805860 462669 806940
462099 808260 462669 808860
462099 816900 476805 817500
462555 804900 463239 805500
462669 801540 463011 802140
463011 802980 463581 803580
463125 803940 463581 804540
463239 802020 464265 802620
463239 805380 463809 805980
463239 806820 464493 807420
463239 807780 464265 808380
463239 810180 507129 810780
463353 818340 469851 818940
463353 819300 469851 819900
463353 820260 469851 820860
463353 821220 469851 821820
463353 822180 469851 822780
463353 823140 467115 823740
463353 824100 467115 824700
463353 825060 467115 825660
463353 826020 469851 826620
463353 826980 469851 827580
464151 803940 465633 805020
464607 801540 472017 802140
464607 805380 465405 805980
464721 802500 465633 803100
464721 807780 470307 808380
464835 806820 468597 807420
465975 802500 466773 803100
465975 803460 466773 804060
466203 804900 467685 805980
467115 803460 468141 804060
467343 802500 467571 803100
468027 802500 497325 803100
468027 804900 469965 805500
468255 803940 470193 804540
469395 815940 505989 816540
469737 823140 471675 823740
469737 824100 471675 824700
469737 825060 471675 825660
469851 805860 470307 806460
469851 814500 470307 815100
470079 811620 471675 812220
470193 804900 500859 805500
470193 806820 471675 807420
470193 808740 500859 809340
470193 813540 471675 814140
470649 817860 485355 818460
470649 820740 507243 821340
470649 821700 507243 822300
470649 826500 485355 827100
471561 803940 473499 804540
471561 807780 486267 808380
471561 819300 515451 819900
473955 803940 474297 804540
474639 803940 482049 804540
478857 812580 493563 813180
482619 803460 497325 804060
483303 814020 490713 814620
486153 817380 500859 817980
486153 818340 500859 818940
486153 823140 500859 823740
486153 826980 500859 827580
493449 813540 508155 814140
496299 814980 503709 815580
499263 811140 506673 811740
500175 812100 507585 812700
500745 802020 508155 802620
500745 802980 506331 803580
500745 805860 504507 806460
500745 806820 544635 807420
500745 824100 544635 824700
500745 825060 544635 825660
500745 826020 544635 826620
503823 803940 505761 804540
504393 804900 505989 805500
504507 809220 506445 809820
505875 816900 507813 817500
506331 808260 507357 808860
506559 803940 507015 804540
506559 805380 507813 805980
507129 817860 507927 818460
507129 822660 507927 823260
507129 827460 507927 828060
507243 809220 509295 809820
507243 814980 509295 815580
507471 803460 507927 804060
507471 804420 507927 805020
507471 811140 507927 811740
507699 815940 509295 816540
507813 810180 516591 810780
507813 812100 516591 812700
507813 820740 509295 821340
507813 821700 509295 822300
508155 803940 522861 804540
508155 804900 509409 805500
508953 802020 509637 802620
509181 808260 531183 808860
509181 816900 538479 817500
509181 822660 523887 823260
509751 804900 539049 805500
509865 813540 510549 814140
509979 802020 539277 802620
511119 813540 525825 814140
515337 818340 522747 818940
515337 826980 522747 827580
516477 811140 520239 811740
519327 812580 521265 813180
520809 810660 521493 811260
520809 811620 521493 812220
521835 811140 523317 811740
521835 812580 522519 813180
521949 810180 522861 810780
522633 819300 544635 819900
522747 812100 523203 812700
523431 810660 545433 811260
523773 821700 531183 822300
523887 811620 525369 812700
526281 813060 527877 813660
528219 813060 529473 813660
529815 813060 532437 813660
529929 815460 537339 816060
531069 803460 545775 804060
531069 827460 533007 828060
532893 813060 533577 813660
533463 827460 534033 828060
534717 808260 535743 808860
534831 813060 535401 813660
535515 813060 536085 813660
535971 808260 536655 808860
536655 808260 537453 808860
537339 813060 537567 813660
537681 808260 537909 808860
537795 813060 539049 813660
538365 814020 542127 814620
538365 814980 542127 815580
538365 815940 542127 816540
538365 817860 553071 818460
538707 808260 539505 808860
539391 813060 540645 813660
539847 811620 545433 812220
540075 802500 540645 803100
540075 808260 540873 808860
541215 808260 542697 808860
542013 816900 543039 817500
542583 802500 543267 803100
542583 804900 544521 805500
542583 813060 543381 813660
542697 807780 542925 808380
542697 815460 543609 816060
542925 814020 543153 814620
543039 816420 543381 817020
543267 802500 544293 803100
543267 807780 544179 808380
543381 813060 543837 813660
543723 814980 544977 815580
543837 816420 544749 817020
543951 805860 544977 806460
544179 808260 545661 808860
544179 813060 544977 813660
544407 814020 551817 814620
544521 809700 545547 810300
544521 820260 545547 820860
544521 821220 545547 821820
544521 822180 545547 822780
544521 826980 545547 827580
544635 802020 545547 802620
544863 815940 545661 816540
545319 804900 546915 805500
545433 805860 554211 806460
545433 806820 554211 807420
545433 810660 554211 811260
545433 811620 554211 812220
545433 819300 546915 819900
545433 823140 546915 823740
545433 824100 546915 824700
545433 825060 576099 825660
545433 826020 546915 826620
545547 813060 546801 813660
545547 814980 552957 815580
545547 816900 556605 817500
545661 801540 547599 802140
545775 815940 546231 816540
546003 808260 546345 808860
546687 808260 547941 808860
546801 802980 549651 803580
546801 821220 550563 821820
547485 813060 547941 813660
548055 813060 549309 813660
548283 808260 549765 808860
548625 802020 549081 802620
549195 801540 550221 802140
549537 813060 550221 813660
549651 802500 551361 803100
549765 815940 551361 816540
549993 807780 550677 808380
550449 813060 551361 813660
551247 807780 551817 808380
551361 802980 552273 803580
551361 821220 551703 821820
551475 802020 552729 802620
551703 813060 552273 813660
552159 807780 553869 808380
552159 815940 552615 816540
552159 821220 552843 821820
552501 813060 553185 813660
552957 801060 553641 802140
552957 803460 556719 804060
552957 804420 553413 805020
552957 809220 556719 809820
552957 820740 564015 821340
552957 822660 567663 823260
553071 815460 553299 816060
553185 814500 553641 815100
553755 814980 556377 815580
553983 815940 554439 816540
554097 813540 557859 814140
554439 801540 556149 802140
554439 804420 554781 805020
554439 812100 556377 812700
554667 802500 555237 803100
554781 805380 555465 805980
554895 807780 557061 808380
554895 815940 555807 816540
555009 806820 555465 807420
555465 805860 556149 806460
555579 810180 557517 810780
556035 806820 556605 807420
556263 802020 557061 802620
556263 805380 558885 805980
556263 815940 557973 816540
556491 804420 557745 805020
556947 802980 557517 803580
556947 806340 557517 806940
557061 807780 557517 808380
557175 801540 558657 802140
557175 812100 559341 812700
557517 809220 558429 809820
557631 802500 558201 803100
557631 811140 558429 811740
557745 803460 558429 804060
557745 817380 558429 817980
557859 806820 558885 807420
557859 808260 558429 808860
557859 814020 558657 814620
558315 815940 559341 816540
558543 804420 560025 805020
558543 813060 559341 813660
558543 814980 559569 815580
558771 810180 559341 810780
558771 811140 559341 811740
558885 803460 559455 804060
558885 809220 559797 809820
559227 802500 560253 803100
559227 806820 560253 807420
559227 807780 560025 808380
559227 816900 560481 817500
559455 810180 560253 810780
559455 811140 560709 811740
559683 805860 561849 806460
559683 814500 561849 815100
559683 815460 560481 816060
559911 803460 560481 804060
559911 812580 561393 813180
560139 801060 561621 802140
560139 808260 560709 808860
560253 804420 560481 805020
560253 817860 562191 818460
560253 818820 563103 819420
560253 819780 564015 820380
560481 815460 560937 816060
560595 802500 561165 803100
560823 803460 561849 804060
560823 804900 561849 805500
560823 807780 561849 808380
560823 816420 561507 817500
561279 811140 561849 811740
561507 808740 561849 809340
561507 809700 562305 810300
561735 812580 562533 813180
561735 815940 562191 816540
561963 806820 564129 807420
562077 801060 563445 802140
562191 808260 562989 808860
562305 815460 562761 816060
562419 802500 563673 803100
562419 803460 563217 804060
562419 804900 562875 805500
562419 805860 562647 806460
562419 809220 562647 809820
562419 816420 562761 817020
562419 817380 562875 817980
562647 810660 564015 811740
562647 813540 563217 814140
562875 815460 564129 816060
562875 817380 564129 817980
563103 807780 563673 808380
563217 813540 563901 814620
563331 804900 563559 805500
563331 812100 564585 812700
563445 809700 564129 810300
563445 818340 563787 818940
563559 803940 564129 804540
563787 805860 564585 806460
563787 808740 564699 809340
563901 807780 564585 808380
564015 802500 565041 803100
564015 814500 565041 815100
564015 816420 564585 817020
564015 818340 566181 818940
564015 820260 565041 820860
564015 821220 564585 821820
564129 803940 564813 804540
564129 809700 564813 810780
564243 804900 564813 805500
564471 801060 565839 802140
564471 813060 565041 813660
564585 817380 565497 817980
564699 807300 565041 807900
564699 815460 566181 816060
564813 803940 566181 805020
564813 810660 566181 811740
565155 808260 566181 808860
565155 812580 566637 813180
565155 813540 565725 814140
565155 819300 566181 819900
565155 820740 566181 821340
565497 814500 565725 815100
565611 805380 566637 805980
565839 801540 567093 802140
565839 814020 567093 814620
565839 817380 567549 817980
566067 802980 566637 803580
566295 806820 566751 807420
566295 816420 567321 817020
566409 820740 568233 821340
566523 808260 566865 808860
566523 810660 567207 811740
566523 815460 566865 816060
566637 803940 567549 804540
566637 821700 567549 822300
566751 802500 567435 803100
566979 806820 568347 807900
566979 819300 567321 819900
567207 805380 568005 805980
567207 813060 567777 813660
567435 814500 568461 815100
567435 815940 568005 816540
567549 802980 568233 803580
567549 803940 568917 805020
567549 823620 578607 824220
567891 809700 568689 810780
568119 808260 569601 808860
568119 811620 568347 812220
568233 818340 568917 818940
568347 811140 569829 811740
568347 815940 568917 816540
568575 802020 568917 802620
568575 805380 569829 805980
568575 806340 569601 806940
568575 813540 570513 814140
568575 816900 569829 817500
568575 819780 569487 820380
568689 814980 569373 815580
568803 802980 569145 803580
568803 812100 569373 812700
568803 820740 570285 821340
568803 821700 569373 822300
568917 807300 569145 807900
569031 803940 570627 805020
569145 809700 570513 810780
569259 818340 569829 818940
569487 815940 570057 816540
569715 802980 570057 803580
569829 812100 570057 812700
569943 807300 570969 807900
569943 814500 571425 815580
569943 819780 570741 820380
570057 817860 570285 818460
570171 802020 571425 802620
570171 808260 570513 808860
570171 812580 570399 813180
570399 815940 570969 816540
570399 817380 571425 817980
570627 821700 571425 822300
570741 820740 571653 821340
570855 804420 571425 805020
570855 812580 571653 813180
570969 805860 572109 806460
571083 810660 571539 811260
571083 818340 571539 818940
571197 802980 572109 803580
571197 809220 572109 809820
571197 811620 571653 812220
571197 819780 571539 820380
571197 822660 572109 823260
571311 808260 572337 808860
571311 815940 571881 816540
571425 816900 571881 817500
571539 806820 572565 807420
571539 814980 572337 815580
571995 802020 572451 802620
571995 810660 573477 811740
571995 812100 572337 812700
571995 817860 572793 818460
572109 821700 572337 822300
572223 802980 573591 804060
572337 816420 573021 817500
572451 819300 573135 820380
572451 821220 573021 821820
572679 805380 573705 805980
572907 801540 574389 802140
572907 804420 573933 805020
572907 812580 574389 813180
573021 820740 573705 821340
573135 806820 573933 807420
573135 813540 573933 814140
573135 815460 574161 816060
573363 814500 573705 815100
573363 822660 573819 823260
573477 808260 574161 808860
573477 811620 574047 812220
573591 802500 574617 803100
573591 809220 573933 809820
573591 818340 574389 818940
573591 819300 575757 819900
573591 821700 575301 822300
573705 805860 574389 806460
573705 816420 574389 817020
573819 817380 575301 817980
573819 820260 575301 821340
574047 822660 575985 823260
574389 808740 574617 809340
574503 809700 575871 810780
574731 803460 575529 804060
574731 805380 575073 805980
574959 814500 576213 815100
575187 804420 576213 805020
575187 806820 575985 807900
575187 812100 576213 812700
575187 813540 576441 814140
575187 815940 576441 816540
575415 808260 576441 808860
575415 817860 576441 818460
575415 820740 577809 821340
575529 801060 576213 802140
575529 805380 576213 805980
575643 816900 577125 817500
575643 821700 576441 822300
575757 802500 576897 803100
575757 811140 576327 811740
575985 803460 576213 804060
575985 826980 590691 827580
576099 819300 577125 819900
576327 804900 578493 805500
576327 812580 577353 813180
576783 801540 577581 802140
576783 805860 578265 806940
576783 808740 577011 809340
576783 809700 577011 810300
576783 810660 577467 811740
576897 821700 577125 822300
577011 803460 578493 804060
577011 807300 577239 807900
577011 822660 577581 823260
577125 819300 577809 820380
577239 815940 577809 816540
577467 810660 578493 811260
577467 814500 577923 815100
577581 822180 577809 822780
577695 807300 578721 807900
577695 808260 579405 808860
577695 812100 579177 812700
577695 813060 579177 813660
577695 817860 578949 818460
578037 801540 578721 802140
578037 822660 578721 823260
578151 809220 579177 809820
578151 820260 578949 820860
578265 818820 578949 819420
578379 814020 578607 814620
578379 814980 578949 815580
578379 816900 578721 817500
578493 803940 579177 805020
578493 806340 578949 806940
578493 815940 579177 816540
578721 802020 579405 803100
578835 805380 580317 805980
578835 821220 579291 821820
578949 816900 579405 817500
579177 823140 580089 823740
579291 809700 580659 810780
579519 804420 579747 805020
579519 807300 581001 807900
579519 811620 581001 812220
579633 824100 580659 824700
579633 825060 581571 825660
579747 821220 581001 821820
579975 812580 581001 813180
580089 806340 581001 806940
580203 802020 581457 802620
580203 813540 580431 814140
580203 814500 581001 815580
580203 817380 581685 817980
580203 818340 581229 818940
580203 820260 581001 820860
580431 815940 581229 816540
580431 819300 581457 819900
580545 808740 581115 809340
580659 803460 581685 804060
580659 822180 581457 822780
580887 804420 581685 805020
580887 809700 581229 810300
581001 824100 581457 824700
581115 807300 582141 807900
581229 814500 581913 815580
581457 805860 582825 806940
581571 801540 583053 802140
581571 813540 582369 814140
581571 820260 581913 820860
581571 821700 582141 822300
581571 823620 583053 824220
581685 824580 582597 825180
581799 810660 582597 811260
581799 811620 582369 812220
581913 816420 582597 817500
582255 808740 583053 809340
582369 809700 583281 810300
582369 820260 582597 820860
582483 803940 583965 804540
582483 812580 583737 813180
582483 817860 583053 818460
582597 802500 582825 803100
582597 804900 583281 805500
582711 819780 583167 820380
582711 821700 583167 822300
582711 822660 583167 823260
582825 807780 583965 808380
582939 811140 584535 811740
582939 814020 584535 814620
582939 814980 584535 815580
582939 820740 584535 821340
582939 824580 583167 825180
583053 802980 583281 803580
583053 806340 584535 806940
583053 815940 584535 816540
583053 816900 584535 817500
583053 818820 584535 819420
583053 823620 591831 824220
583053 825540 591831 826140
583167 802020 583395 802620
583851 802020 585333 802620
584079 808740 584535 809340
584079 809700 584649 810300
584421 803460 585105 804060
584421 804420 585333 805020
584421 807780 585333 808380
584421 813060 584877 813660
584421 817860 585105 818460
584421 821700 585105 822300
584421 822660 586017 823260
584535 805380 585105 805980
584535 816900 584991 817500
584763 819300 585789 819900
584991 813060 587385 813660
584991 815940 585903 816540
585105 821700 585789 822300
585219 802980 585903 803580
585219 814980 586017 815580
585219 820740 585789 821340
585447 810180 586473 810780
585675 801540 586473 802140
585675 806820 586473 807420
585675 807780 587385 808380
585675 809220 586473 809820
585675 811620 586017 812220
585675 814020 585903 814620
585675 817380 587385 817980
585903 803460 586929 804060
585903 804900 586359 805500
586131 819300 587613 820380
586245 811620 586473 812220
586245 820740 586473 821340
586359 815460 587727 816540
586473 801060 587841 802140
586587 804420 586815 805020
586587 810660 587043 811260
586587 814500 587385 815100
586587 822180 588069 823260
586701 820740 587613 821340
586815 805380 587613 805980
586929 808740 587157 809340
587043 802980 588069 803580
587043 810660 588069 811260
587271 809220 588297 809820
587499 812580 588981 813180
587499 817860 588867 818460
587613 805860 588297 806460
587613 806820 588297 807420
587613 814020 588753 814620
587727 808260 588069 808860
587955 803940 588297 804540
587955 804900 588297 805500
587955 814980 588981 815580
587955 818820 588183 819420
587955 820260 588183 820860
587955 821220 588981 821820
588069 816420 588753 817500
588183 810180 588753 810780
588183 811140 589209 811740
588411 802020 589779 803100
588411 822180 588867 822780
588639 803940 590007 805020
588639 806340 589095 806940
588639 807780 589665 808380
588867 819300 590349 820380
589095 809220 590577 809820
589095 815940 590349 816540
589095 817380 590577 818460
589209 810180 589437 810780
589323 811620 590349 812220
589323 820740 590121 821340
589437 805380 589665 805980
589551 813060 590007 813660
589551 814020 592173 814620
589779 801540 591261 802140
590121 814980 591033 815580
590235 805860 591033 806460
590235 806820 590805 807420
590463 802500 591033 803100
590463 803460 590691 804060
590463 804420 591033 805020
590463 807780 591261 808380
590463 810660 592173 811260
590463 812580 591261 813660
590463 818820 591945 819420
590577 820740 591489 821340
590691 808740 592173 809340
590691 815940 591717 816540
590691 817380 592857 817980
590691 819780 591261 820380
591489 822180 592059 822780
591489 826980 592059 827580
591603 807780 592401 808380
591603 821220 592059 821820
591717 811620 591945 812220
591717 824580 592059 825180
591831 802980 592857 803580
591831 804900 592401 805500
591831 820260 592059 820860
592059 815460 594453 816060
592173 802020 592857 802620
592173 805860 592857 806460
592287 814500 592857 815100
592287 816420 593085 817020
592515 812580 593085 813180
592743 804420 593769 805020
592743 806820 592971 807420
592743 807780 593085 808380
592743 810660 594909 811260
592743 811620 594909 812220
592743 813540 593085 814140
592857 801060 594225 802140
592971 817380 593427 817980
593427 809220 594909 809820
593427 812580 594225 813180
593655 802980 594225 803580
593655 814500 594909 815100
594111 806340 595365 806940
594111 807300 594909 807900
594111 817380 594909 817980
594225 805380 594453 805980
594339 808260 596961 808860
594567 802980 595593 803580
594795 812580 596049 813180
594795 813540 595365 814140
594795 815940 595365 816540
595023 809700 596961 810300
595023 816900 596277 817500
595251 803940 596277 804540
595251 804900 595593 805500
595251 807300 595479 807900
595251 810660 595593 811260
595251 811620 595479 812220
595251 814500 595593 815100
595479 801540 596391 802140
595479 813540 596505 814140
595935 802500 596505 803100
595935 805380 596505 805980
595935 810660 596733 811260
595935 815460 596733 816060
596049 814500 596277 815100
596391 811620 597189 812220
596619 804900 597645 805500
596619 806820 597873 807420
596619 816900 597189 817500
596847 802020 597873 802620
596847 803460 597873 804060
596847 805860 597873 806460
596847 813540 597645 814140
596847 814980 599241 815580
597075 810660 597645 811260
597075 815940 597759 816540
597303 812580 598557 813180
597531 811620 597873 812220
597759 804420 598671 805020
597759 807780 598671 808380
597759 808740 598671 809340
597759 809700 598671 810300
597759 813540 598443 814140
598443 811140 598785 811740
598443 813540 599013 814140
598443 815940 599013 816540
598557 801540 613263 802140
598557 802500 602319 803100
598557 805860 602319 806460
598557 806820 609615 807420
599127 811140 601749 811740
599355 803460 601065 804060
599355 813540 600153 814140
599469 808260 599697 808860
599469 810180 599925 810780
599583 812100 600153 812700
599583 814500 600153 815100
599583 815460 600153 816060
600153 812580 601521 813660
600267 814020 601293 814620
600381 809220 601065 809820
600723 815940 600951 816540
601179 808260 608589 808860
601407 810180 608817 810780
601407 815460 616113 816060
601635 813060 604257 813660
601635 814500 602661 815100
602205 811140 602661 811740
602547 809220 609045 809820
602775 805860 604485 806460
603117 814500 604029 815100
603231 811620 604029 812220
604143 814020 605169 814620
604599 802500 612009 803100
605055 811620 606537 812700
605511 814500 606765 815100
605853 803940 609615 804540
605853 804900 608703 805500
606651 813060 607449 813660
606879 814020 608133 814620
607107 812100 609273 812700
608019 805860 609045 806460
608247 813540 609729 814140
608247 814500 609729 815100
608703 811140 609957 811740
609159 808740 609957 809820
609387 804900 610185 805980
609501 807780 609729 808380
609615 810180 609957 810780
609615 812580 609957 813180
610071 806340 617481 806940
610071 813060 611553 813660
610299 807300 616797 807900
610299 808260 616797 808860
610299 811140 611781 811740
610527 803940 614289 804540
610527 809700 611325 810780
610527 814020 611553 814620
610755 804900 614517 805500
610755 816420 618165 817020
611211 812100 612921 812700
611553 814500 612237 815100
612123 811140 612693 811740
612123 813060 613605 813660
612579 814020 613149 814620
613035 811140 614517 811740
613491 809220 614289 809820
613491 814020 614517 814620
614403 802980 614745 803580
614403 812100 615201 812700
614631 811140 615657 811740
614859 801540 615657 802140
614859 805380 616797 805980
614859 809220 615429 809820
614859 810180 616797 810780
614973 814500 615201 815100
615087 804420 615429 805020
615087 813540 616569 814140
615315 802980 616911 803580
615543 814500 616569 815100
615771 811620 616227 812220
615999 804420 616797 805020
615999 809220 617823 809820
616455 801540 617025 802140
616683 811140 617709 811740
616683 812100 618393 812700
616683 813060 617481 813660
616683 814020 617367 814620
616911 802500 617481 803100
616911 803460 617823 804060
617139 817380 619077 817980
617367 801540 617595 802140
617367 804420 617595 805020
617367 810180 617595 810780
617481 802500 618393 803100
617481 805860 618393 806460
617481 806820 618393 807420
617481 807780 618393 808380
617595 814500 618051 815100
617709 811140 618165 811740
618051 803940 618393 804540
618051 809220 618393 809820
618051 813540 619077 814140
618279 801540 629337 802140
618279 804900 620217 805500
618279 810180 647577 810780
618279 811140 619533 811740
618735 812580 620673 813180
619191 814020 619989 814620
619305 817860 634011 818460
619305 818820 648603 819420
619305 819780 648603 820380
619305 820740 655899 821340
619305 821700 655899 822300
619305 822660 634011 823260
619305 823620 648603 824220
619305 824580 648603 825180
619305 825540 655899 826140
619305 826500 655899 827100
619305 827460 634011 828060
619647 815460 620673 816060
619761 811140 620673 811740
619875 816420 620787 817020
620103 802980 620787 803580
620103 805860 622155 806460
620103 806820 622155 807420
620103 807780 620787 808380
620103 808740 622155 809340
620103 813540 622155 814140
620673 804900 629451 805500
620673 811620 622155 812220
620673 814500 622155 815100
622041 803940 636747 804540
622041 812580 636747 813180
622041 815460 651339 816060
622041 816420 651339 817020
622611 814020 622839 814620
622839 811620 624093 812220
623295 814020 623751 814620
624207 814020 625233 814620
624663 802500 625461 803100
625575 814020 626601 814620
626031 811140 626601 811740
627855 814020 628653 814620
628539 811140 629337 811740
629223 808260 632073 808860
629679 814020 630705 814620
629907 801060 635037 802140
630363 802500 634125 803100
630363 811620 631161 812220
631275 814020 632757 814620
631959 805380 632757 805980
632073 807780 632529 808380
632643 811140 633669 811740
632871 807300 636633 807900
633555 814020 634353 814620
634239 811140 634809 811740
634923 802980 636861 803580
634923 814020 636177 814620
635835 811140 637089 811740
636519 809220 636861 809820
636633 806820 636861 807420
636633 813540 651339 814140
636747 803940 641877 805020
637203 814500 644613 815100
637431 808260 652137 808860
637431 812100 637773 812700
637659 805380 652365 805980
638343 811140 639369 811740
638457 812580 639141 813180
639711 802020 654417 802620
639711 811620 639939 812220
640395 811620 640737 812220
640395 812580 641421 813180
641763 806820 643359 807420
641763 809220 649173 809820
641763 811620 642219 812220
641763 812580 642219 813180
642447 811140 643017 811740
643359 811140 643815 811740
643815 811620 644385 812220
643929 817380 649515 817980
644499 806820 646437 807420
644499 811140 645753 811740
646095 811140 647007 811740
646665 806820 648033 807900
647235 811140 650997 811740
648831 806820 649059 807420
649743 817380 650199 817980
650199 806340 650427 806940
650199 807300 653961 807900
651225 810660 658635 811260
651225 811620 651453 812220
651225 819300 695115 819900
651225 823140 665931 823740
651225 824100 695115 824700
651567 806340 653163 806940
651795 814980 658293 815580
652707 808740 655557 809340
652707 811620 653049 812220
653049 812580 654075 813180
654303 805860 656241 806460
654303 811620 655785 812220
654531 815940 658293 816540
654987 812580 656241 813180
655443 816900 658293 817500
655671 806820 656355 807900
655785 817860 657723 818460
655785 827460 657723 828060
656127 811620 657153 812220
656241 804900 657609 805980
656241 808740 657609 809820
656355 802980 658293 803580
656355 803940 658293 804540
656811 801540 658407 802140
657495 806340 658407 806940
657495 807300 658407 807900
657495 814020 658407 814620
657609 820740 658407 821340
657609 821700 658407 822300
657609 825540 658407 826140
657609 826500 658407 827100
658293 802500 659775 803100
658293 803460 667071 804060
658293 804420 667071 805020
658293 805380 667071 805980
658293 808260 667071 808860
658293 809220 667071 809820
658293 817860 659775 818460
658293 827460 659775 828060
658521 813540 673227 814140
659661 814980 688959 815580
659661 815940 696255 816540
659661 816900 696255 817500
659661 820740 696255 821340
659661 821700 696255 822300
659661 825540 696255 826140
659661 826500 696255 827100
660459 801060 661827 802140
661713 802500 662739 803100
662169 810660 664107 811260
662511 801540 664677 802140
663423 812580 678129 813180
664221 802500 667071 803100
664563 810660 664905 811260
664791 806820 667641 807420
665247 810660 669009 811260
667299 802020 667869 802620
667983 811620 670833 812220
668211 809700 669807 810300
668325 808740 669921 809340
668439 804900 670377 805500
668439 805860 669465 806460
668667 807780 671061 808380
669009 802020 670035 802620
669351 806820 670035 807420
669807 809700 670377 810300
669807 810660 670491 811260
670035 802020 671403 803100
670263 805860 670833 806460
670491 803940 671517 804540
670491 810660 671973 811260
670947 809700 671631 810300
671175 805380 671973 805980
671175 806340 672429 806940
671175 808260 672429 808860
671175 811620 672429 812220
671517 803460 672429 804060
671517 804420 672201 805020
671859 801540 672657 802140
671859 807300 672885 807900
671859 809700 672885 810300
672201 802500 672429 803100
672543 808740 672999 809340
672771 810660 673455 811260
672999 808740 673683 809820
673113 823140 695115 823740
673227 805380 674253 805980
673227 806820 674253 807420
673455 803460 674253 804060
673455 804420 674709 805020
673455 810180 674709 810780
673569 802020 674481 802620
673683 807780 674253 808380
673683 811140 674253 811740
674253 814020 681663 814620
674253 817860 696255 818460
674253 827460 696255 828060
674367 808740 675849 809820
674367 811140 675621 811740
674595 806340 675393 806940
674823 802980 675393 803580
674823 805380 675393 805980
674937 807780 675165 808380
675621 802020 675849 802620
675621 805860 675849 806460
675849 801540 676761 802140
675849 807300 676761 807900
675963 804420 677217 805020
676191 803460 676647 804060
676305 805860 676989 806940
676419 808260 676989 808860
676419 811140 691125 811740
676647 802980 678357 803580
676647 809220 677673 809820
676647 810180 676875 810780
677217 806340 691923 806940
677331 801540 677787 802140
677331 807780 677787 808380
677559 804900 679041 805980
677787 802020 678357 802620
678243 807780 678813 808380
678471 803940 679497 804540
678471 810180 693177 810780
678699 802500 680637 803100
678927 808740 679497 809340
679611 801540 680409 802140
679611 803460 680067 804060
679611 807300 680067 807900
679725 808740 687135 809340
680409 804900 680637 805500
680637 801540 688047 802140
680751 803940 695457 804540
680865 804900 688275 805500
687249 807300 694659 807900
687705 813540 695115 814140
690327 802020 695913 802620
691239 811620 695001 812220
692607 805860 695457 806460
692607 812580 695457 813180
693519 809220 696369 809820
694887 802980 695913 803580
695115 807780 696027 808380
695571 814500 696027 815100
695799 811620 696027 812220
