394953 802020 396435 802620
394953 802980 396435 803580
394953 803940 403731 804540
394953 804900 403731 805500
394953 805860 403731 806460
394953 806820 403731 807420
394953 807780 403731 808380
394953 808740 403731 809340
394953 809700 403731 810300
394953 810660 396435 811260
394953 811620 396435 812220
394953 812580 396435 813180
394953 813540 403731 814140
394953 814500 396435 815100
394953 815460 403731 816060
394953 816420 396435 817020
394953 817380 396435 817980
399057 816420 399513 817020
399741 816420 414447 817020
402477 812100 403161 812700
403731 805380 404301 805980
403731 811620 404985 812220
403731 812580 404529 813180
404529 804900 404985 805500
404985 812580 408747 813180
405327 804900 406353 805500
406125 803460 407151 804060
406125 806340 408975 806940
406125 809220 408975 809820
406125 814980 408975 815580
406695 804900 407493 805500
407265 803940 407949 804540
407607 805380 408177 805980
407949 804420 408861 805020
408519 805380 410229 805980
408747 812100 409773 812700
408861 813060 409545 813660
408975 814980 409545 815580
409089 807780 409773 808380
409203 804420 409545 805020
409659 806340 410229 806940
409659 809220 410229 809820
409659 813060 410913 813660
409773 801540 410343 802140
409773 802500 410799 803100
409773 807300 410799 807900
409773 808260 410229 808860
409773 810180 411711 810780
409773 811140 411711 811740
409773 814020 410913 814620
409887 804420 410457 805020
409887 814980 410457 815580
410343 805860 410913 806460
410799 801540 412737 802140
410799 804420 411483 805020
410799 806820 411825 807420
410799 808740 412053 809340
410799 812100 411027 812700
410913 802980 411939 803580
410913 814500 414675 815100
411027 805380 411597 805980
411027 807780 411825 808380
411255 815460 411597 816060
411825 805860 412509 806460
411825 810660 412737 811260
411939 803940 412509 804540
411939 804900 412167 805500
412053 807300 412509 807900
412167 802980 413421 803580
412167 808260 412737 808860
412167 809700 413421 810300
412167 813540 412737 814140
412623 804900 414105 805500
412623 806340 413877 806940
412737 802020 413421 802620
412851 803940 413421 804540
412851 807780 413877 808380
412851 811140 413877 811740
412851 812100 413421 812700
412851 813060 414789 813660
412851 815460 413877 816060
413193 808740 413763 809340
413421 802020 415017 803100
413991 808260 415017 808860
413991 809700 414561 810300
414219 803460 414447 804060
414219 805860 414447 806460
414219 810660 414447 811260
414447 804900 415701 805500
414903 806820 415473 807420
414903 809700 415701 810300
414903 811620 415815 812220
414903 814980 415245 815580
415131 816900 415929 817500
415245 801540 416271 802140
415245 815460 416157 816060
415359 813540 415929 814140
415473 803940 415929 804540
415473 814500 415929 815100
415587 802980 415929 803580
415587 805860 416613 806460
415587 806820 417069 807420
415587 807780 416385 808380
415587 808740 416613 809340
415587 810660 415929 811260
415587 812580 415815 813180
415815 804900 416385 805500
416157 816420 416841 817020
416271 802020 416841 802620
416271 803460 416613 804060
416271 809700 416841 810300
416271 810660 417069 811260
416499 811620 417981 812220
416613 802980 416841 803580
416613 808740 417525 809340
416727 804900 417525 805500
416955 802500 418209 803100
416955 803460 417525 804060
416955 812580 417753 813180
417183 807780 417981 808380
417183 809700 417753 810300
417183 810660 417981 811260
417411 815460 418893 816060
417639 801540 418209 802140
417639 805380 418209 805980
417753 813540 418437 814140
417753 814500 418893 815100
417867 806820 419805 807420
417981 804420 418437 805020
418095 803460 418437 804060
418095 808740 420033 809340
418095 811140 418437 811740
418095 812100 419805 812700
418095 816420 419577 817020
418209 801060 419577 802140
418209 817380 421971 817980
418323 807780 418893 808380
418323 810180 418893 810780
418551 804900 419121 805500
418779 803940 419349 804540
418779 811140 419577 811740
419007 802980 419235 803580
419007 809700 419463 810300
419007 814500 420375 815580
419463 804420 420033 805020
419463 810180 420261 810780
419463 813060 419805 813660
419577 803460 420489 804060
419919 805860 421401 806460
419919 811140 420489 811740
419919 815940 420489 816540
420261 802020 421173 802620
420261 807780 420717 808380
420261 809700 420717 810300
420375 804420 421059 805020
420603 811620 421173 812220
420603 814020 422997 814620
420717 802980 421173 803580
420717 809220 421401 809820
420831 812580 422199 813660
420831 814980 421401 815580
420831 816420 421401 817020
420945 810180 421629 810780
421059 807300 421629 807900
421173 803940 422541 805020
421401 805380 421629 805980
421515 816420 422085 817020
421629 805860 422997 806940
421743 801540 422427 802140
421743 807780 422313 808380
421857 810180 422313 810780
421971 802500 422541 803100
421971 811140 422883 811740
422199 812580 423453 813180
422313 815460 423225 816060
422427 816420 422997 817020
422541 808740 423339 809340
422655 807780 424593 808380
422655 810180 423681 810780
422883 801540 423225 802140
422883 802500 423909 803100
422883 803940 423681 805020
423111 811140 423681 811740
423225 805380 423909 805980
423339 806340 423909 806940
423567 812100 424023 812700
423567 816420 424365 817020
423681 801540 424593 802140
423681 817380 424593 817980
423909 802980 424821 803580
423909 805860 425277 806940
424023 804900 424593 805500
424023 811620 424593 812220
424251 809700 425277 810300
424251 810660 424821 811260
424479 808740 424935 809340
424479 815460 425733 816060
424593 807300 425619 807900
424593 812580 424821 813180
424707 804420 425505 805020
424707 816420 425277 817020
424935 811620 425961 812220
425049 803460 425277 804060
425049 813540 425505 814140
425049 814500 425505 815100
425163 801540 426417 802140
425163 802500 425961 803100
425163 808260 425505 808860
425163 812580 425505 813180
425391 810180 425961 810780
425619 805380 425961 805980
425619 807780 426303 808380
425619 816900 427785 817500
425733 814020 426417 814620
425847 812580 427215 813660
425847 814980 426645 815580
425847 815940 426417 816540
426075 803460 426303 804060
426075 804900 426645 805500
426075 810180 426645 810780
426075 811140 427785 811740
426303 802500 426531 803100
426303 807780 427329 808380
426531 802980 427101 803580
426531 814020 427329 814620
426759 804420 427785 805020
426759 808740 427329 809340
426873 815460 427101 816060
426987 805860 427785 806460
426987 809700 427785 810300
427101 806820 428013 807420
427215 812580 427785 813180
427557 801540 428013 802140
427557 808260 428013 808860
427671 802500 427899 803100
427671 803460 429381 804060
427671 813540 428697 814140
427671 815940 428697 816540
427785 811620 428697 812220
427785 817380 428469 817980
427899 810180 430065 810780
427899 812580 428697 813180
427899 814500 428469 815100
428013 805860 429381 806940
428355 801540 429153 802140
428355 804420 428697 805020
428583 802500 429153 803100
428583 807300 429153 807900
428583 808740 429951 809820
428583 816900 429609 817500
429039 804900 429609 805500
429039 812580 429267 813180
429153 811620 430065 812220
429267 807780 430977 808380
429495 801540 429951 802140
429723 806340 430521 806940
429723 814500 430977 815100
429723 816420 430977 817020
429837 802500 430293 803100
429837 803940 430179 804540
429837 813540 437247 814140
429837 815460 430293 816060
429951 804900 430977 805500
429951 812580 433713 813180
430065 809700 430977 810300
430179 801540 430977 802140
430179 808740 430749 809340
430179 810660 430749 811260
430635 802500 430863 803100
430635 815460 431091 816060
430863 803460 432345 804060
430977 807780 432573 808860
431091 810180 431661 810780
431091 811140 432345 811740
431205 802020 431889 802620
431319 816900 432345 817500
431661 805860 432573 806460
431661 809220 432687 809820
431775 804420 432687 805020
431889 806820 432573 807420
432003 801540 432459 802140
432117 814500 435879 815100
432459 802500 434055 803100
432459 810180 434055 810780
432459 815460 433485 816060
432573 801540 434055 802140
432573 803460 434055 804060
432573 811140 434055 811740
432573 816900 434055 817500
432687 804900 433257 805500
433143 805860 433941 806460
433143 806820 434169 807420
433599 804900 434397 805500
433941 808260 440439 808860
433941 809220 436791 809820
433941 812100 437703 812700
433941 815940 434169 816540
434055 801540 434625 802140
434055 802500 434625 803100
434055 803460 434511 804060
434055 810660 434625 811260
434169 817380 442947 817980
434397 805380 437247 805980
434511 806340 435081 806940
434511 815940 436449 816540
434739 803940 435309 804540
434739 807300 435765 807900
434853 801060 436221 802140
434967 802980 435537 803580
435423 806340 436677 806940
435651 803460 436221 804060
436107 802500 436905 803100
436563 803460 438045 804060
436563 814500 437589 815100
436905 806820 437589 807420
436905 815940 437817 816540
437247 801540 437817 802140
437247 809220 438957 809820
437475 805380 438957 805980
437589 804420 438615 805020
437589 810180 439527 810780
437589 811140 438273 811740
437589 813060 438273 813660
437817 807300 438045 807900
437931 802020 439299 803100
438159 812100 439641 812700
438843 804420 441465 805020
438843 814500 440325 815100
439071 815460 440553 816060
439185 806820 439869 807420
439299 802980 441237 803580
439527 810660 440781 811260
439527 813060 440325 813660
439755 801540 440439 802140
439755 805860 440325 806460
439755 811620 441009 812220
440097 807300 440325 807900
440439 801540 441237 802140
440439 806340 440895 806940
440439 816420 441465 817020
440553 807780 442149 808860
441009 810660 441693 811260
441123 805860 441693 806460
441123 809220 441693 809820
441123 813540 441465 814140
441351 802980 442605 803580
441351 812100 442149 812700
441351 815460 442833 816060
441465 801540 441693 802140
441579 806820 442149 807420
441579 813060 442377 813660
441579 814500 442149 815100
441921 810660 442377 811260
442035 801540 442605 802140
442035 803940 442377 804540
442035 805380 442833 805980
442035 809220 443061 809820
442605 811620 443289 812700
442605 813540 443289 814620
442719 803940 444201 805020
442719 810180 444429 810780
442947 801540 444429 802140
442947 802980 444429 803580
442947 805860 443517 806460
442947 816420 443403 817020
443403 806820 443631 807420
443403 814500 444429 815100
443403 815940 444087 816540
443631 807780 444885 808380
443631 812580 445341 813180
444087 805860 445341 806460
444087 806820 444657 807420
444201 816420 444885 817020
444315 804420 445797 805020
444315 808740 445569 809340
444315 811140 445113 811740
444429 802020 445113 802620
444429 802980 445113 804060
444543 813540 445569 814140
444543 814500 445797 815100
444657 817380 445683 817980
444885 815940 445341 816540
445227 801060 446595 802140
445227 807300 445683 807900
445227 810180 445683 810780
445341 805860 446709 806940
445455 811140 446025 811740
445569 808740 446937 809820
445569 812580 446937 813660
445683 815460 446709 816060
445911 803460 446367 804060
446139 807780 447165 808380
446139 814500 460845 815100
446367 802980 446937 803580
446367 810660 447849 811260
446367 817380 446937 817980
446595 802020 447165 802620
446709 803940 447621 804540
446823 804900 447621 805500
446823 806820 447849 807420
446823 811620 447165 812220
446823 815940 447621 816540
447051 808740 447621 809340
447507 816900 462213 817500
447621 801540 447849 802140
447735 803460 448305 804060
447849 806820 449217 807900
447963 809220 449217 809820
447963 811620 454461 812220
448191 805380 449217 805980
448191 810660 448761 811260
448419 802020 449901 802620
448419 808260 449445 808860
448875 802980 449445 803580
448875 803940 449331 804540
449217 805860 449901 806940
449217 807300 449673 807900
449331 809220 450585 809820
449787 803460 451269 804060
449787 807780 451155 808860
450015 806340 451041 806940
450471 801060 451155 802140
450927 804900 451953 805500
451041 809220 451725 809820
451155 802020 451953 802620
451155 808260 452409 808860
451383 802980 452637 803580
451611 805860 452181 806460
451611 806820 452637 807420
451725 809700 452409 810300
452067 803940 453549 805020
452409 801540 452637 802140
452523 809220 453093 809820
452637 802500 453321 803100
452637 805860 453549 806460
452637 806820 454005 807900
453207 808740 454461 809340
453207 809700 454005 810300
453777 802020 454119 802620
453777 802980 454689 803580
453891 803940 454233 804540
454119 812580 468825 813180
454347 801540 455031 802140
454347 804900 455829 805980
454575 807780 455943 808860
454575 809700 456057 810300
454689 802500 455259 803100
454917 806340 455145 806940
455031 803460 456285 804060
455487 811140 499377 811740
455715 801540 456741 802140
455715 802500 456741 803100
456285 804900 456741 805500
456399 805860 457425 806460
456399 806820 457425 807420
456399 808740 457197 809340
456399 809700 456741 810300
456855 802980 457425 803580
457083 809700 464493 810300
457311 803940 457995 805020
457767 805380 458793 805980
457767 806340 458793 806940
457995 801540 459249 802140
457995 802500 460617 803100
457995 807780 458451 808380
458451 808740 459477 809340
458565 807300 459021 807900
458679 803460 459477 804060
458679 804420 459021 805020
459135 804900 459819 805980
459135 806820 459705 807420
459363 807780 460845 808380
459819 804420 461301 805020
460389 805860 461301 806460
460731 802020 461529 802620
460731 802980 461757 803580
460731 808740 468141 809340
460959 806820 462213 807420
461301 807780 462213 808380
461871 802500 463581 803100
461871 805380 463353 805980
462099 801060 462783 802140
462099 815940 469509 816540
462555 803940 463239 804540
462555 806340 463809 806940
462555 807780 463353 808380
462897 801540 463581 802140
463239 804420 464265 805020
463353 817860 470763 818460
463353 818820 507243 819420
463353 819780 507243 820380
463353 820740 470763 821340
463353 821700 470763 822300
463353 822660 492651 823260
463353 823620 507243 824220
463353 824580 507243 825180
463353 825540 470763 826140
463353 826500 470763 827100
463353 827460 492651 828060
463467 803460 465177 804060
463695 805380 464721 805980
463695 807300 465861 807900
464151 802020 464835 803100
464151 806340 464949 806940
464835 804900 465405 805500
465405 805860 466317 806460
465519 802020 465975 802620
465519 802980 466317 803580
465519 803940 466317 804540
466317 806340 466773 806940
466659 802500 467457 803100
466659 803460 467229 804060
467115 814980 496413 815580
467457 802500 468141 803100
467571 803940 468369 804540
467571 804900 468141 805500
468027 805860 469965 806460
468483 804420 468939 805020
468483 806820 470307 807420
468711 813540 470307 814140
469509 802020 470307 802620
469851 802980 470307 803580
469851 804900 470307 805500
469851 808740 470307 809340
469851 809700 470307 810300
470079 803940 471675 804540
470193 805860 500859 806460
470193 807780 471675 808380
470193 812580 478971 813180
470193 816420 471675 817020
471561 802020 500859 802620
471561 802980 486267 803580
471561 806820 500859 807420
471561 813540 493563 814140
471561 817380 486267 817980
471561 821220 500859 821820
471561 826020 500859 826620
473385 803940 474069 804540
474183 803940 474753 804540
477147 808260 491853 808860
481935 803940 496641 804540
489915 809220 504621 809820
491283 816900 505989 817500
493449 812580 504507 813180
497211 803460 504621 804060
498009 804420 505419 805020
499833 817860 507243 818460
500745 807780 515451 808380
500745 814500 544635 815100
500745 815460 530043 816060
500745 822180 515451 822780
500745 826980 515451 827580
501087 801540 506673 802140
503139 805380 503937 805980
504279 805380 505875 805980
504507 802500 506445 803100
504507 806340 506103 806940
504507 812580 505077 813180
505191 813060 507129 813660
505419 803460 505989 804060
505875 804420 506673 805020
506103 805860 507585 806940
506217 803460 506901 804060
506331 809220 507357 809820
506559 811140 507585 811740
506901 803940 507585 805020
507015 810180 507927 810780
507129 802980 507813 803580
507129 820740 507927 821340
507129 825540 507927 826140
507471 801540 507927 802140
507471 812100 507927 812700
507699 805380 509295 805980
507699 816900 509295 817500
507813 803460 516591 804060
507813 804420 509295 805020
507813 806340 509295 806940
507813 811140 516591 811740
507813 813060 516591 813660
507813 817860 538479 818460
507813 818820 538479 819420
507813 819780 538479 820380
507813 823620 538479 824220
507813 824580 509295 825180
508041 802020 509067 802620
509181 801540 545775 802140
509181 802500 510207 803100
509181 809220 553071 809820
509181 820740 553071 821340
509181 825540 538479 826140
509295 804900 509865 805500
510663 802500 511461 803100
512031 802500 513513 803100
513855 802500 514197 803100
514881 802500 515793 803100
515337 816420 516363 817020
516477 810180 522063 810780
516477 812100 522063 812700
516477 827460 531183 828060
516591 802500 517161 803100
516591 816420 531297 817020
517959 802500 518757 803100
519213 802500 519441 803100
520125 811140 521151 811740
520239 802500 521037 803100
521379 811140 521949 811740
521949 813060 522405 813660
522063 802500 522633 803100
522063 810660 523545 811260
522405 812580 533463 813180
522633 807780 537339 808380
522633 822180 544635 822780
522747 803940 544749 804540
522747 811620 524001 812220
522975 802500 523545 803100
523659 802500 524229 803100
523773 824580 527535 825180
524115 811140 524913 811740
525255 802500 525825 803100
525255 811620 539961 812220
525711 813540 540417 814140
526623 802500 527193 803100
528219 802500 528903 803100
528333 824580 528561 825180
528789 824580 558087 825180
528903 802500 529929 803100
530727 802500 531297 803100
531639 802500 533121 803100
532893 827460 533577 828060
533463 802500 534033 803100
533919 827460 577809 828060
535059 812580 535857 813180
535287 802500 535857 803100
536199 802500 537453 803100
536655 805860 544065 806460
537225 815460 542811 816060
537339 808260 537795 808860
537795 802500 538365 803100
537795 808260 538821 808860
538365 807300 553071 807900
538365 816900 542127 817500
538365 826500 582255 827100
538707 802500 539277 803100
538935 804900 542697 805500
539391 808260 540189 808860
539619 802500 540189 803100
540531 802500 542697 803100
540531 813060 542697 813660
540759 808260 541329 808860
542127 816420 543153 817020
542583 808260 544293 808860
542697 817380 543723 817980
543039 812580 543723 813180
543153 802500 543381 803100
543495 815460 544977 816540
543723 812580 544977 813180
543837 816900 544293 817500
544179 802500 545433 803100
544407 804900 545433 805500
544407 813540 545433 814140
544521 818340 545547 818940
544521 819300 545547 819900
544521 823140 545547 823740
544863 805860 545547 806460
544863 816900 545661 817500
545319 810660 545547 811260
545319 811620 545547 812220
545433 802980 546915 803580
545433 803940 554211 804540
545433 813540 554211 814140
545433 814500 546915 815100
545433 822180 554211 822780
545547 808260 546117 808860
545547 815940 545889 816540
546117 815940 549879 816540
546231 808260 546801 808860
546801 802020 548739 802620
546801 804900 553299 805500
546801 812580 548397 813180
546801 818340 561507 818940
546801 819300 561507 819900
546801 823140 568803 823740
547827 808260 548397 808860
548511 812580 548967 813180
548967 801540 549309 802140
548967 812580 549993 813180
549195 802500 549765 803100
549651 808260 550449 808860
550107 801540 552273 802140
550107 802980 551475 803580
550107 815460 551361 816060
550791 808260 552273 808860
550791 812580 552273 813180
551703 802500 552273 803100
551931 810180 555693 810780
552159 815460 552843 816060
552615 802020 553527 802620
552729 808260 552957 808860
552843 814980 553299 815580
552957 806340 555807 806940
553071 815940 554097 816540
553299 807300 554097 807900
553299 821220 553869 821820
553527 801540 554553 802140
553527 814500 554325 815100
553755 802500 554781 803100
553755 804900 555009 805500
553755 808260 555009 808860
553983 811140 557745 811740
553983 812580 554553 813180
554097 816420 557859 817020
554097 817380 557859 817980
554097 820260 557859 820860
554325 821220 555123 821820
554895 802020 555693 802620
555009 813060 555921 813660
555123 821220 555807 821820
555237 807300 555693 807900
555351 805380 555921 805980
555351 808260 555921 808860
555351 814020 557289 814620
555579 804420 556605 805020
555807 802980 556605 803580
555807 806820 556149 807420
555921 809700 556149 810300
556035 801540 556491 802140
556035 805860 557061 806460
556149 808260 556605 808860
556263 812100 557289 812700
556263 814980 558657 815580
556263 821220 556719 821820
556377 813060 556605 813660
556491 806820 557061 807420
556605 803460 557403 804060
556605 809220 557631 809820
556833 808260 557517 808860
556833 813060 557289 813660
556947 802020 557289 802620
556947 804900 557973 805500
556947 821220 557289 821820
557403 802980 557859 803580
557403 806340 558201 806940
557403 810180 558885 810780
557631 802020 558657 802620
557745 808740 558429 809340
557745 811620 558201 812220
557745 813540 558657 814140
557859 802980 558429 803580
557859 803940 559341 804540
557859 807300 559341 807900
557859 815940 558429 816540
558315 804900 558885 805500
558315 811140 558885 811740
558315 817380 559341 817980
558543 805860 559797 806460
558543 812580 560025 813180
558543 816420 560937 817020
558885 802980 559455 803580
558885 808740 559569 809340
559113 804900 559455 805500
559227 809700 560253 810300
559227 810660 559569 811260
559227 811620 560481 812220
559227 821220 560025 821820
559455 807300 560253 807900
559455 814980 560937 815580
559683 801540 560253 802140
559683 808260 560253 808860
559683 813540 561165 814620
559911 802980 561621 803580
559911 804420 560367 805020
559911 805380 560481 805980
559911 817380 561393 817980
560025 806340 560481 806940
560253 821700 566751 822300
560367 803940 561849 805020
560367 807780 560937 808380
560367 808740 560709 809340
560367 810660 561849 811260
560481 820260 560709 820860
560823 805380 561849 805980
560937 811620 561849 812220
561051 802020 563445 802620
561051 809220 562533 809820
561279 808260 561735 808860
561279 812580 561849 813180
561393 806820 562077 807420
561393 816420 562533 817020
561393 824100 576099 824700
561507 820260 562077 820860
561621 817380 562077 817980
561735 802980 563217 803580
561735 807780 562761 808380
561735 813540 562761 814140
561735 814500 562761 815100
561735 815460 562419 816060
561849 810180 562305 810780
562077 806340 562533 806940
562077 817860 562761 818460
562305 803940 563673 805020
562419 811620 562989 812220
562419 812580 563445 813180
562533 805860 563901 806940
562533 808740 563901 809820
562647 815460 562989 816060
562647 816420 564129 817500
562875 814020 563331 814620
562875 817860 564129 818460
562875 820260 563217 820860
562989 818820 563673 819420
563103 807300 564129 807900
563331 811620 564585 812220
563445 810180 564243 810780
563559 802500 564129 803100
563559 813060 564585 813660
563787 814020 564813 814620
563901 818820 564585 819420
563901 819780 564357 820380
563901 820740 564357 821340
564015 803460 564813 804060
564015 804900 564357 805500
564015 808260 564357 808860
564015 814980 566181 815580
564129 816900 564813 817500
564243 802020 565269 802620
564243 806340 566637 806940
564471 807780 565953 808380
564585 808740 565269 809820
564699 804420 564927 805020
564699 810660 564927 811260
564699 812580 565269 813180
564699 815940 565269 816540
564927 814020 565953 814620
564927 817860 565383 818460
564927 820260 565383 820860
565041 819300 565269 819900
565155 804900 566067 805500
565269 802020 566637 803100
565383 817380 565953 817980
565383 818820 567321 819420
565725 815940 566637 816540
565839 803460 566637 804060
565839 811620 566637 812700
565953 809700 566751 810300
566067 804420 566865 805020
566067 808260 566637 808860
566067 810660 566637 811260
566067 813060 566637 813660
566067 817860 566523 818460
566067 820740 566523 821340
566295 807300 567093 807900
566295 816900 567321 817500
566523 805380 567321 805980
566523 814500 567549 815100
566751 802020 567435 802620
566751 812580 568917 813180
566751 815460 568917 816060
566979 817860 567549 818460
566979 819780 567321 820380
567093 810660 568461 811740
567207 802980 567663 803580
567207 806340 567435 806940
567207 808740 568689 809820
567321 804900 567549 805500
567321 821220 567777 821820
567435 803940 567663 804540
567435 820260 568917 820860
567663 818820 568461 819420
567891 805380 568689 805980
568119 802980 568917 803580
568119 807780 570513 808380
568119 821220 569373 821820
568233 801540 568917 802140
568233 806820 569145 807420
568347 814020 569601 814620
568575 816420 569829 817020
568575 819300 569487 819900
568689 822180 571539 822780
568803 803940 569145 804540
568803 804900 569829 805500
568803 811620 569373 812220
568803 817380 570513 817980
568803 818340 569373 818940
569031 808740 570057 809340
569031 810660 570513 811260
569031 812580 570285 813180
569145 801060 570513 802140
569259 814980 570057 815580
569487 803460 570057 804060
569487 806340 569829 806940
569487 818820 569829 819420
569715 820260 570285 820860
569829 804900 571425 805980
569829 811620 570057 812220
569943 814020 571425 814620
569943 815940 570513 816540
569943 819300 571425 819900
570285 812580 570969 813660
570399 802500 571425 803100
570399 806820 571653 807420
570399 809700 571425 810300
570513 803940 571425 804540
570627 811140 571425 811740
570627 821220 571425 821820
570741 820260 571653 820860
570855 801540 571425 802140
570855 815460 571311 816060
570855 817860 571425 818460
571083 816420 571881 817020
571197 808740 571653 809340
571197 812100 572109 812700
571311 807780 572337 808380
571311 814980 571653 815580
571425 810660 572109 811260
571425 817860 572109 818460
571539 805380 572793 805980
571539 821700 572223 822300
571653 801060 573021 802140
571653 803940 573021 805020
571767 813540 573249 814620
571767 819780 572565 820380
571995 802980 572337 803580
571995 809220 572337 809820
571995 822660 573477 823260
572223 811620 573591 812700
572223 814980 573705 815580
572223 817380 572793 817980
572223 821700 573705 822300
572451 806820 573249 807420
572907 816420 573819 817020
572907 818820 574389 819420
572907 820260 573933 820860
573249 817380 573933 818460
573363 809700 574617 810300
573477 802980 573705 803580
573477 807780 573819 808380
573591 802020 574617 802620
573591 805380 573933 805980
573591 806340 574389 806940
573591 808740 573933 809340
573705 822660 574161 823260
573819 803460 574845 804060
573819 813540 575301 814620
573819 815940 575301 816540
573819 821220 574389 821820
573933 810660 574617 811740
574047 804900 575073 805500
574047 807780 575529 808860
574503 819780 575529 820380
574503 822180 575073 822780
574731 801540 575643 802140
574959 802980 575529 803580
575187 803940 576213 804540
575187 811620 575985 812220
575187 817380 576213 817980
575187 820740 575529 821340
575187 821700 575757 822300
575415 815460 577809 816060
575529 804900 576213 805500
575643 805860 576213 806460
575643 812580 576441 813180
575643 816420 577125 817020
575643 818340 576441 818940
575643 819300 576213 819900
575757 802020 576327 802620
575757 808740 576897 809340
575757 809700 576897 810300
575757 810660 576213 811260
575871 806820 577125 807420
575871 822660 577125 823260
575985 802980 576213 803580
575985 825060 579747 825660
576099 814500 577581 815100
576099 820260 578265 820860
576099 821220 576555 821820
576213 810660 576897 811740
576327 801540 576897 802140
576327 803940 577809 805020
576783 821220 577809 821820
576897 808740 578265 809820
577011 802980 577809 803580
577011 819300 577239 819900
577125 806820 577809 807900
577239 812580 578265 813180
577239 818820 577809 819420
577239 822180 577695 822780
577353 810660 577581 811260
577467 801060 578151 802140
577467 817380 578493 817980
577695 805380 578949 805980
577695 811620 578721 812220
577695 813540 578949 814140
577695 822180 578379 822780
577809 814500 578493 815580
578151 802020 578835 803100
578151 806340 578607 806940
578151 810180 579405 810780
578265 818340 578607 818940
578265 820740 578949 821340
578379 803460 579405 804060
578379 807780 579405 808380
578379 816420 578721 817020
578379 819300 578721 819900
578379 821700 579177 822300
578493 814500 578949 815100
578493 823620 580431 824220
578835 817380 580317 818460
579063 804420 579633 805020
579063 806820 580545 807420
579063 809220 579405 809820
579063 812100 579861 812700
579063 813060 580545 813660
579063 815460 580545 816540
579063 819300 580545 820380
579177 821220 579861 821820
579291 802020 580317 802620
579291 822180 580773 823260
579633 803940 581001 805020
579633 807780 581001 808860
579861 824580 581799 825180
579975 811140 581001 811740
580089 805860 581001 806460
580203 812100 581001 812700
580203 814020 580431 814620
580203 820740 581685 821340
580545 809220 581115 809820
580545 810180 581229 810780
580659 802980 581685 803580
580659 816420 581457 817020
580773 801540 581685 802140
580887 813540 581685 814140
580887 814500 581343 815100
580887 815460 581229 816060
580887 819780 581457 820380
580887 821700 581115 822300
581115 806820 582597 807420
581115 811140 582141 811740
581115 818340 582597 819420
581229 823620 581685 824220
581343 804900 582711 805980
581343 822180 582825 823260
581343 827460 583167 828060
581571 803940 582597 804540
581571 807780 582939 808860
581571 817380 583281 817980
581799 813060 582825 813660
581799 814500 583281 815100
581799 820260 582483 820860
581913 824100 582369 824700
582141 825540 583167 826140
582255 809220 582825 809820
582255 811620 583053 812700
582369 810180 583053 810780
582483 815460 584193 816060
582483 816420 584877 817020
582483 820260 583509 820860
582483 824580 583053 825180
582597 802020 582825 802620
582711 805860 584193 806460
582711 819300 583281 819900
582711 821220 583281 821820
582939 801540 584535 802140
582939 804420 584535 805020
582939 807300 584535 807900
582939 808740 584193 809340
582939 813540 583737 814140
582939 823620 583167 824220
583053 802500 584535 803100
583053 803460 584535 804060
583053 818340 583965 818940
583053 822660 584535 823260
583053 824580 591831 825180
583053 826500 591831 827100
583167 809700 584193 810300
583395 810660 584421 811260
583395 814500 585561 815100
583623 812580 585789 813180
584079 811620 584535 812220
584079 817380 585789 817980
584307 821220 584649 821820
584421 805380 584649 805980
584421 808260 585105 808860
584421 810180 584649 810780
584421 818820 585333 819420
584421 819780 584877 820380
584535 801540 585789 802140
584763 804900 586017 805500
584991 803460 586017 804060
584991 809700 585789 810300
584991 815460 585789 816060
584991 821220 587385 821820
585219 807780 585789 808380
585219 810660 586701 811740
585219 819780 585789 820380
585447 822180 586701 822780
585675 805860 586473 806940
585675 808740 585903 809340
585675 813540 586473 814140
585675 823140 586359 823740
585789 815940 586473 816540
585789 820260 586473 820860
585903 807300 586473 807900
585903 814980 588069 815580
586359 801540 586587 802140
586359 802980 587157 803580
586359 808260 587841 808860
586587 803940 586815 804540
586587 812580 587613 813180
586587 818340 588069 818940
586815 804900 587157 805500
586815 810180 587385 810780
586929 809220 587385 809820
587043 811140 587727 811740
587043 823140 587613 823740
587271 802020 587955 803100
587271 816420 588183 817020
587271 817380 588069 817980
587499 803460 588069 804060
587499 805380 588069 805980
587499 819300 588981 819900
587499 820740 588183 821340
587613 806340 588753 806940
587613 807300 588069 807900
587613 813540 588069 814140
587727 811620 588297 812220
587955 804420 588753 805020
587955 808260 588753 808860
587955 810180 588297 810780
587955 821700 591717 822300
587955 822660 591717 823260
588069 802980 589665 804060
588183 809220 589209 809820
588183 813060 589665 813660
588183 815460 589665 816060
588411 801540 589893 802140
588411 812100 589893 812700
588639 807300 589095 807900
588639 814020 589665 814620
588639 816420 589209 817020
588753 808260 589437 808860
588753 817860 589209 818460
588981 805860 590349 806940
589095 810660 590577 811260
589209 809700 589437 810300
589323 818340 589893 818940
589323 820260 590805 820860
589437 804900 589893 805500
589551 807780 590577 808380
589665 802500 590577 803100
589665 816420 589893 817020
589893 803940 590577 804540
589893 812580 590577 813660
590007 808740 590805 809340
590007 816900 590577 817500
590121 814500 590691 815100
590235 809700 590805 810300
590235 811620 591261 812220
590235 815940 590805 816540
590235 819300 590691 819900
590463 804900 591945 805500
590463 817860 591489 818460
590577 802020 591033 802620
590577 802980 591945 804060
590577 806340 591033 806940
590577 813540 591261 814140
590919 814500 592401 815580
590919 816420 592401 817500
591147 801540 592629 802140
591147 807780 591717 808380
591147 819300 592059 819900
591375 811140 592857 811740
591375 820740 592059 821340
591717 812100 591945 812700
591717 823620 592059 824220
591717 825540 592059 826140
591717 827460 592059 828060
591831 817860 592059 818460
591945 806820 592857 807420
592059 805380 593085 805980
592059 808740 594453 809340
592059 809700 593541 810300
592173 802500 592401 803100
592173 803940 593199 804540
592287 807780 592857 808380
592401 812100 593085 812700
592515 813060 593541 813660
592743 802020 592971 802620
592743 802980 593769 803580
592743 814500 593769 815100
592743 817380 593085 817980
592857 806820 594225 807900
592971 815940 593427 816540
593199 803940 595365 804540
593313 817380 594225 817980
593427 815940 593997 816540
593883 810180 594909 810780
594111 801540 595593 802140
594111 802500 595365 803100
594111 805860 594681 806460
594111 812580 594909 813180
594225 804900 594453 805500
594339 807780 594909 808380
594339 811140 595593 811740
594339 813540 594909 814140
594339 815460 595365 816060
594339 816420 595137 817500
594567 806820 595479 807420
594795 804900 595365 805500
594795 809220 595593 809820
594795 814500 595365 815100
595023 812100 595479 812700
595251 807780 596049 808380
595251 813540 595593 814140
595251 817380 617253 817980
595479 802980 596505 803580
595479 804900 596733 805500
595479 810180 596505 810780
595479 814500 596163 815100
595479 815940 596049 816540
595935 811620 596505 812220
595935 812580 597417 813660
596163 803940 597189 804540
596163 814500 597645 815100
596163 816420 610869 817020
596277 801060 597645 802140
596619 806340 597645 806940
596619 807300 597873 807900
596619 810660 597189 811260
596619 815460 597645 816060
596847 808260 597873 808860
596847 809220 597873 809820
597075 802500 597645 803100
597075 811620 597645 812220
597303 805380 597873 805980
597531 803940 597873 804540
597531 810180 597873 810780
597531 813540 597873 814140
597759 801540 598671 802140
597759 802500 598671 803100
597759 806340 598671 806940
597759 811620 598785 812220
597759 814500 598785 815100
597759 815460 598785 816060
597987 810660 619989 811260
598215 813060 598785 813660
598557 803460 599469 804060
598557 804420 605967 805020
598557 805380 598785 805980
598557 807300 609615 807900
598557 808260 599583 808860
598557 809220 600495 809820
598899 812580 599697 813180
598899 813540 599469 814140
599127 814980 600381 815580
599583 808260 601293 808860
599583 811620 600153 812220
599811 813060 600267 813660
599811 814020 600381 814620
600153 811620 601521 812700
600267 805380 607677 805980
600723 813540 601293 814140
600951 803460 608361 804060
600951 809220 602661 809820
600951 815460 601521 816060
601407 813060 601749 813660
601635 814020 602091 814620
601635 814980 602433 815580
602091 811620 603345 812220
602205 802020 602433 802620
602319 812580 603117 813180
602319 813540 603345 814140
602547 814500 603231 815100
603003 802500 604713 803100
603459 813540 604257 814140
603915 811620 605169 812220
603915 814500 604485 815100
604371 812580 605397 813180
604827 814500 605625 815100
605853 806340 608703 806940
605853 808740 608703 809340
605853 809700 609615 810300
606423 811620 608817 812220
606423 812580 607449 813180
606423 813540 607221 814140
606423 814980 607905 815580
608019 814020 608589 814620
608247 814980 608817 815580
608589 804900 609501 805500
608703 812580 609729 813180
608931 805860 609501 806460
608931 814020 609501 814620
609159 803460 609729 804060
609387 808260 609729 808860
609501 804420 609957 805020
609615 806820 610413 807900
609615 813540 610641 814140
609615 814500 610641 815100
609843 808740 613605 809340
609843 811620 611325 812700
610071 804900 610869 805980
610299 802980 611097 804060
610983 813540 613605 814140
610983 814500 611667 815100
611211 802020 616797 802620
611211 809700 614973 810300
611667 802980 614517 803580
611895 812580 612921 813180
612123 814500 612693 815100
612579 811620 613149 812220
613491 805380 614289 805980
613491 812100 614517 812700
613947 806820 614745 807420
613947 807780 614289 808380
613947 814500 614517 815100
614175 803940 617025 804540
614403 804900 615201 805500
614631 802980 615429 803580
614631 805860 614973 806460
614631 813060 615657 813660
614631 814500 615087 815100
614859 807780 616797 808380
615087 812100 615885 812700
615087 814020 615885 814620
615315 809220 616113 809820
615315 814980 644613 815580
615543 805860 616569 806460
615771 804900 616341 805500
615999 812580 617253 813180
616227 808740 617025 809340
616455 813540 617025 814140
616683 804900 617481 805500
616683 809700 617481 810300
616683 811620 617709 812220
616797 802980 617025 803580
616911 801540 617481 802140
616911 805860 617481 806460
617253 814020 617937 814620
617367 802500 617595 803100
617367 806820 617595 807420
617367 808260 617595 808860
617367 812580 618849 813660
617481 801540 618393 802140
617481 804420 618393 805020
617481 805380 618393 805980
617481 809700 618393 810300
618051 803460 618393 804060
618051 816420 619989 817020
618279 802500 624777 803100
618279 806340 647577 806940
618279 807300 632985 807900
618279 808260 629337 808860
618393 814020 618849 814620
618507 811620 619305 812220
618963 813540 620217 814140
618963 817380 619989 817980
619305 818340 620331 818940
619305 819300 620331 819900
619305 820260 620331 820860
619305 821220 620331 821820
619305 822180 620331 822780
619305 823140 620331 823740
619305 824100 620331 824700
619305 825060 620331 825660
619305 826020 620331 826620
619305 826980 620331 827580
619419 812100 620673 812700
620103 803940 622155 804540
620103 804900 620787 805500
620103 809700 622155 810300
620217 814020 621129 814620
620559 811140 621585 811740
620673 816420 622155 817020
620673 817380 622155 817980
621471 812100 622269 812700
621471 814020 621813 814620
621699 811140 623181 811740
622041 813540 636747 814140
622041 818340 636747 818940
622041 819300 651339 819900
622041 820260 651339 820860
622041 821220 651339 821820
622041 822180 636747 822780
622041 823140 636747 823740
622041 824100 651339 824700
622041 825060 651339 825660
622041 826020 651339 826620
622041 826980 636747 827580
622839 812100 624093 812700
623979 811140 626145 811740
624663 812100 632073 812700
624777 802020 625461 802620
625575 803460 629337 804060
625575 805380 632073 805980
626487 811140 628653 811740
629223 801540 630021 802140
629223 811140 630705 811740
629337 802980 630021 803580
630363 802020 634125 802620
631275 811140 632757 811740
631959 808260 632529 808860
632073 804900 632757 805500
632871 804420 636633 805020
632871 809220 636633 809820
633555 811140 634353 811740
634695 802020 639825 803100
634695 811140 635949 811740
634923 803460 636861 804060
635607 812100 637545 812700
636519 807300 636861 807900
636633 808740 636861 809340
636633 809700 644043 810300
636633 817380 644043 817980
636975 811140 638457 811740
636975 813060 638913 813660
637431 807780 652137 808380
637431 814020 637773 814620
637659 804900 652365 805500
637659 812100 639141 812700
638799 814020 640281 814620
639255 811140 640737 811740
640395 812100 651453 812700
640395 813060 655101 813660
641307 811140 642561 811740
641763 802980 656469 803580
641763 803940 656469 804540
641763 808740 652821 809340
642903 811140 643473 811740
643701 811140 644613 811740
643929 818340 658635 818940
645639 811140 646209 811740
646893 811140 647349 811740
647463 810180 654873 810780
647577 805860 648603 806460
647919 806820 648945 807420
648489 822660 655899 823260
648489 827460 655899 828060
648945 805860 650313 806940
649401 817380 649857 817980
649515 801540 656925 802140
650085 817380 664791 817980
650313 805860 651681 806940
650883 811140 651453 811740
651225 815460 695115 816060
651225 816420 695115 817020
652023 812100 653049 812700
652707 811140 653733 811740
653049 805860 654417 806940
653847 807300 655785 807900
654075 811140 655101 811740
654303 812100 656697 812700
654759 814020 657609 814620
655215 811140 657381 811740
655443 808740 656355 809340
655785 819780 657723 820380
655785 820740 657723 821340
655785 821700 657723 822300
655785 823620 657723 824220
655785 824580 657723 825180
655785 825540 657723 826140
655785 826500 657723 827100
655899 804900 656355 805500
656127 805860 656355 806460
656241 806820 657609 807900
657495 804900 664905 805500
657495 805860 664905 806460
657495 808260 658407 808860
657495 809220 658407 809820
657495 810180 658407 810780
657609 822660 658407 823260
657609 827460 658407 828060
657723 813060 659775 813660
657951 802020 659661 802620
658179 802980 659433 803580
658179 803940 659661 804540
658179 811140 658407 811740
658293 807300 667071 807900
658293 812100 667071 812700
658293 814020 659775 814620
658293 819780 688959 820380
658293 820740 659775 821340
658293 821700 659775 822300
658293 823620 688959 824220
658293 824580 688959 825180
658293 825540 659775 826140
658293 826500 659775 827100
658521 809700 662283 810300
658521 810660 662283 811260
659661 801540 660573 802140
659661 802500 660573 803100
659661 822660 674367 823260
659661 827460 674367 828060
660231 808740 660801 809340
660687 802980 662625 803580
661029 808740 668439 809340
661713 801540 662625 802140
662625 802500 663081 803100
663993 809700 664677 810300
663993 810660 664677 811260
664107 802980 664677 803580
664221 802020 664905 802620
664791 810660 665361 811260
665475 802020 667413 802620
666957 803460 670719 804060
666957 804420 670719 805020
666957 805380 670719 805980
666957 806340 668553 806940
666957 810180 668895 810780
666957 811140 670719 811740
667755 802020 669123 803100
668439 807780 668781 808380
668781 807300 669693 807900
669351 806340 670605 806940
669579 810180 670149 810780
669693 809220 669921 809820
669921 802020 670149 802620
670263 809700 671061 810300
670605 812100 672429 812700
670719 805860 671289 806460
670719 806820 671973 807420
670719 811140 671973 811740
670947 807780 671973 808380
671175 804900 671859 805500
671175 808740 671973 809340
671175 810180 673569 810780
671289 802020 672315 802620
671403 803940 672201 804540
671859 802980 673797 803580
671859 805380 673341 805980
671973 809220 672429 809820
671973 817380 693975 817980
672315 808260 672885 808860
672429 811140 673341 811740
672543 801060 673911 802140
672771 807300 674253 807900
672885 808740 673113 809340
672999 804420 673569 805020
673113 813540 687819 814140
673113 818340 695115 818940
673341 808260 674253 808860
673569 809220 674481 809820
673569 811140 673797 811740
673683 805860 674253 806460
673683 814500 695685 815100
674139 802980 674937 803580
674139 804900 675165 805500
674139 810660 675165 811260
674367 807780 675051 808860
674481 805860 674937 806460
674595 801060 675963 802140
674823 806820 675393 807420
674823 809700 675279 810300
675051 807780 676533 808380
675051 811620 675393 812220
675165 810660 675621 811260
675279 802980 676761 803580
675279 805380 676761 805980
675279 809700 676761 810300
675735 808740 676761 809340
675849 806820 676761 807420
675849 811140 676533 811740
675963 803940 677217 804540
676647 801540 677445 802140
676647 807780 677445 808380
676647 811620 691353 812220
676761 810180 677217 810780
676875 805860 678129 806460
677331 802500 678813 803100
677331 808740 677673 809340
677445 810660 692151 811260
677673 801060 678357 802140
677673 803940 678585 804540
677673 807780 678357 808380
678015 812580 692721 813180
678471 808260 693177 808860
678471 809700 679497 810300
678699 806820 693405 807420
678927 803460 679725 804060
678927 804420 679155 805020
678927 805380 693633 805980
679155 802020 680181 802620
679611 809700 680067 810300
679953 803460 694659 804060
680295 801540 680751 802140
680523 802500 695229 803100
680751 804420 695457 805020
687249 809700 694659 810300
687933 801540 695343 802140
693291 807780 695229 808380
694317 808740 695913 809340
694887 811620 695913 812220
695001 813540 696027 814140
695001 819300 696027 819900
695001 820260 696027 820860
695001 821220 696027 821820
695001 822180 696027 822780
695001 823140 696027 823740
695001 824100 696027 824700
695001 825060 696027 825660
695001 826020 696027 826620
695001 826980 696027 827580
695115 806820 696027 807420
695343 805860 696027 806460
695343 812580 696027 813180
695457 804900 696027 805500
695457 809700 696027 810300
695685 810660 696027 811260
695685 817380 696027 817980
695799 802020 696027 802620
695799 802980 696027 803580
