402477 803460 406239 804060
402477 813060 408975 813660
402477 814980 406239 815580
402477 816900 403503 817500
402705 811620 403845 812220
403617 804900 404643 805500
403617 808740 410115 809340
403617 809700 407379 810300
404187 816900 404643 817500
404643 812100 405213 812700
404871 804900 405441 805500
406125 804420 408063 805020
407037 803460 407493 804060
407265 815460 409203 816060
407835 803460 411597 804060
408063 805380 408633 805980
408861 806340 409773 806940
408975 804900 409773 805500
409089 813540 410001 814140
409545 812580 410457 813180
409773 815940 411597 816540
410001 816900 410229 817500
410115 806340 410799 806940
410115 808260 411825 808860
410343 804420 410913 805020
410343 811620 411027 812220
410571 816900 412509 817500
410685 807300 411027 807900
410799 809220 412053 809820
410799 812580 411027 813180
410799 814020 412053 814620
410913 802020 411597 802620
411141 806340 412053 806940
411711 807300 412167 807900
411939 804420 413421 805020
411939 805380 413421 805980
411939 811140 412509 811740
412167 803460 412737 804060
412167 807780 412965 808380
412395 806820 412965 807420
412623 810660 413421 811260
412851 811620 413649 812220
412851 816900 413421 817500
413193 807300 413763 807900
413307 802020 413535 802620
413307 802980 414333 803580
413307 809700 414105 810300
413991 805380 414903 805980
413991 814980 415017 815580
414219 803940 415587 805020
414219 806340 414447 806940
414219 807780 414789 808380
414219 811140 414447 811740
414333 816420 416271 817020
414447 813540 415473 814140
414675 812580 415701 813180
414903 802500 415929 803100
414903 805380 416157 805980
414903 807300 416613 807900
415359 810180 416385 810780
415587 806340 416841 806940
415701 811620 416613 812220
415701 812580 417069 813660
415815 803460 416385 804060
416271 802500 416613 803100
416271 804420 417183 805020
416271 808260 416841 808860
416271 816900 420033 817500
416499 803460 417069 804060
416499 809220 417297 809820
416727 805380 417297 805980
416955 807300 418209 807900
416955 810180 417981 810780
417183 804420 418095 805020
417183 808260 417753 808860
417411 803460 418209 804060
417411 815940 418437 816540
417525 809220 418437 809820
417639 812580 418209 813180
418095 802020 419121 802620
418209 808260 418665 808860
418323 803460 419349 804060
418323 804420 419121 805020
418551 805380 419121 805980
418551 809700 419121 810300
418779 807780 419121 808380
418779 814020 420261 814620
418779 815940 420033 816540
419007 810660 419919 811260
419463 804900 420033 805500
419463 809220 419919 809820
419577 803940 420489 804540
419691 807300 420603 807900
419691 812100 421173 812700
419919 802980 420489 803580
419919 806340 420603 806940
420147 816420 420945 817020
420375 804900 422313 805500
420375 810660 421173 811260
420375 815460 420945 816060
420603 802500 422085 803100
420603 814500 421401 815100
420831 808740 421401 809340
421287 805860 421743 806460
421287 807780 421857 808380
421287 816420 421629 817020
421515 810180 421971 810780
421971 806820 422541 807420
421971 816900 423909 817500
422085 813060 422313 813660
422199 807780 422769 808380
422199 810180 422769 810780
422199 811620 422769 812220
422313 803460 423225 804060
422313 815940 422997 816540
422427 802500 422997 803100
422427 804420 422997 805020
422541 809220 423339 809820
422769 811140 423225 811740
422883 805380 423339 805980
422883 806340 423453 806940
422883 812100 423681 812700
422883 814020 423225 814620
423111 802020 425277 802620
423111 807300 423453 807900
423111 815460 424593 816060
423567 802980 424023 803580
423567 804900 424137 805500
423567 810660 424365 811260
423795 806340 424023 806940
423909 812100 424365 812700
424251 804420 424821 805020
424251 816420 424821 817020
424479 803460 425163 804060
424479 807780 425733 808380
424479 817380 425733 817980
424593 813060 424821 813660
424707 810660 425505 811260
424707 812100 425163 812700
425163 803460 426189 804060
425163 805380 425733 805980
425163 808740 425391 809340
425163 816420 426189 817020
425391 813540 425961 814140
425391 814500 425961 815100
425847 802500 426417 803100
425847 806820 427215 807900
425847 808260 427101 808860
425847 809700 426417 810300
425847 811620 427215 812700
426303 805380 427785 805980
426303 815940 426987 816540
426531 810180 427101 810780
426759 809220 427785 809820
426759 814500 428013 815100
426987 803460 427785 804060
427215 810180 427785 810780
427215 813060 427785 813660
427215 816420 427785 817020
427671 806340 428127 806940
427671 807300 428697 807900
427671 817380 427899 817980
427899 802020 428469 802620
428127 816420 429837 817020
428583 802980 429153 803580
428583 804900 429153 805500
428583 811620 429267 812220
428583 812580 429153 813180
428583 813540 429951 814620
428583 817380 429153 817980
429039 807300 430065 807900
429267 806340 429837 806940
429267 812100 429837 812700
429495 805380 430521 805980
429837 804420 430521 805020
429951 811620 430749 812220
429951 813060 431889 813660
430065 803460 430977 804060
430179 802020 430977 802620
430179 808260 430749 808860
430179 815460 430749 816060
430635 806820 432003 807900
430863 804900 432231 805980
430863 816420 431889 817020
431319 802980 432117 803580
431661 814020 432687 814620
431775 802020 432345 802620
432003 810660 433941 811260
432117 812100 434055 812700
432117 814980 434055 815580
432231 803460 432687 804060
432231 816900 432687 817500
432459 805860 433257 806460
432459 806820 433257 807420
432459 807780 434397 808380
432459 815940 434055 816540
432573 804420 434055 805020
433941 802500 434169 803100
433941 805380 434169 805980
433941 806340 434169 806940
433941 810180 437703 810780
433941 813060 437703 813660
433941 816900 436791 817500
434283 804900 434739 805500
434739 807780 435537 808380
434853 802020 436221 803100
435309 803460 435765 804060
435879 807780 436449 808380
436563 806340 437361 806940
436677 814980 437589 815580
436791 802500 437361 803100
436905 807300 437931 807900
437133 805380 437589 805980
437133 808740 437589 809340
437247 816900 437475 817500
437589 812100 438273 812700
437703 815460 439185 816540
437703 816900 445113 817500
437931 803460 439869 804060
437931 806820 439299 807900
438159 811140 439641 811740
438843 804900 441465 805500
438843 809220 439869 809820
439527 812580 439869 813180
439527 813540 441237 814140
439983 806340 440553 806940
439983 807780 440667 808380
439983 809700 441465 810780
440667 802020 441237 802620
440667 803460 441237 804060
440781 806340 441237 806940
440895 815940 441465 816540
441465 805380 442149 805980
441579 802020 442605 802620
441579 811620 442149 812220
442035 807300 443517 807900
442035 808260 443745 808860
442035 813540 442719 814620
442035 815940 442377 816540
442149 810180 442833 810780
442263 804900 444429 805500
442263 814980 443745 815580
442491 802980 443061 803580
442833 811140 443061 811740
442947 806340 443175 806940
443175 814020 443973 814620
443403 806340 443631 806940
443631 809700 444429 810300
443631 810660 444201 811260
443631 813060 444657 813660
443859 802500 445341 803100
443859 812100 444315 812700
443859 815460 445797 816060
444315 803460 444543 804060
444315 811620 445569 812220
444315 814500 444657 815100
444999 803460 446025 804060
444999 806340 445455 806940
445227 810660 445797 811260
445227 812580 445683 813180
445455 805380 445683 805980
445455 809700 445683 810300
445455 813540 445683 814140
445569 806820 446937 807900
445569 816420 446937 817500
445683 804420 446253 805020
446367 803460 446823 804060
446367 811140 446937 811740
446823 805380 448305 805980
446823 809220 447165 809820
446823 810180 447849 810780
446823 813540 468825 814140
447051 802020 448533 803100
447051 803460 447849 804060
447051 807780 448533 808860
447051 811620 448077 812220
447507 806340 448989 806940
447507 809220 448077 809820
447507 816420 458565 817020
448191 803460 449445 804060
448647 809700 449673 810300
448875 804420 449331 805020
449103 805380 449673 805980
449217 806820 449673 807420
449331 808260 449901 808860
449787 803940 451269 805020
451041 808260 451269 808860
451611 804420 452181 805020
451611 806340 452181 806940
451611 807300 452637 807900
451611 809220 452637 809820
451839 802020 452523 802620
451839 803460 453093 804060
452523 802020 453207 802620
452637 806340 453549 806940
452979 809220 453549 809820
453207 802020 453891 802620
453207 802980 453891 803580
453207 805380 454461 805980
453207 807780 454689 808380
453435 804420 454005 805020
454119 802500 454803 803100
454119 803940 455601 805020
454119 812100 455031 812700
454347 808740 455829 809820
454803 807300 455829 807900
455031 806340 456513 806940
455145 802500 455829 803100
455943 803940 457425 805020
456285 805380 456513 805980
456399 807300 457425 807900
456399 809220 457311 809820
456627 802020 458109 803100
457881 804420 458793 805020
458337 807780 459021 808380
458679 805380 459249 805980
458679 806340 459249 806940
459363 802020 460845 802620
459363 802980 460845 804060
459363 809220 459591 809820
459363 816420 459933 817020
459819 814980 467229 815580
460047 807300 460617 807900
460275 816420 467685 817020
460731 807780 461415 808380
460959 805380 461985 805980
461073 803460 461757 804060
461187 804420 463353 805020
461187 806340 461415 806940
462099 807780 462669 808380
462555 806820 463353 807420
462783 802020 463353 802620
463011 803460 463581 804060
463239 810660 467001 811260
463695 804900 464493 805500
463695 805860 464721 806460
464151 807780 464835 808380
464835 805860 465519 806940
465519 802500 466089 803100
465519 804420 466317 805020
466203 805860 466773 806460
467343 811620 470193 812220
467571 802980 468141 803580
467571 805380 496869 805980
468027 806340 504621 806940
468027 808740 469965 809340
468027 814500 469965 815100
468711 812580 470307 813180
468711 817380 470307 817980
469395 816420 470307 817020
469623 810660 471675 811260
470193 814500 500859 815100
470193 815460 500859 816060
470649 825540 507243 826140
471561 811620 515451 812220
471561 818340 486267 818940
471561 820260 500859 820860
471561 822180 486267 822780
471561 826980 486267 827580
473043 807300 502341 807900
476691 816900 491397 817500
483303 813060 498009 813660
491739 808260 506445 808860
492537 822660 507243 823260
492537 826500 507243 827100
496527 803940 503937 804540
497211 802500 504621 803100
500745 804900 504507 805500
500745 809700 544635 810300
504393 812580 504621 813180
504963 812580 508725 813180
505191 814020 507129 814620
505647 803940 506673 804540
505761 805380 506673 805980
505875 807300 507813 807900
505875 815940 507813 816540
505989 806340 506217 806940
506217 802980 507243 803580
507129 818820 507927 819420
507129 819780 507927 820380
507129 821700 507927 822300
507129 823620 507927 824220
507243 802500 509295 803100
507243 808260 509295 808860
507471 803940 508269 804540
507471 806340 507927 806940
507813 814020 538479 814620
507813 822660 509295 823260
507813 826500 509295 827100
509181 805380 553071 805980
509181 806340 553071 806940
509181 807300 538479 807900
509181 815940 538479 816540
509181 821700 523887 822300
510093 802500 510777 803100
511347 802500 512145 803100
511347 812580 511689 813180
512031 812580 519441 813180
513399 802500 513969 803100
514083 802500 514995 803100
515337 810660 520923 811260
515337 817380 522747 817980
515337 823140 522747 823740
515679 802500 516705 803100
516477 803460 531183 804060
517047 802500 518073 803100
518643 802500 519327 803100
519327 802500 520353 803100
520923 802500 522177 803100
521151 812580 521949 813180
521379 810660 522063 811260
521379 811620 522861 812220
522519 802500 523089 803100
522633 813060 526395 813660
522633 826980 544635 827580
523431 802500 523773 803100
523545 811140 524229 811740
523773 822660 553071 823260
524115 802500 525369 803100
525711 802500 526737 803100
527079 802500 528333 803100
528789 802500 529017 803100
529815 802500 530841 803100
531069 808260 534831 808860
531069 821700 560367 822300
531183 802500 531753 803100
533007 802500 533577 803100
533349 812580 535173 813180
533919 802500 535401 803100
535629 808260 536085 808860
535743 802500 536313 803100
535743 812580 543153 813180
536541 808260 536769 808860
537225 817380 542811 817980
537339 802500 537909 803100
538251 802500 538821 803100
538365 818820 560367 819420
538365 819780 560367 820380
538365 823620 567663 824220
539163 802500 539733 803100
542013 814020 543039 814620
542013 815940 543609 816540
542811 802020 544749 802620
543039 813540 544521 814620
543951 817380 545433 817980
544179 802980 545205 803580
544521 808740 545547 809340
544521 825060 545547 825660
544521 826020 545547 826620
544635 803940 545547 804540
544635 816420 545547 817020
544863 807780 546915 808380
544863 813060 545661 813660
544863 814980 545661 815580
545319 802500 547485 803100
545433 809700 554211 810300
545433 817380 554211 817980
546687 813060 547599 813660
546801 815460 549651 816060
546801 826020 590691 826620
548055 802500 549309 803100
549537 802980 550221 803580
549537 807780 550107 808380
550107 813060 550563 813660
550335 808260 550905 808860
550905 802020 551589 802620
551247 815940 552273 816540
551703 814020 555465 814620
552159 802980 555921 803580
552159 808260 552843 808860
552159 813060 552615 813660
552501 815940 553185 816540
552843 808260 553869 808860
553071 813060 554553 813660
553185 804900 553869 805500
553185 814980 553869 815580
553413 802020 553641 802620
553983 807300 555351 807900
554097 803940 555921 804540
554097 805860 555123 806460
554097 808740 557859 809340
554895 804900 557061 805500
555579 802020 556377 802620
555579 807300 557061 807900
555693 806340 556263 806940
555807 813060 556491 813660
556149 803940 557061 804540
556263 815460 557289 816060
556491 802500 557061 803100
556947 805860 558657 806460
556947 809700 557973 810300
557175 802020 557745 802620
557175 814020 557973 814620
557289 803460 557517 804060
557403 807780 558201 808380
557631 804420 558657 805020
557745 810660 557973 811260
557745 816420 558657 817020
557859 815460 558657 816060
557973 824580 579975 825180
558315 802980 558999 804060
558315 808260 559341 808860
558429 811620 559341 812220
558543 802020 561165 802620
558543 813540 559797 814140
558543 814500 559797 815100
558771 805380 560025 805980
558771 806340 560139 806940
559227 807300 559569 807900
559227 810180 559569 810780
559227 815940 559797 816540
559227 817380 560025 817980
559341 802980 560025 804060
559683 809220 561165 809820
559911 813060 561165 813660
560139 806820 561507 807900
560367 803460 560937 804060
560367 805380 560937 805980
560367 811620 561051 812700
560595 821220 561165 821820
560823 815460 561849 816060
561393 816900 562533 817500
561507 802980 561849 803580
561735 803940 562419 804540
561735 804900 562533 805500
561735 805860 562533 806460
561735 808740 562533 809340
561735 810660 562761 811260
561735 811620 562533 812700
561735 821220 562305 821820
562191 818340 562647 818940
562305 807300 563217 807900
562419 813060 563673 813660
562419 815940 564129 816540
562647 805380 563445 805980
562647 814020 562989 814620
562647 817860 562989 818460
562647 821220 564129 821820
562875 808260 563445 808860
562875 811620 563445 812220
563103 803460 564129 804060
563331 802020 564357 802620
563559 804420 564357 805020
563559 807780 564015 808380
563559 818820 564015 819420
563901 811140 564927 811740
564015 805380 565725 805980
564015 806820 565041 807420
564015 809700 564243 810300
564015 817380 564699 817980
564243 819780 565269 820380
564471 816420 565041 817020
564471 818820 565497 819420
564471 821220 566637 821820
564699 803460 565953 804060
564699 809700 566067 810780
564699 813540 565269 814140
564927 802500 565383 803100
565269 820260 567207 820860
565497 817860 566181 818460
565611 813540 566637 814140
565839 805860 566637 806460
565839 807780 566865 808380
566067 804900 567435 805500
566067 814980 567549 815580
566067 819300 567093 819900
566409 817860 567093 818460
566523 802500 566865 803100
566523 803460 568233 804060
566523 811620 566979 812220
566523 812580 566865 813180
566523 815940 567549 816540
566637 809700 568005 810780
567207 805860 567435 806460
567207 819300 568689 820380
567321 802020 568689 803100
567435 804900 568917 805500
567435 817380 568917 818460
567435 821700 568917 822300
567549 822660 571311 823260
567891 815940 568461 816540
568119 820740 568917 821340
568233 811620 568917 812700
568347 814500 568917 815100
568575 805860 569829 806460
568575 809220 570057 809820
568803 802020 570285 802620
568803 813060 570285 813660
568803 815940 569601 816540
569031 807300 570057 807900
569373 819300 570057 820380
569487 814020 570057 814620
569715 811140 570741 811740
569715 817860 570171 818460
569943 802980 571311 804060
569943 815460 570399 816060
570171 820260 570855 821340
570399 808260 571425 808860
570855 807300 571653 807900
570855 813060 571653 813660
570855 815940 571425 816540
571083 816900 571539 817500
571311 802020 572109 802620
571311 803940 571767 804540
571311 804900 573021 805500
571311 809700 572109 810780
571311 814020 571881 814620
571311 817860 571539 818460
571311 819300 572565 819900
571311 821700 571653 822300
571539 806340 572451 806940
571539 811620 572337 812220
571539 820260 573021 820860
571767 815460 573249 816540
571995 803460 572337 804060
571995 818340 573705 818940
572223 802500 572451 803100
572223 807780 573591 808860
572337 823140 572793 823740
572907 816900 574389 817500
572907 821220 573933 821820
573021 819780 573819 820380
573135 814020 573933 814620
573135 823140 578721 823740
573363 810180 574617 810780
573477 803460 573933 804060
573591 814980 575757 815580
573819 805380 574845 805980
573819 806820 575301 807900
573933 811620 575301 812700
574275 818340 575757 819420
574389 809220 574617 809820
574503 802020 575871 803100
574959 804900 575643 805980
575301 822180 576213 822780
575415 819780 576213 820380
575643 806340 576213 806940
575643 821220 576213 821820
575757 809220 576897 809820
575757 810180 576897 810780
575871 807300 577125 807900
576099 803460 577125 804060
576099 804420 576441 805020
576099 805380 577809 805980
576099 812100 576555 812700
576099 813060 577809 813660
576099 814980 577581 815580
576213 802020 576897 802620
576327 817860 577809 818460
576327 818820 577353 819420
576327 821700 577011 822300
576897 809700 578265 810780
577011 816420 578493 817500
577011 821700 578493 822300
577467 811140 580089 811740
577695 804420 578607 805020
577695 815460 579177 816060
577695 819300 578493 819900
578379 802980 579405 803580
578379 814500 578607 815100
578607 807300 579633 807900
578607 816900 579063 817500
578607 819780 579177 820380
578835 805860 580203 806940
578835 813540 580317 814620
578835 818340 580317 819420
579063 809700 579405 810300
579063 816420 579405 817020
579291 804900 580317 805500
579291 808260 579747 808860
579747 812100 580317 812700
580203 802500 581457 803100
580317 823620 581343 824220
580431 810660 581913 811260
580431 813060 581913 813660
580431 821700 581001 822300
580659 816900 581115 817500
580659 822660 581457 823260
580887 804900 581457 805500
580887 806340 581571 806940
580887 807300 581229 807900
580887 811620 581913 812220
580887 814020 581457 814620
580887 814980 581343 815580
580887 820260 581685 820860
581001 808740 582369 809820
581001 821700 581685 822300
581343 816420 582027 817500
581457 825060 582483 825660
581571 802980 582141 803580
581571 804420 583053 805020
581799 814980 583053 815580
581799 823140 582483 823740
582027 821700 582825 822300
582255 813540 583053 814620
582483 806820 583281 807420
582483 810660 583509 811260
582483 815940 583167 816540
582483 818340 583167 819420
582711 802500 583167 803100
582939 805380 583167 805980
582939 811620 584193 812220
583053 808260 584535 808860
583053 809220 584535 809820
583053 813060 584535 813660
583053 821700 584535 822300
583167 804900 584877 805500
583167 817380 584193 817980
583167 819300 584877 819900
583167 823140 583965 823740
583167 824100 584649 824700
583167 825060 583965 825660
583395 820260 585561 820860
583851 818340 585333 818940
584079 805860 584535 806460
584079 806820 584535 807420
584307 810660 585333 811260
584421 802500 585333 803100
584421 811620 585789 812700
584421 814980 585333 815580
584421 815940 585105 816540
584535 809700 585105 810300
584535 821220 585105 821820
584991 808260 586473 808860
585219 803940 586701 805020
585675 809700 587385 810300
585675 819780 586245 820380
585675 820740 586359 821340
585789 814020 586473 814620
585903 805380 586359 805980
585903 811620 586359 812220
585903 815460 586473 816060
586017 816420 587385 817500
586245 823140 587157 823740
586359 805860 587727 806940
586359 811620 587841 812700
586359 820740 586815 821340
586701 803940 588069 805020
586929 810660 587157 811260
587271 807780 588753 808380
587271 821220 588069 822300
587499 819780 588981 820380
587841 802020 588525 803100
587955 805380 588297 805980
587955 808740 590121 809340
587955 810660 588297 811260
587955 813540 588297 814140
587955 817380 589209 817980
587955 818340 588183 818940
588183 806820 589095 807420
588183 811620 589437 812220
588183 815940 588753 816540
588639 809700 589323 810780
588867 814980 589665 815580
588867 821220 589665 821820
589323 810180 590805 810780
589323 818820 590577 819420
589551 803460 590577 804060
589551 811140 590121 811740
589779 804900 590577 805500
589779 812100 590805 812700
589779 816420 591033 817020
590007 820740 590691 821340
590235 806340 590691 806940
590235 807300 590805 807900
590463 802020 590691 802620
590463 817380 590805 817980
590577 819300 591261 819900
590577 826980 591603 827580
590691 808260 591375 808860
590691 811140 591489 811740
590691 820260 591945 820860
590691 821220 591261 821820
590919 805860 592287 806940
591147 812580 592629 813660
591147 818340 592059 818940
591147 823140 592059 823740
591147 825060 592059 825660
591375 808260 592401 808860
591489 826020 592059 826620
591603 815940 592173 816540
591603 821700 592059 822300
591831 803460 592857 804060
591831 824100 592059 824700
591945 807300 592857 807900
592059 809220 593541 809820
592059 810660 592857 811260
592059 814020 593085 814620
592173 804420 592857 805020
592743 802500 592971 803100
592743 805860 592971 806460
592743 814980 593313 815580
592971 804900 594339 805980
592971 807780 594453 808860
592971 810180 593997 810780
592971 812580 593541 813180
592971 816420 594453 817500
593085 803940 593313 804540
593655 803460 594909 804060
594111 806820 594681 807420
594111 809700 595137 810300
594339 804900 594909 805500
594339 814020 594909 814620
594567 805860 596961 806460
594567 814980 596961 815580
594795 807780 595365 808380
594795 810660 595365 811260
594795 811620 595365 812220
595251 802500 596049 803100
595251 804420 596961 805020
595251 814020 595593 814620
595251 815940 595593 816540
595365 806820 596733 807900
595479 808740 596961 809820
595479 810660 596049 811260
595935 803460 596961 804060
595935 812100 597189 812700
595935 815940 597189 816540
596163 816900 596733 817500
596391 813540 596961 814140
597075 803940 597645 804540
597531 802980 597873 803580
597531 804900 597873 805500
597531 810660 598101 811260
597531 812100 598329 812700
597531 814500 597873 815100
597645 815940 598557 816540
597759 802020 598671 802620
597759 803940 598671 804540
597759 805860 598671 806460
597759 806820 598671 807420
597759 808260 598671 808860
597759 809220 598671 809820
597759 813060 598329 813660
597987 814020 598329 814620
598329 813540 598557 814140
598443 812580 599013 813180
598557 802980 609615 803580
598557 804900 605967 805500
598557 810180 599583 810780
598671 811620 599697 812220
598671 814500 599697 815100
598899 815940 599697 816540
599583 812580 600153 813180
600039 815460 601065 816060
600153 813540 600837 814140
601179 814020 601749 814620
601407 812100 604029 812700
601407 815940 602661 816540
601635 811140 602319 811740
601977 814020 602661 814620
602205 805860 602889 806460
602547 814980 603117 815580
603003 815940 603573 816540
603231 813540 603573 814140
603687 814020 604257 814620
603915 802020 611325 802620
603915 811140 606537 811740
604143 813060 606765 813660
604371 805860 608133 806460
604371 814500 604941 815100
604371 815940 605055 816540
605511 815940 606081 816540
606423 812100 607221 812700
606423 815940 607449 816540
606651 814500 607221 815100
607335 812580 608817 813660
607335 814500 607905 815100
608247 815940 609729 816540
608475 808260 609501 808860
608703 811620 609957 812220
608931 809220 609273 809820
609387 805860 610185 806940
609501 803940 609957 804540
609501 807300 609729 807900
609501 809700 609957 810300
609729 815940 610413 816540
609843 812580 612009 813180
610299 807780 614061 808380
610527 804420 614289 805020
610527 813540 611097 814140
610527 814500 611097 815100
610755 805380 613605 805980
610755 815940 654645 816540
611211 814980 612693 815580
611667 803460 613605 804060
611667 811140 612237 811740
611667 816900 655557 817500
611895 814020 612693 814620
612579 811140 613149 811740
612807 812580 613605 813180
613035 814020 613605 814620
613491 808740 616341 809340
613719 805860 614745 806460
613947 814980 615429 815580
614175 803460 617025 804060
614403 811620 615885 812220
614403 813540 615201 814620
614859 805860 615657 806460
614859 809700 616797 810300
615087 804900 615885 805500
615543 802500 616113 803100
616113 811620 616797 812700
616455 814500 616911 815100
616569 802500 617025 803100
616683 804420 617481 805020
616683 805380 617595 805980
616683 807300 617595 807900
616683 808260 617481 808860
617139 814500 617709 815100
617367 802020 617595 802620
617367 802980 617595 803580
617367 806340 617595 806940
617367 809700 617595 810300
617481 808260 618393 808860
617595 811620 618621 812220
617823 814020 618507 814620
618279 802020 620217 802620
618279 802980 620217 803580
618279 804420 632985 805020
618279 805860 620217 806460
618279 809220 632985 809820
618735 814020 619305 814620
619191 811620 620445 812220
619875 814020 620331 814620
620559 812100 621585 812700
620673 810660 651339 811260
622041 802020 624891 802620
622041 805860 644043 806460
622041 814500 622725 815100
622155 812100 622953 812700
623979 811620 630477 812220
625347 802020 630477 803100
629223 803460 630021 804060
629337 807780 632187 808380
631047 811620 636633 812220
632415 807780 637545 808860
633327 813060 637089 813660
633897 817860 648603 818460
634011 802500 634809 803100
636519 804420 636861 805020
636633 822180 651339 822780
636633 823140 651339 823740
636633 826980 651339 827580
636747 802980 641877 804060
637659 811620 638457 812220
638913 811620 639825 812220
639027 812580 640509 813660
640623 811620 641877 812220
641763 807300 643359 807900
644499 807300 646437 807900
644499 814500 673797 815100
644727 811620 645297 812220
645639 811620 646209 812220
647463 806340 649059 806940
648831 807300 649059 807900
649059 809220 655557 809820
649743 811620 651339 812220
650199 806820 655785 807420
651225 813540 658635 814140
651225 820260 695115 820860
651225 825060 695115 825660
651339 811620 652821 812220
652023 808260 655785 808860
652251 804900 656013 805500
652935 811620 654417 812700
654303 802020 658065 802620
654759 810180 657609 810780
655785 818820 657723 819420
655785 822660 657723 823260
656127 806340 656355 806940
656355 803460 658293 804060
656355 804420 658293 805020
656583 812100 658407 812700
657267 811140 658293 811740
657495 807780 664905 808380
657495 808740 660345 809340
658293 806340 667071 806940
658293 810180 667071 810780
658293 811140 667071 811740
658293 818820 688959 819420
658293 822660 659775 823260
659547 802020 660573 802620
659661 813060 674367 813660
659661 817860 674367 818460
659775 802980 660801 803580
661713 802020 662397 802620
662967 802020 664335 803100
664791 802020 665589 802620
665817 822180 673227 822780
665817 826980 673227 827580
666957 802500 667869 803100
666957 807300 668895 807900
666957 808260 668781 808860
666957 809220 669807 809820
666957 812100 670719 812700
668439 806340 669465 806940
668895 810660 669921 811260
669009 802500 670035 803100
669807 808740 671289 809340
669921 806820 670833 807420
670377 810660 670605 811260
670605 803460 671631 804060
670605 804420 671631 805020
670605 805380 671289 805980
670605 810180 671289 810780
670719 811620 671289 812220
670947 807300 671973 807900
671289 802500 672315 803100
671517 809700 671973 810300
671859 808740 672657 809340
671859 811140 672543 811740
672087 804420 673113 805020
672315 802020 673683 803100
672315 803460 673569 804060
672315 805860 673797 806940
672543 807780 673797 808380
672771 809700 674253 810300
673227 811140 673683 811740
673683 802980 674253 803580
673683 811620 675165 812700
674139 805380 674937 805980
674139 806340 674709 806940
674139 807780 674481 808380
674253 822660 696255 823260
674367 802020 675735 803100
674595 803940 676077 805020
674595 810180 676761 810780
675051 808260 676533 808860
675279 805860 675735 806460
675279 806820 675963 807900
675279 811620 676761 812700
675735 802020 676761 802620
676647 803460 678129 804060
676647 806820 677445 807900
676647 808740 677445 809340
676875 810660 677559 811260
677331 802020 677901 802620
677559 808740 679041 809820
677673 804420 677901 805020
678243 802020 679269 802620
678243 802980 679725 803580
678699 807300 679725 807900
678927 804900 680523 805500
679383 808740 679839 809340
679383 809700 679725 810300
679953 809700 687363 810300
680295 802980 695001 803580
680979 802020 681549 802620
682119 802020 683145 802620
687021 808740 694431 809340
688845 813060 696255 813660
691239 812100 698649 812700
691809 806340 699219 806940
692037 810660 695799 811260
695001 815460 696027 816060
695001 818340 696027 818940
