404871 805380 407721 805980
409887 815460 410457 816060
410799 804900 411597 805500
410799 809700 412281 810300
410799 813060 411027 813660
413307 803940 414333 804540
413307 805860 414333 806460
413307 810660 414333 811260
413649 808740 415017 809820
415587 809700 416385 810300
415815 802500 416385 803100
415815 803940 416385 804540
415815 811140 416727 811740
416841 805860 418209 806940
416955 810660 417297 811260
417867 810660 418437 811260
418095 802500 419121 803100
418095 812580 418323 813180
418779 814500 419121 815100
419007 805380 420489 805980
419007 807780 420375 808860
419007 810180 419577 810780
419691 813540 422085 814140
419919 811620 420717 812220
420375 803940 421287 804540
420603 810180 421059 810780
421287 806340 421743 806940
421515 810660 422085 811260
422199 813060 423453 813660
423111 815940 424137 816540
423225 808740 424593 809820
423567 811140 424365 811740
424707 811140 425277 811740
424707 813060 425277 813660
425163 805860 425847 806940
425163 809220 425391 809820
425163 810180 425505 810780
425505 807300 425961 807900
425847 810180 426189 810780
426075 803940 426303 804540
426303 802020 426531 802620
426987 803940 428697 804540
427215 813540 427785 814140
427671 804900 428697 805500
427671 807780 428013 808380
427671 809220 428697 809820
427671 810660 428469 811260
427899 814980 430065 815580
430179 802980 430749 803580
430407 805860 431775 806940
430635 811140 431205 811740
430863 802020 431319 802620
430863 803940 432117 804540
433941 803940 434853 804540
434055 802980 434625 803580
434055 806820 435765 807420
435651 803940 439413 804540
437247 802020 438045 803100
437475 813540 439071 814620
438843 805380 441465 805980
439527 811140 441465 811740
440211 812580 441693 813660
441123 802020 441693 802620
441123 803940 442149 804540
441123 806340 441693 806940
442035 808740 443061 809340
442035 811620 442719 812700
443517 805860 444201 806940
443631 808260 444885 808860
444315 804900 445569 805500
444315 809220 445569 809820
444315 810180 445341 810780
444999 802020 445341 802620
445569 811620 446937 812700
446139 803940 446823 805020
446595 815940 446937 816540
447507 804900 448533 805500
447735 807300 447963 807900
447735 810660 448305 811260
448647 810180 463353 810780
449331 802980 451497 803580
449559 804900 451041 805980
449559 807300 450471 807900
452523 802500 452751 803100
453891 804420 454233 805020
454347 805860 455031 806940
454917 811620 456513 812700
455715 802020 456741 802620
456627 807780 458109 808860
458679 803940 459249 804540
458907 807780 459477 808380
459135 805860 460503 806940
459477 808740 460845 809820
463467 802980 465633 803580
463695 806340 464265 806940
465291 805380 466317 805980
466203 803940 467685 805020
468027 803460 482733 804060
468027 809220 490029 809820
505875 804900 508269 805500
539847 812100 554553 812700
543267 816420 543951 817500
543723 813060 544293 813660
548967 802020 550449 802620
553527 802020 554553 802620
553755 815460 556377 816060
554439 813060 555123 813660
554895 808260 555465 808860
556263 812580 557289 813180
556491 802980 557061 803580
556947 806820 557973 807420
556947 807780 557175 808380
557175 802500 557745 803100
557403 803460 557859 804060
557859 814500 558657 815100
558315 808740 558999 809820
558771 806820 559341 807420
559227 808260 559797 808860
559227 811140 559569 811740
559683 815940 561849 816540
559911 804900 560481 805500
560139 809700 561621 810780
560595 808740 561621 809340
561051 813540 561849 814620
561735 806340 562191 806940
561735 814980 562761 815580
562419 816900 562761 817500
563331 805380 563559 805980
563331 812580 564357 813180
564015 802980 564813 803580
564015 817860 565041 818460
564471 811620 565953 812700
564699 803940 564927 804540
564699 804900 565269 805500
564699 814020 565041 814620
564927 816420 566409 817500
565155 808740 566637 809820
566523 806340 567321 806940
566523 813540 568689 814140
566751 807780 568233 808860
566865 811620 568233 812700
568347 814980 568803 815580
568575 809700 569259 810780
568803 812580 569145 813180
569715 805380 569943 805980
569715 818340 571197 819420
569943 808740 571311 809820
570399 810660 571197 811260
571425 818340 572109 818940
571539 812580 573021 813660
571539 820740 573021 821340
571539 822180 573705 822780
571767 816420 572451 817500
572223 808740 573705 809820
572337 805860 573705 806940
572451 807300 573933 807900
573363 810660 574047 811740
573591 802980 575073 803580
573819 803940 575301 805020
574275 812580 575757 813660
575187 817860 575529 818460
576099 819780 577125 820380
576327 807780 577809 808860
576327 813540 577809 814620
576327 818340 577809 818940
576441 811620 577809 812700
576783 802020 578265 803100
577695 821220 578949 821820
578379 819780 578721 820380
578607 822180 579405 823260
578835 814500 580317 815580
579291 802980 580773 804060
579291 808740 580659 809820
580203 805380 581457 805980
580887 812580 582597 813180
581571 803460 582141 804060
581571 820740 583053 821340
584421 805860 585789 806940
584421 813540 585789 814620
584877 816420 585561 817500
584991 821700 585219 822300
585219 802020 586701 803100
585219 818340 586701 819420
585675 812580 586701 813180
586359 808740 587043 809820
586359 813540 587727 814620
587271 810180 588069 810780
587955 803460 588183 804060
588183 805860 589095 806460
588183 810660 589209 811260
588183 813540 590349 814140
589095 816420 589779 817500
589551 814500 590235 815580
589779 812580 590007 813180
590463 802980 590691 803580
590463 803940 591033 804540
590691 809700 592173 810780
591147 811620 591831 812700
591831 812100 592515 812700
592059 815940 593085 816540
592743 804900 593085 805500
592743 806340 592971 806940
592743 811140 594453 811740
592857 802020 594225 803100
593427 813060 594909 813660
594339 815940 594909 816540
595479 802020 596961 802620
595479 805380 596049 805980
595479 811140 597645 811740
596391 802980 597645 803580
596391 814020 597645 814620
596619 807780 597873 808380
596847 809700 597873 810300
597759 802980 598671 803580
597759 804900 598671 805500
598557 803940 605967 804540
598557 807780 605967 808380
598557 809700 605967 810300
599127 815460 599697 816060
599355 814020 599925 814620
600039 812100 600267 812700
600039 815940 600837 816540
600267 814500 601749 815580
602205 802500 603117 803100
603915 812100 605169 812700
604371 814980 605169 815580
605055 813540 606537 814620
607791 814980 608361 815580
609615 802980 610413 804060
609843 809700 610641 810780
612579 814980 614061 815580
613035 811620 614517 812220
613491 812580 616113 813180
613491 813540 614517 814140
617367 808740 617595 809340
617481 804900 618393 805500
617481 806340 618393 806940
617481 807300 618393 807900
618279 803460 625689 804060
618279 808740 620217 809340
618279 809700 620217 810300
620559 812580 622155 813180
622611 814500 637317 815100
639825 811620 640509 812700
646323 807300 646779 807900
651339 812100 652137 812700
652251 805380 656013 805980
654303 802500 658065 803100
654987 813060 657837 813660
655443 809220 656355 809820
655671 807780 656355 808860
656241 805860 657609 806940
669807 809220 671289 809820
669921 802500 670149 803100
671175 805860 672429 806460
672087 804900 673569 805500
673455 803940 674709 804540
674139 805860 674595 806460
674139 806820 674937 807420
674139 808260 674481 808860
674139 811140 674481 811740
674823 803460 676305 804060
675279 806340 675849 806940
675507 811140 675963 811740
675735 802500 676761 803100
675963 804900 677673 805500
676647 809700 677217 810300
677331 808260 678585 808860
678699 807780 693405 808380
679383 803940 680865 805020
