15150087 3467460 15152253 3470460
15150087 3514500 15150885 3515580
15152367 3603780 15153393 3604860
15152823 3446340 15153621 3447420
15159891 3593220 15161829 3594300
15162171 3372420 15164337 3375420
15162171 3385860 15164337 3386940
15162171 3493380 15164337 3496380
15169239 3539460 15170037 3540540
15171747 3475140 15173913 3478140
15183945 3447780 15192723 3450300
15192609 3403620 15198651 3406140
15192609 3427620 15198651 3429180
15192609 3497700 15198651 3499260
15192609 3528420 15198651 3530940
15192609 3542820 15198651 3545340
15192609 3547620 15198651 3550140
15192609 3560100 15198651 3561660
15192609 3595620 15198651 3598140
15192609 3600420 15198651 3602940
15198081 3513060 15198651 3514620
15198081 3514980 15198651 3516540
