15147693 3421860 15147921 3422460
15147693 3587940 15148377 3588540
15148149 3349380 15151911 3349980
15148149 3350820 15149517 3351420
15148149 3351780 15149517 3352380
15148149 3353220 15150201 3353820
15148149 3355140 15150201 3355740
15148149 3357060 15151911 3357660
15148149 3358020 15149973 3358620
15148149 3359460 15148377 3360060
15148149 3360900 15150201 3361500
15148149 3361860 15149973 3362460
15148149 3363300 15150201 3363900
15148149 3364740 15150201 3365340
15148149 3365700 15149973 3366300
15148149 3369540 15151911 3370140
15148149 3370980 15149289 3371580
15148149 3375300 15151569 3375900
15148149 3377220 15149061 3377820
15148149 3378180 15149973 3378780
15148149 3464100 15150201 3464700
15148149 3465540 15149061 3466140
15148149 3467460 15150201 3468060
15148149 3468420 15149973 3469020
15148149 3471780 15151113 3472380
15148149 3476100 15151569 3476700
15148149 3478020 15150429 3478620
15148149 3478980 15149973 3479580
15148149 3481860 15149973 3482460
15148149 3482820 15149973 3483420
15148149 3485700 15149973 3486300
15148149 3486660 15149973 3487260
15148149 3488580 15149973 3489180
15148149 3492420 15150201 3493020
15148149 3494340 15149175 3494940
15148149 3495780 15151911 3496380
15148149 3498660 15148377 3499260
15148149 3500100 15149061 3501180
15148149 3502500 15149289 3503100
15148149 3504420 15149745 3505020
15148149 3505860 15149517 3506460
15148149 3506820 15150201 3507420
15148149 3508260 15151569 3508860
15148149 3509220 15149175 3509820
15148149 3510660 15150429 3511260
15148149 3512100 15151911 3512700
15148149 3513060 15150657 3513660
15148149 3514500 15149973 3515100
15148149 3516420 15149175 3517020
15148149 3518820 15150429 3519420
15148149 3520740 15149289 3521340
15148149 3522180 15150087 3522780
15148149 3523140 15149973 3523740
15148149 3526020 15150201 3526620
15148149 3526980 15149973 3527580
15148149 3528420 15149517 3529020
15148149 3532740 15150201 3533340
15148149 3536580 15150429 3537180
15148149 3538500 15150201 3539100
15148149 3539460 15149973 3540060
15148149 3540900 15152823 3541500
15148149 3571140 15151911 3571740
15148149 3572580 15151569 3573180
15148149 3573540 15151911 3574140
15148149 3574980 15149973 3575580
15148149 3576420 15149517 3577020
15148149 3577380 15150201 3577980
15148149 3578820 15149973 3579420
15148149 3579780 15149973 3580380
15148149 3582660 15150201 3583260
15148149 3583620 15149973 3584220
15148149 3585060 15150999 3585660
15148149 3586500 15149175 3587100
15148149 3589860 15149175 3590460
15148149 3591300 15150201 3591900
15148149 3593220 15149973 3593820
15148149 3597060 15150201 3597660
15148149 3598980 15149289 3600060
15148263 3417540 15149061 3418620
15148263 3419460 15149061 3420540
15148263 3438180 15148833 3438780
15148263 3461220 15149061 3461820
15148263 3557220 15151113 3557820
15148263 3568740 15149973 3569340
15148491 3368580 15149517 3369180
15148491 3439140 15150201 3439740
15148491 3480900 15150201 3481500
15148491 3484740 15150429 3485340
15148491 3525060 15149517 3525660
15148491 3581700 15149517 3582300
15148605 3394980 15150201 3395580
15148605 3443940 15149517 3444540
15148605 3545220 15150201 3546300
15148605 3547140 15150201 3548220
15148605 3560100 15150201 3560700
15148605 3562500 15150201 3563580
15148719 3452100 15149517 3453180
15148719 3549060 15149517 3550140
15148947 3390660 15150201 3391260
15148947 3429060 15149745 3430140
15148947 3431940 15149517 3432540
15148947 3498180 15149517 3499260
15148947 3594180 15149745 3595260
15148947 3600900 15149973 3601980
15149061 3587460 15149859 3588060
15149175 3373860 15149745 3374460
15149175 3406980 15149973 3407580
15149175 3433860 15150885 3434460
15149175 3445860 15152937 3446460
15149175 3494340 15149973 3495420
15149175 3509220 15149973 3509820
15149175 3542340 15150201 3542940
15149175 3551940 15149973 3553020
15149175 3590340 15153393 3590940
15149403 3501060 15150201 3502140
15149403 3516420 15151797 3517020
15149631 3438180 15157041 3438780
15149745 3351780 15150201 3352380
15149859 3354180 15150429 3354780
15149859 3359460 15150429 3360060
15149859 3366660 15153621 3367260
15149859 3368100 15150429 3368700
15149859 3371940 15150201 3372540
15149859 3374340 15152481 3374940
15149859 3381060 15150657 3382140
15149859 3385380 15152709 3385980
15149859 3387300 15150657 3387900
15149859 3388260 15150429 3388860
15149859 3389220 15153621 3389820
15149859 3392100 15150885 3392700
15149859 3395940 15150657 3396540
15149859 3401220 15152709 3401820
15149859 3402660 15150429 3403260
15149859 3408420 15152709 3409020
15149859 3419940 15150201 3420540
15149859 3425220 15150429 3425820
15149859 3426660 15152709 3427260
15149859 3430020 15151341 3430620
15149859 3435300 15151455 3435900
15149859 3436740 15151569 3437340
15149859 3444420 15150657 3445500
15149859 3456420 15150657 3457020
15149859 3458340 15150657 3458940
15149859 3460260 15150885 3460860
15149859 3466020 15150657 3466620
15149859 3475140 15150201 3475740
15149859 3490020 15152481 3490620
15149859 3496740 15150201 3497340
15149859 3515460 15150201 3516060
15149859 3517860 15153621 3518460
15149859 3524580 15150201 3525180
15149859 3530340 15156357 3530940
15149859 3531780 15150429 3532380
15149859 3533700 15151569 3534300
15149859 3563940 15151341 3564540
15149859 3565860 15152709 3566460
15149859 3581220 15150201 3581820
15149859 3587460 15150429 3588060
15149859 3588420 15150657 3589500
15149859 3592260 15151797 3592860
15149859 3594180 15150657 3595260
15149859 3596100 15150429 3596700
15149859 3603300 15151797 3603900
15149859 3605220 15151113 3605820
15150087 3377220 15152253 3380220
15150087 3397860 15150657 3398460
15150087 3403620 15150657 3404220
15150087 3407460 15150885 3408060
15150087 3410820 15152253 3413820
15150087 3415620 15152253 3418620
15150087 3428100 15150885 3428700
15150087 3451140 15151113 3452220
15150087 3453060 15151341 3454140
15150087 3462660 15152253 3463740
15150087 3473220 15151569 3473820
15150087 3493380 15151569 3493980
15150087 3499140 15152253 3500220
15150087 3520260 15152253 3521340
15150087 3543300 15150885 3544380
15150087 3576420 15152025 3577020
15150087 3598020 15152025 3599100
15150087 3599940 15150885 3601020
15150087 3607620 15150429 3608700
15150315 3478980 15150885 3479580
15150315 3501060 15152481 3502140
15150315 3504420 15152709 3505020
15150315 3549060 15151341 3549660
15150429 3394980 15157839 3395580
15150429 3405060 15152937 3405660
15150429 3414660 15151569 3415260
15150429 3425700 15153393 3426300
15150429 3430980 15151797 3431580
15150429 3440580 15151797 3441180
15150429 3448260 15152253 3448860
15150429 3457380 15150657 3457980
15150429 3459300 15150885 3459900
15150429 3487140 15152253 3487740
15150429 3539940 15151341 3540540
15150429 3550500 15152937 3551100
15150429 3553380 15152709 3553980
15150429 3554340 15151455 3554940
15150429 3564900 15150657 3565500
15150429 3577860 15152025 3578460
15150543 3402180 15152139 3403260
15150543 3461220 15152481 3461820
15150543 3522180 15151341 3523260
15150771 3382980 15151569 3384060
15150771 3393540 15151797 3394140
15150771 3396900 15153279 3397500
15150771 3400260 15151341 3400860
15150771 3547140 15151797 3548220
15150771 3555780 15151569 3556860
15150999 3441540 15151569 3442620
15150999 3456900 15151797 3457500
15150999 3562980 15154761 3563580
15150999 3606660 15151797 3607740
15150999 3608100 15154305 3608700
15151227 3376260 15153165 3376860
15151227 3380580 15152481 3381180
15151227 3407460 15153165 3408060
15151227 3433860 15152367 3434460
15151227 3560100 15153165 3560700
15151227 3587940 15152709 3588540
15151227 3593220 15152253 3594300
15151341 3604260 15151797 3604860
15151455 3398340 15152481 3398940
15151455 3421380 15152253 3421980
15151455 3457860 15152253 3458940
15151455 3459780 15152025 3460380
15151455 3465540 15152025 3466140
15151455 3472260 15152253 3472860
15151455 3502500 15152481 3503100
15151455 3542340 15152253 3543420
15151455 3562020 15153279 3562620
15151569 3436260 15153507 3436860
15151683 3381540 15152481 3382140
15151683 3399780 15152139 3400380
15151683 3431940 15152253 3432540
15151683 3432900 15152595 3433500
15151683 3454980 15152481 3455580
15151683 3455940 15152709 3456540
15151683 3527940 15152709 3528540
15151683 3561060 15152481 3561660
15151683 3599940 15152481 3600540
15151683 3605220 15152481 3605820
15151797 3354660 15153279 3355260
15151797 3532260 15153165 3532860
15151797 3596580 15152709 3597180
15151911 3349380 15152709 3350460
15151911 3450180 15152709 3451260
15151911 3453540 15153849 3454140
15151911 3466500 15152481 3467100
15151911 3497700 15154077 3498300
15151911 3508740 15154305 3509340
15151911 3523140 15154989 3523740
15151911 3549060 15152481 3550140
15151911 3555780 15152709 3556860
15151911 3563940 15152937 3564540
15151911 3603300 15152481 3603900
15152139 3358500 15154989 3359100
15152139 3363780 15153621 3364380
15152139 3372420 15153279 3373500
15152139 3384420 15154989 3385020
15152139 3387780 15152937 3388860
15152139 3430020 15153165 3430620
15152139 3441540 15153393 3442620
15152139 3485700 15154761 3486780
15152139 3496740 15152937 3497340
15152139 3506820 15154761 3507900
15152139 3533220 15155901 3533820
15152139 3538980 15153849 3539580
15152139 3577380 15152937 3577980
15152139 3595620 15152937 3596220
15152139 3600900 15153165 3601980
15152253 3399300 15153051 3399900
15152253 3458820 15152709 3459420
15152253 3479460 15153279 3480060
15152253 3567300 15152709 3567900
15152253 3602340 15153849 3602940
15152367 3351300 15153165 3352380
15152367 3375300 15153621 3375900
15152367 3393540 15153393 3394140
15152367 3420900 15152709 3421500
15152367 3435300 15153621 3435900
15152367 3470340 15152709 3470940
15152367 3472740 15153165 3473340
15152367 3473700 15154077 3474300
15152367 3480420 15154305 3481020
15152367 3481380 15153165 3481980
15152367 3495300 15153849 3495900
15152367 3510660 15155217 3511260
15152367 3516420 15153849 3517020
15152367 3520260 15153165 3520860
15152367 3544260 15154077 3544860
15152367 3558180 15155217 3558780
15152367 3569220 15154761 3569820
15152367 3584580 15153165 3585180
15152367 3585540 15153279 3586620
15152367 3592740 15154305 3593340
15152367 3594660 15153165 3595260
15152481 3409860 15152709 3410460
15152595 3352740 15153735 3353340
15152595 3369540 15154533 3370140
15152595 3402660 15152937 3403260
15152595 3422340 15155103 3422940
15152595 3423780 15152937 3424380
15152595 3424740 15153393 3425340
15152595 3430980 15154191 3432060
15152595 3459780 15154761 3460860
15152595 3500100 15153393 3501180
15152595 3505380 15153165 3505980
15152595 3548100 15153393 3549180
15152595 3554820 15153621 3555420
15152595 3575940 15154761 3577020
15152595 3579780 15154077 3580380
15152709 3476100 15154305 3477180
15152823 3349380 15154533 3349980
15152823 3357060 15153621 3358140
15152823 3361860 15154761 3362940
15152823 3367620 15153621 3368700
15152823 3385860 15154305 3386460
15152823 3415140 15153963 3415740
15152823 3416100 15156585 3416700
15152823 3455940 15154761 3457020
15152823 3461220 15159321 3461820
15152823 3493380 15153621 3494460
15152823 3502500 15155331 3503100
15152823 3537540 15154305 3538140
15152823 3565380 15153621 3565980
15152823 3572580 15153849 3573180
15152823 3599940 15157497 3600540
15153051 3379140 15154077 3379740
15153051 3382020 15154647 3383100
15153051 3411300 15153621 3411900
15153051 3413700 15153849 3414780
15153051 3419460 15153849 3420540
15153051 3428100 15155217 3428700
15153051 3433860 15154647 3434940
15153051 3463620 15154647 3464700
15153051 3482820 15153621 3483420
15153051 3488580 15154533 3489180
15153051 3491460 15154761 3492060
15153051 3536580 15153621 3537180
15153051 3541380 15154305 3541980
15153051 3570660 15155673 3571260
15153051 3587460 15153849 3588060
15153051 3597060 15153849 3597660
15153165 3350340 15154761 3351420
15153165 3359940 15154761 3361020
15153165 3511620 15154761 3512700
15153165 3555780 15154761 3556860
15153279 3365700 15156129 3366300
15153279 3381060 15153621 3381660
15153279 3397860 15154077 3398460
15153279 3406980 15153849 3407580
15153279 3407940 15157041 3408540
15153279 3442980 15154761 3443580
15153279 3458340 15154533 3458940
15153279 3490500 15154533 3491100
15153279 3501540 15154305 3502140
15153279 3529380 15154077 3529980
15153279 3557220 15154989 3557820
15153279 3574980 15154077 3575580
15153279 3577860 15154533 3578460
15153279 3606180 15157041 3606780
15153507 3356100 15154647 3356700
15153507 3423300 15154305 3423900
15153507 3437220 15154647 3437820
15153507 3468420 15154989 3469020
15153507 3496260 15154077 3496860
15153507 3499140 15155787 3499740
15153507 3513060 15155103 3513660
15153507 3526020 15154305 3526620
15153507 3543300 15154305 3543900
15153507 3547140 15154533 3548220
15153507 3566340 15154989 3566940
15153507 3582180 15155103 3582780
15153507 3590340 15154305 3590940
15153621 3367140 15154761 3367740
15153621 3389220 15154761 3389820
15153621 3408900 15157383 3409500
15153621 3420900 15162855 3421500
15153621 3477540 15154647 3478140
15153621 3527940 15153849 3528540
15153621 3534180 15155445 3534780
15153735 3353700 15154533 3354300
15153735 3368580 15155673 3369180
15153735 3410820 15154533 3411900
15153735 3483300 15155901 3483900
15153735 3484260 15155673 3484860
15153735 3487140 15157269 3487740
15153735 3559140 15154761 3559740
15153735 3586500 15157269 3587100
15153735 3595620 15154761 3596220
15153963 3413220 15155673 3413820
15153963 3436260 15154989 3436860
15153963 3441060 15155673 3441660
15153963 3445860 15159549 3446460
15153963 3474660 15155217 3475260
15153963 3481860 15155217 3482940
15153963 3489540 15154761 3490140
15153963 3500100 15157725 3500700
15153963 3518340 15155901 3518940
15153963 3552900 15156813 3554460
15153963 3574020 15154761 3574620
15153963 3591780 15155217 3592380
15154077 3403620 15154989 3404220
15154077 3406020 15155103 3407100
15154077 3448740 15157839 3449340
15154077 3544740 15155673 3545340
15154077 3551460 15157497 3552060
15154191 3432420 15155331 3433020
15154191 3440100 15157953 3440700
15154191 3450660 15154647 3451260
15154191 3454980 15157041 3455580
15154191 3524100 15159777 3524700
15154191 3528900 15154761 3529500
15154191 3538980 15155445 3539580
15154191 3549060 15154989 3550140
15154191 3585060 15155331 3585660
15154191 3598500 15154989 3599100
15154305 3370500 15156243 3371100
15154305 3535620 15154875 3536220
15154305 3593700 15156243 3594300
15154419 3375300 15155217 3376380
15154419 3378660 15155673 3379260
15154419 3381060 15155445 3381660
15154419 3383460 15157269 3384060
15154419 3393540 15156813 3394140
15154419 3400740 15155217 3401340
15154419 3418500 15156129 3419100
15154419 3457380 15160005 3457980
15154419 3466980 15155445 3467580
15154419 3494820 15155445 3495420
15154419 3501060 15154761 3501660
15154419 3508260 15156015 3508860
15154419 3514980 15154989 3515580
15154419 3516420 15154989 3517020
15154419 3531780 15155217 3532380
15154419 3538020 15155445 3538620
15154419 3546180 15155673 3546780
15154533 3376740 15155445 3377340
15154533 3435300 15155445 3435900
15154533 3472740 15157497 3473340
15154533 3601380 15156129 3601980
15154647 3348420 15154989 3349500
15154647 3354660 15155673 3355260
15154647 3364260 15155217 3364860
15154647 3373380 15155217 3373980
15154647 3377700 15157497 3378300
15154647 3390660 15157497 3391260
15154647 3424740 15156357 3425340
15154647 3425700 15155217 3426300
15154647 3443940 15156129 3444540
15154647 3462660 15155445 3463260
15154647 3470820 15155901 3471420
15154647 3490500 15155445 3491100
15154647 3495780 15155901 3496380
15154647 3496740 15155445 3497340
15154647 3504900 15155445 3505500
15154647 3519300 15155445 3519900
15154647 3520260 15158409 3520860
15154647 3527940 15154989 3528540
15154647 3541380 15155217 3541980
15154647 3562020 15155445 3562620
15154647 3579780 15155901 3580380
15154647 3604740 15155445 3605820
15154761 3590820 15155217 3591420
15154875 3356100 15155445 3356700
15154875 3360900 15156129 3361500
15154875 3382500 15159093 3383100
15154875 3397860 15155901 3398460
15154875 3414660 15157041 3415740
15154875 3453060 15155673 3454140
15154875 3459780 15157041 3460860
15154875 3477060 15157041 3478140
15154875 3480420 15156357 3481020
15154875 3543300 15157041 3544380
15154875 3567300 15157041 3568380
15154989 3455940 15156585 3457020
15154989 3526980 15156585 3528060
15155103 3388740 15156357 3389340
15155103 3419460 15157041 3420540
15155103 3478500 15155673 3479100
15155103 3547140 15157269 3548220
15155103 3559620 15157269 3560700
15155103 3576900 15157269 3577980
15155103 3583620 15157269 3584700
15155103 3587460 15155901 3588060
15155217 3422340 15156813 3423420
15155217 3492420 15156813 3493500
15155217 3540420 15156813 3541500
15155217 3581700 15156813 3582780
15155331 3358020 15157269 3358620
15155331 3358980 15156813 3359580
15155331 3363300 15156585 3363900
15155331 3402180 15159549 3402780
15155331 3404580 15158181 3405180
15155331 3427140 15156585 3427740
15155331 3468420 15159549 3469020
15155331 3491460 15157269 3492060
15155331 3502980 15156813 3503580
15155331 3515460 15156357 3516060
15155331 3569220 15159093 3569820
15155331 3602820 15157041 3603420
15155331 3607620 15156129 3608700
15155445 3578340 15156129 3578940
15155559 3409860 15156813 3410460
15155559 3488580 15157155 3489660
15155559 3511140 15156129 3511740
15155559 3521700 15156813 3522300
15155673 3351300 15157269 3352380
15155673 3503940 15157269 3505020
15155673 3505860 15157269 3506940
15155787 3353700 15157269 3354300
15155787 3373380 15156585 3373980
15155787 3374340 15156927 3374940
15155787 3384420 15159549 3385020
15155787 3391620 15156129 3392220
15155787 3417540 15156357 3418140
15155787 3430500 15156129 3431100
15155787 3435300 15156813 3435900
15155787 3436740 15156243 3437340
15155787 3498660 15156585 3499260
15155787 3557220 15158181 3557820
15155787 3565860 15157497 3566460
15155787 3585060 15157725 3585660
15155787 3588420 15156585 3589020
15155787 3596100 15156585 3597180
15155901 3366660 15156243 3367260
15156015 3349860 15156357 3350460
15156015 3376260 15156813 3376860
15156015 3380580 15156813 3381180
15156015 3399300 15157269 3399900
15156015 3400260 15156813 3401340
15156015 3453060 15156813 3454140
15156015 3494820 15157497 3495420
15156015 3509700 15156813 3510300
15156015 3574020 15159777 3574620
15156015 3574980 15157953 3575580
15156015 3604260 15156585 3604860
15156129 3508260 15157269 3508860
15156129 3558180 15158637 3558780
15156243 3412740 15157041 3413820
15156243 3536580 15158637 3537180
15156243 3570180 15157497 3570780
15156357 3403620 15157953 3404220
15156357 3430500 15157383 3431100
15156357 3443940 15163767 3444540
15156471 3391620 15157497 3392220
15156471 3425700 15160689 3426300
15156471 3465060 15157725 3465660
15156471 3541860 15158409 3542460
15156471 3572580 15157269 3573180
15156699 3368580 15157269 3369180
15156699 3442500 15157953 3443580
15156699 3478500 15158409 3479100
15156699 3510660 15157725 3511740
15156699 3514020 15157269 3514620
15156699 3515940 15157269 3516540
15156699 3526020 15158295 3527100
15156699 3563460 15157725 3564060
15156813 3362340 15164223 3362940
15156813 3397860 15157383 3398460
15156813 3485220 15160575 3485820
15156813 3538020 15157725 3538620
15156813 3538980 15157725 3539580
15156927 3348900 15157953 3349500
15156927 3349860 15158637 3350460
15156927 3360900 15157497 3361500
15156927 3380100 15158181 3380700
15156927 3416100 15167985 3416700
15156927 3418020 15160689 3418620
15156927 3470340 15158637 3470940
15156927 3561060 15157725 3561660
15156927 3598980 15157953 3599580
15157041 3581220 15158637 3581820
15157041 3595620 15157383 3596220
15157155 3356100 15157725 3356700
15157155 3358980 15158637 3359580
15157155 3365700 15157953 3366300
15157155 3366660 15160917 3367260
15157155 3373380 15157725 3373980
15157155 3396900 15159093 3397500
15157155 3407460 15161829 3408060
15157155 3433380 15160005 3433980
15157155 3434820 15160005 3435420
15157155 3439140 15159093 3439740
15157155 3446820 15158523 3447420
15157155 3453060 15157953 3454140
15157155 3498180 15157725 3498780
15157155 3516900 15159093 3518460
15157155 3522180 15158409 3522780
15157155 3525060 15159549 3525660
15157155 3528420 15157725 3529020
15157155 3543300 15157953 3544380
15157155 3556260 15157725 3556860
15157155 3605700 15157725 3606300
15157269 3376740 15164679 3377340
15157383 3350820 15157953 3351420
15157383 3354180 15159549 3355260
15157383 3374340 15158409 3374940
15157383 3386820 15159549 3387900
15157383 3406020 15157953 3406620
15157383 3409860 15159549 3410940
15157383 3417060 15157953 3417660
15157383 3437700 15159549 3438780
15157383 3454980 15158181 3456060
15157383 3458820 15159549 3459900
15157383 3462180 15159093 3462780
15157383 3488580 15158181 3489660
15157383 3491460 15158979 3492540
15157383 3492900 15158409 3493500
15157383 3506820 15159549 3507900
15157383 3512580 15157953 3513660
15157383 3559140 15158409 3559740
15157383 3576900 15159549 3579900
15157383 3582660 15158181 3583740
15157611 3353220 15158865 3353820
15157611 3378660 15158637 3379260
15157611 3381540 15158637 3382140
15157611 3399300 15157953 3399900
15157611 3412740 15158409 3413340
15157611 3432420 15159321 3433020
15157611 3463140 15158067 3463740
15157611 3464100 15160005 3464700
15157611 3515460 15161829 3516060
15157611 3545700 15158181 3546300
15157725 3394020 15160575 3394620
15157725 3540420 15158067 3541020
15157725 3608580 15159777 3609180
15157839 3388740 15160461 3389340
15157839 3427140 15159435 3428220
15157839 3430500 15158523 3431100
15157839 3487620 15158067 3488220
15157839 3490500 15158637 3491100
15157839 3496260 15158979 3496860
15157839 3521220 15158865 3521820
15157839 3550020 15158181 3550620
15157839 3551460 15159093 3552060
15157839 3567300 15158637 3568380
15157839 3572100 15159435 3573180
15157839 3584100 15165249 3584700
15157839 3585060 15159777 3585660
15157839 3590340 15158409 3590940
15157839 3592260 15159321 3592860
15157839 3604740 15159435 3605820
15157953 3352260 15162057 3352860
15158067 3369540 15159891 3370140
15158067 3398820 15159321 3399420
15158067 3440580 15158865 3441660
15158067 3452580 15161829 3453180
15158067 3476100 15159321 3476700
15158067 3493860 15159321 3494460
15158067 3509700 15159093 3510300
15158067 3514020 15161829 3514620
15158067 3532260 15158865 3532860
15158067 3564900 15160005 3565500
15158067 3589380 15158865 3589980
15158067 3598500 15160575 3599100
15158181 3552420 15158637 3553020
15158295 3358020 15159093 3358620
15158295 3359940 15159549 3360540
15158295 3368580 15159093 3369180
15158295 3423780 15169353 3424380
15158295 3455940 15159093 3456540
15158295 3489540 15159321 3490140
15158295 3594180 15162057 3594780
15158295 3597060 15159093 3597660
15158295 3601380 15159093 3601980
15158409 3406500 15162171 3407100
15158409 3450180 15158865 3450780
15158409 3545700 15159549 3546300
15158523 3365700 15159093 3366300
15158523 3399780 15159549 3400380
15158523 3403620 15159093 3404220
15158523 3419460 15162285 3420060
15158523 3424740 15173229 3425340
15158523 3466500 15159321 3467100
15158523 3480420 15159093 3481020
15158523 3483300 15159093 3483900
15158523 3497220 15160005 3497820
15158523 3547140 15159777 3548220
15158523 3574980 15159093 3575580
15158523 3583140 15161031 3583740
15158637 3561060 15160005 3561660
15158751 3370980 15159321 3371580
15158751 3392580 15160005 3393180
15158751 3422820 15166161 3423420
15158751 3444900 15161145 3445500
15158751 3446820 15160005 3447420
15158751 3486660 15164337 3487260
15158751 3499620 15159777 3500220
15158751 3505860 15159777 3506460
15158865 3390660 15160005 3391740
15158865 3582180 15162627 3582780
15158979 3395460 15160575 3396540
15158979 3411780 15164565 3412380
15158979 3449220 15161145 3449820
15158979 3454020 15162285 3454620
15158979 3521700 15159777 3522300
15158979 3527940 15160233 3528540
15158979 3550020 15164565 3550620
15159093 3373860 15160461 3374460
15159093 3481380 15166503 3481980
15159207 3400740 15161829 3401340
15159207 3470820 15160005 3471420
15159207 3488580 15160233 3489180
15159207 3490980 15159777 3491580
15159207 3492900 15159777 3493500
15159207 3498660 15159549 3499260
15159207 3503940 15160689 3504540
15159207 3520260 15159549 3520860
15159207 3562980 15166617 3563580
15159207 3581220 15160233 3581820
15159207 3586980 15160233 3587580
15159321 3430980 15162627 3431580
15159435 3378180 15160005 3378780
15159435 3477540 15161145 3478140
15159435 3478500 15161145 3479100
15159435 3502020 15163197 3502620
15159435 3502980 15160689 3503580
15159435 3511620 15161373 3512220
15159435 3531300 15160689 3531900
15159435 3532260 15160461 3532860
15159435 3534180 15159663 3534780
15159435 3535140 15159777 3535740
15159435 3540420 15160461 3541500
15159435 3542820 15160233 3543420
15159435 3553380 15160689 3553980
15159435 3565860 15160917 3566460
15159435 3595620 15160005 3596220
15159435 3596580 15162057 3597180
15159549 3381060 15161145 3382140
15159663 3350820 15162057 3351420
15159663 3353700 15161601 3354300
15159663 3355620 15161601 3356220
15159663 3399300 15160917 3399900
15159663 3460260 15160689 3460860
15159663 3474180 15161259 3475260
15159663 3476580 15161145 3477180
15159663 3482820 15160233 3483420
15159663 3508740 15160233 3509340
15159777 3602820 15161373 3603900
15159891 3428100 15161487 3429180
15159891 3435780 15162057 3436860
15159891 3454980 15160461 3455580
15159891 3461220 15164565 3461820
15159891 3466980 15164109 3467580
15159891 3507780 15161373 3508380
15159891 3537540 15160689 3538620
15159891 3567300 15162057 3568380
15159891 3572580 15160233 3573180
15160005 3463620 15161601 3464700
15160005 3574020 15161601 3575100
15160119 3370980 15161259 3371580
15160119 3475620 15161373 3476220
15160119 3495300 15161145 3495900
15160119 3525540 15162285 3526140
15160119 3548580 15162285 3549180
15160119 3569220 15161373 3570300
15160119 3575940 15160689 3576540
15160119 3588420 15160917 3589020
15160119 3604740 15161715 3605820
15160119 3606660 15160917 3607740
15160233 3387780 15160689 3388380
15160233 3408420 15162057 3409020
15160347 3375780 15161829 3376380
15160347 3385380 15161601 3385980
15160347 3482820 15160803 3483420
15160347 3500580 15161145 3501180
15160347 3529860 15161943 3530940
15160347 3542340 15160917 3542940
15160347 3551940 15161943 3553020
15160347 3570660 15161601 3571260
15160347 3600900 15161145 3601500
15160461 3368580 15162057 3369660
15160461 3379620 15163311 3380220
15160461 3405540 15163653 3406140
15160461 3465540 15162399 3466620
15160461 3608100 15160917 3608700
15160575 3363780 15161373 3364860
15160575 3395460 15161373 3396540
15160575 3432900 15162627 3433500
15160575 3484740 15161373 3485340
15160575 3489540 15161145 3490140
15160575 3518340 15161145 3518940
15160575 3541380 15161373 3541980
15160575 3573060 15161031 3573660
15160689 3546660 15166275 3547260
15160803 3365220 15162285 3365820
15160803 3371940 15162057 3372540
15160803 3382980 15161145 3383580
15160803 3390660 15164565 3391260
15160803 3392580 15161829 3393180
15160803 3470340 15162285 3470940
15160803 3471300 15162513 3471900
15160803 3482820 15161601 3483420
15160803 3493860 15162285 3494460
15160803 3510180 15162285 3510780
15160803 3513060 15162057 3513660
15160803 3523620 15161259 3524220
15160803 3557700 15161601 3558300
15160803 3586020 15161373 3586620
15160917 3366660 15162057 3367260
15161031 3425700 15161373 3426300
15161031 3439620 15161829 3440700
15161031 3456900 15162741 3457500
15161031 3496260 15161829 3496860
15161031 3504900 15161601 3505500
15161031 3527940 15163197 3528540
15161031 3531300 15162057 3531900
15161031 3547620 15162741 3548220
15161031 3576420 15162057 3577020
15161145 3391620 15162057 3392220
15161145 3402660 15162285 3403260
15161145 3473220 15164907 3473820
15161145 3505860 15162171 3506940
15161145 3580260 15164907 3580860
15161259 3359940 15162057 3360540
15161259 3387780 15162057 3388380
15161259 3403620 15162057 3404220
15161259 3520260 15163653 3520860
15161259 3532740 15162057 3533340
15161259 3537540 15162741 3538140
15161259 3539460 15161829 3540060
15161259 3588900 15162513 3589500
15161487 3358020 15162969 3358620
15161487 3399780 15163425 3400380
15161487 3476100 15162855 3476700
15161487 3542820 15162741 3543420
15161487 3558660 15162285 3559740
15161487 3562020 15162741 3562620
15161487 3571620 15162057 3572220
15161487 3590340 15162057 3590940
15161487 3601860 15162285 3602940
15161487 3603780 15165249 3604380
15161601 3374820 15162285 3375420
15161715 3382980 15163197 3383580
15161715 3444900 15183717 3445500
15161715 3449220 15164337 3450300
15161715 3595620 15163197 3596220
15161715 3606180 15176421 3606780
15161829 3433860 15163197 3434460
15161829 3477060 15162171 3477660
15161829 3526500 15162627 3527100
15161943 3356100 15165249 3356700
15161943 3383940 15162513 3385020
15161943 3394020 15164565 3394620
15161943 3395460 15163881 3396060
15161943 3426180 15163425 3426780
15161943 3428580 15162513 3429180
15161943 3429540 15162513 3430140
15161943 3438660 15162969 3439260
15161943 3457860 15163881 3458460
15161943 3458820 15162627 3459420
15161943 3463140 15163425 3463740
15161943 3487620 15162741 3488220
15161943 3491940 15162513 3492540
15161943 3497220 15162285 3498300
15161943 3500580 15162513 3501180
15161943 3503940 15162399 3504540
15161943 3511140 15162969 3511740
15161943 3518340 15163425 3518940
15161943 3523140 15162855 3524220
15161943 3533700 15162513 3534300
15161943 3536100 15162285 3536700
15161943 3544740 15163425 3545340
15161943 3555300 15162513 3555900
15161943 3564420 15162741 3565020
15161943 3570180 15163425 3570780
15161943 3573060 15162399 3573660
15161943 3578340 15162513 3578940
15162057 3386340 15162285 3386940
15162171 3366660 15164337 3369660
15162171 3370980 15163197 3371580
15162171 3396420 15164337 3399420
15162171 3445860 15164565 3446460
15162171 3454980 15162855 3456060
15162171 3474180 15162741 3474780
15162171 3478020 15164337 3479100
15162171 3513540 15164337 3516540
15162171 3528900 15164337 3529980
15162171 3534660 15163311 3535260
15162171 3587460 15163425 3588060
15162171 3592260 15164337 3595260
15162171 3597060 15164337 3600060
15162285 3585540 15162741 3586140
15162399 3351780 15162969 3352380
15162399 3381060 15163995 3382140
15162399 3407460 15163425 3408060
15162399 3489540 15162855 3490140
15162399 3490980 15163881 3491580
15162399 3507780 15163995 3508860
15162399 3552900 15164565 3553500
15162513 3548580 15171747 3549180
15162627 3350340 15163425 3351420
15162627 3365700 15163425 3366300
15162627 3384900 15163881 3385500
15162627 3454020 15163425 3454620
15162627 3470340 15163197 3470940
15162627 3483300 15163881 3483900
15162627 3539940 15162855 3540540
15162627 3557700 15164223 3558780
15162627 3567780 15163197 3568380
15162627 3590340 15164223 3591420
15162627 3600420 15164565 3601020
15162741 3392580 15164337 3393660
15162741 3581700 15164337 3582780
15162855 3419460 15163653 3420540
15162855 3441060 15166617 3441660
15162855 3506820 15165249 3507420
15162855 3532740 15163425 3533340
15162855 3571140 15165249 3571740
15163083 3354180 15164109 3354780
15163083 3359940 15163881 3361020
15163083 3378660 15164565 3379260
15163083 3428100 15163881 3429180
15163083 3436260 15164565 3436860
15163083 3450660 15163881 3451260
15163083 3502980 15163653 3503580
15163083 3533700 15164109 3534300
15163083 3543780 15164565 3544380
15163083 3555780 15164109 3556860
15163083 3574500 15164565 3575100
15163083 3589380 15164109 3589980
15163197 3547620 15164337 3548220
15163311 3479460 15165477 3480060
15163311 3512580 15165249 3513180
15163311 3522660 15165705 3523260
15163311 3527940 15165249 3528540
15163311 3541380 15164109 3542460
15163539 3407940 15164337 3409020
15163539 3418020 15165249 3418620
15163539 3448260 15165249 3448860
15163539 3492420 15164337 3493020
15163539 3511620 15165249 3512220
15163539 3526980 15164337 3527580
15163539 3567300 15164337 3568380
15163539 3596100 15164337 3596700
15163653 3608580 15165249 3609180
15163767 3388740 15165249 3389340
15163767 3431940 15165249 3432540
15163767 3453540 15165477 3454140
15163767 3470820 15165021 3471420
15163767 3475140 15165249 3475740
15163767 3544740 15167073 3545340
15163767 3550980 15165021 3551580
15163767 3560580 15165249 3561180
15163767 3565380 15164565 3566460
15163881 3570180 15164907 3570780
15163995 3433860 15165249 3434460
15163995 3459300 15167757 3459900
15163995 3554820 15165249 3555420
15164109 3457380 15164793 3457980
15164109 3572580 15164793 3573180
15164109 3579300 15164565 3579900
15164223 3348420 15166617 3349020
15164223 3349380 15166617 3349980
15164223 3359940 15164793 3360540
15164223 3386820 15164793 3387420
15164223 3399780 15167529 3400380
15164223 3406020 15165249 3407100
15164223 3455460 15165021 3456060
15164223 3466020 15167985 3466620
15164223 3476580 15165021 3477180
15164223 3485220 15167985 3485820
15164223 3487620 15166617 3488220
15164223 3489540 15166617 3490140
15164223 3503460 15166617 3504060
15164223 3505380 15167073 3505980
15164223 3517860 15167301 3518460
15164223 3520260 15166617 3520860
15164223 3532260 15166161 3532860
15164223 3533700 15165021 3534780
15164223 3538020 15165477 3538620
15164223 3540900 15164793 3541500
15164223 3555780 15165021 3556860
15164223 3557220 15165249 3557820
15164223 3577380 15171633 3577980
15164223 3586980 15167073 3587580
15164223 3589860 15167073 3590460
15164223 3602340 15171633 3602940
15164451 3375780 15165705 3376380
15164451 3385380 15167073 3385980
15164451 3400740 15165477 3401340
15164451 3403140 15165249 3404220
15164451 3407460 15165477 3408060
15164451 3450660 15164907 3451260
15164451 3454500 15165477 3455100
15164451 3478020 15165249 3478620
15164451 3524100 15165249 3524700
15164451 3531300 15165477 3531900
15164451 3536580 15165249 3537180
15164451 3542340 15165249 3543420
15164451 3558660 15165249 3559740
15164451 3567300 15165249 3568380
15164451 3582660 15165249 3583260
15164451 3588420 15165249 3589500
15164565 3373860 15165477 3374460
15164565 3421380 15166617 3421980
15164679 3393060 15166389 3393660
15164679 3397380 15165249 3398460
15164679 3526980 15165249 3527580
15164679 3600900 15165249 3601500
15164907 3362340 15166161 3362940
15164907 3363780 15166617 3364380
15164907 3366660 15165249 3367260
15164907 3369540 15166617 3370140
15164907 3377700 15167301 3378300
15164907 3383460 15166389 3384060
15164907 3390180 15166845 3390780
15164907 3427140 15166617 3427740
15164907 3463620 15166617 3464220
15164907 3491460 15166617 3492060
15164907 3495780 15169125 3496380
15164907 3501540 15165705 3502140
15164907 3507780 15166617 3508380
15164907 3538980 15165705 3539580
15164907 3552900 15166617 3553500
15164907 3572100 15166617 3572700
15164907 3579780 15166617 3580380
15164907 3591780 15172317 3592380
15165021 3553860 15165249 3554460
15165135 3350340 15166617 3350940
15165135 3359940 15166617 3360540
15165135 3364740 15166617 3366300
15165135 3367620 15167073 3368220
15165135 3370500 15166617 3372060
15165135 3382020 15166617 3382620
15165135 3386820 15167073 3387420
15165135 3408900 15166617 3409500
15165135 3411780 15166617 3413340
15165135 3419460 15166617 3420060
15165135 3429060 15173913 3429660
15165135 3438660 15166617 3440220
15165135 3451140 15167073 3451740
15165135 3455940 15166617 3456540
15165135 3457860 15166617 3458460
15165135 3461700 15166617 3462300
15165135 3467460 15166617 3469020
15165135 3470340 15166617 3470940
15165135 3477060 15167073 3477660
15165135 3482820 15166617 3484380
15165135 3490500 15166617 3491100
15165135 3497220 15167073 3497820
15165135 3498180 15166617 3499740
15165135 3500580 15167073 3501180
15165135 3510180 15165933 3510780
15165135 3513540 15166617 3515100
15165135 3516420 15166617 3517020
15165135 3525540 15165933 3526140
15165135 3528900 15167073 3529500
15165135 3530340 15165933 3530940
15165135 3540900 15166845 3541500
15165135 3543780 15167529 3544380
15165135 3550020 15166617 3550620
15165135 3564420 15166617 3565980
15165135 3569700 15183489 3570300
15165135 3574980 15166617 3576540
15165135 3594660 15166161 3595260
15165135 3596580 15172545 3597180
15165135 3599460 15165933 3600060
15165135 3607620 15173913 3608220
15165363 3356580 15172773 3357180
15165363 3388260 15166389 3388860
15165363 3395940 15172773 3396540
15165363 3527460 15167073 3528060
15165363 3537060 15167301 3537660
15165363 3541860 15168213 3542460
15165363 3583140 15169125 3583740
15165363 3593700 15183717 3594300
15165363 3595620 15172773 3596220
15165477 3524580 15167301 3525180
15165591 3358500 15167073 3359100
15165591 3509220 15169353 3509820
15165591 3523620 15169353 3524220
15165819 3473700 15166845 3474300
15165933 3480420 15166845 3481020
15166047 3402660 15167757 3403260
15166161 3397860 15166845 3398460
15166275 3504420 15169125 3505020
15166389 3375780 15166845 3376380
15166503 3352260 15181209 3352860
15166503 3354180 15167073 3354780
15166503 3381060 15167985 3381660
15166503 3382980 15169353 3383580
15166503 3391620 15167301 3392220
15166503 3393540 15166845 3394140
15166503 3405060 15169353 3405660
15166503 3406980 15172089 3407580
15166503 3407940 15167529 3408540
15166503 3417540 15167073 3418140
15166503 3430980 15195801 3432540
15166503 3434820 15169581 3435420
15166503 3442500 15169353 3443100
15166503 3443460 15171177 3444060
15166503 3446340 15168669 3446940
15166503 3447300 15167529 3447900
15166503 3462660 15167301 3463260
15166503 3471300 15167073 3471900
15166503 3472260 15167529 3472860
15166503 3475140 15171177 3475740
15166503 3486660 15166959 3487260
15166503 3488580 15167301 3489180
15166503 3494340 15167643 3494940
15166503 3506820 15171177 3507420
15166503 3510660 15169125 3511260
15166503 3511620 15170265 3512220
15166503 3530820 15167301 3531420
15166503 3531780 15167529 3532380
15166503 3532740 15166845 3533340
15166503 3538500 15169353 3540060
15166503 3546180 15167073 3546780
15166503 3551940 15168441 3552540
15166503 3554820 15195801 3555420
15166503 3560580 15181209 3562140
15166503 3566340 15167301 3566940
15166503 3568260 15181209 3568860
15166503 3573060 15181209 3573660
15166503 3574020 15172089 3574620
15166503 3580740 15167415 3581340
15166503 3603780 15167301 3604380
15166503 3608580 15181209 3609180
15166617 3466980 15166845 3467580
15166731 3388740 15167529 3389820
15166731 3467940 15167073 3468540
15166731 3482340 15181437 3482940
15166731 3520740 15167301 3521340
15166845 3492420 15167529 3493500
15166959 3360900 15168099 3361980
15166959 3392580 15169125 3395580
15166959 3413700 15167757 3414780
15166959 3452580 15167985 3453180
15166959 3456900 15167529 3457500
15166959 3469860 15167529 3470460
15166959 3489540 15167757 3490140
15166959 3502020 15167757 3503100
15166959 3552900 15167757 3553980
15166959 3563460 15167757 3564540
15167187 3349860 15167985 3350460
15167187 3419940 15168441 3420540
15167187 3448260 15167985 3449340
15167187 3450180 15167985 3451260
15167187 3479460 15168213 3480060
15167187 3513060 15168669 3513660
15167187 3522180 15169125 3522780
15167187 3535140 15168441 3535740
15167187 3557700 15168213 3558780
15167187 3584100 15168213 3584700
15167187 3604740 15167985 3605820
15167301 3348420 15169353 3349020
15167301 3376260 15167757 3376860
15167415 3362340 15169353 3362940
15167415 3371940 15167643 3372540
15167415 3401700 15168441 3402300
15167415 3408900 15168213 3409980
15167415 3455460 15182121 3456060
15167415 3473220 15168669 3473820
15167415 3480900 15169011 3481980
15167415 3490980 15167985 3491580
15167415 3497220 15168441 3497820
15167415 3498660 15169125 3499260
15167415 3516420 15168441 3517020
15167415 3530340 15169125 3530940
15167415 3545700 15170037 3546300
15167415 3550020 15167871 3550620
15167415 3581220 15182121 3581820
15167415 3587460 15168213 3588540
15167529 3373380 15169125 3374460
15167529 3375300 15182235 3375900
15167529 3508260 15170037 3508860
15167643 3377700 15168669 3378300
15167643 3403620 15169353 3404220
15167643 3421380 15168441 3422460
15167643 3427140 15169353 3427740
15167643 3456420 15168897 3457020
15167643 3468420 15169353 3469020
15167643 3501060 15168213 3501660
15167757 3603780 15197055 3604380
15167871 3364740 15197169 3365340
15167871 3397380 15168669 3397980
15167871 3399780 15170151 3400380
15167871 3491940 15182577 3492540
15167871 3514500 15168213 3515100
15167871 3518820 15170721 3519420
15167871 3537060 15168783 3537660
15167871 3566820 15182577 3567420
15167985 3376260 15170493 3376860
15167985 3484740 15197283 3485340
15168099 3349380 15168897 3350460
15168099 3359940 15170037 3360540
15168099 3410820 15169353 3411900
15168099 3452100 15168897 3453180
15168099 3487140 15168783 3487740
15168099 3525060 15169125 3525660
15168099 3565860 15169467 3566460
15168327 3389220 15170721 3389820
15168327 3391620 15169581 3392220
15168327 3398340 15169125 3398940
15168327 3402660 15170265 3403260
15168327 3449220 15169125 3450300
15168327 3459780 15168897 3460380
15168441 3401220 15168669 3401820
15168555 3358020 15170151 3359100
15168555 3363300 15169125 3363900
15168555 3365700 15170151 3366780
15168555 3370500 15169353 3371580
15168555 3381060 15169581 3382140
15168555 3466020 15183261 3466620
15168555 3490500 15169809 3491100
15168555 3500580 15169239 3501180
15168555 3526020 15170151 3527100
15168669 3377700 15169125 3378300
15168783 3419940 15183489 3420540
15168783 3458820 15169581 3459420
15168783 3541860 15171633 3542460
15168783 3557700 15170037 3558300
15168897 3470820 15169809 3471420
15168897 3472260 15169581 3473340
15169011 3355620 15183717 3356220
15169011 3385860 15170721 3386460
15169011 3388260 15170493 3388860
15169011 3401220 15169581 3401820
15169011 3453540 15169353 3454140
15169011 3467460 15183717 3468060
15169011 3477060 15170721 3477660
15169011 3478980 15169581 3479580
15169011 3486660 15169809 3487260
15169011 3505380 15169239 3505980
15169011 3519780 15169239 3520380
15169011 3531300 15170607 3531900
15169011 3533700 15170037 3534300
15169011 3540900 15170721 3541500
15169011 3546660 15170037 3547260
15169011 3586980 15170037 3587580
15169125 3377220 15169581 3377820
15169125 3452580 15169581 3453180
15169239 3368580 15170493 3369180
15169239 3374340 15170949 3374940
15169239 3438660 15169581 3439740
15169239 3487620 15170037 3488220
15169239 3488580 15169809 3489180
15169239 3501540 15169581 3502140
15169239 3522180 15171405 3523260
15169239 3574980 15171405 3576060
15169239 3586020 15170037 3586620
15169467 3384420 15170265 3385020
15169467 3495300 15170265 3496380
15169467 3502500 15170493 3503100
15169467 3509220 15170607 3509820
15169467 3552900 15170265 3553980
15169581 3453540 15180639 3454140
15169581 3520740 15169809 3521340
15169695 3349380 15170493 3350460
15169695 3367140 15170265 3367740
15169695 3372900 15171177 3373500
15169695 3390660 15171291 3391740
15169695 3400740 15170949 3401340
15169695 3448740 15177105 3449340
15169695 3500580 15170835 3501180
15169695 3503940 15170493 3505020
15169695 3510180 15170721 3510780
15169695 3555780 15170721 3556860
15169695 3565860 15177105 3566460
15169809 3377220 15170265 3377820
15169923 3393540 15171177 3394140
15169923 3398340 15170151 3398940
15169923 3407940 15170949 3408540
15169923 3474180 15170607 3474780
15169923 3478980 15170721 3479580
15169923 3525060 15171063 3525660
15169923 3589380 15195573 3589980
15170037 3427140 15195687 3427740
15170037 3488580 15171633 3489660
15170151 3348420 15195801 3349020
15170151 3353220 15170949 3354300
15170151 3362820 15170949 3363900
15170151 3370500 15171177 3371100
15170151 3381060 15170721 3382140
15170151 3387300 15170493 3387900
15170151 3452580 15170607 3453180
15170151 3523620 15171633 3524220
15170151 3529860 15171177 3530460
15170151 3547620 15171177 3548220
15170379 3403140 15172089 3403740
15170379 3499620 15171177 3500220
15170379 3582660 15171177 3583740
15170493 3377220 15196143 3377820
15170493 3571140 15171633 3571740
15170607 3386820 15174369 3387420
15170607 3387780 15170949 3388380
15170607 3421860 15178017 3422460
15170607 3464580 15172545 3465660
15170607 3478020 15173457 3478620
15170607 3490020 15171405 3490620
15170607 3503460 15176193 3504060
15170607 3517380 15171861 3518460
15170835 3384900 15172089 3385500
15170835 3405540 15172203 3406140
15170835 3412260 15171633 3412860
15170835 3415620 15171633 3416700
15170835 3494820 15171633 3495420
15170835 3510180 15171861 3510780
15170835 3527460 15171177 3528060
15170835 3540420 15171633 3541020
15170949 3401220 15172089 3402300
15170949 3468420 15178359 3469020
15171063 3367140 15178473 3367740
15171063 3430020 15171861 3430620
15171063 3442020 15172089 3442620
15171063 3476100 15173913 3476700
15171063 3513540 15172203 3514140
15171291 3368100 15182349 3368700
15171291 3382020 15175053 3382620
15171291 3404100 15171861 3405180
15171291 3433380 15182349 3433980
15171291 3487140 15172089 3487740
15171291 3500580 15171633 3501180
15171291 3501540 15171747 3502140
15171291 3542820 15172773 3543420
15171291 3556260 15182349 3556860
15171405 3509220 15171861 3509820
15171519 3357540 15182577 3358140
15171519 3387780 15172545 3388380
15171519 3390180 15182577 3390780
15171519 3392100 15172545 3392700
15171519 3473700 15182577 3474300
15171519 3496260 15172317 3496860
15171519 3502500 15175281 3503100
15171519 3508260 15174369 3508860
15171519 3512100 15172089 3512700
15171519 3515460 15172317 3516060
15171519 3518820 15182577 3519420
15171519 3521700 15172089 3522300
15171519 3528420 15173457 3529020
15171519 3529860 15172203 3530460
15171519 3545700 15182577 3546300
15171747 3380580 15182805 3381180
15171747 3400260 15172317 3400860
15171747 3489540 15172317 3490140
15171747 3540420 15173685 3541500
15171861 3365700 15172773 3366300
15171975 3412740 15174825 3413340
15171975 3423300 15172773 3424380
15171975 3524100 15173115 3524700
15171975 3548580 15173115 3549180
15172203 3409380 15183261 3409980
15172203 3411300 15183261 3411900
15172203 3488580 15173343 3489180
15172203 3490500 15186909 3491100
15172203 3498180 15197853 3498780
15172317 3534660 15173913 3535740
15172431 3393540 15173571 3394140
15172431 3397380 15173457 3397980
15172431 3417060 15175281 3417660
15172431 3505380 15173001 3505980
15172431 3511620 15173457 3512700
15172545 3507300 15183603 3507900
15172545 3509700 15173001 3510300
15172659 3369540 15173457 3370620
15172659 3392580 15173685 3393180
15172659 3442020 15183717 3442620
15172659 3472260 15187365 3472860
15172659 3513060 15174369 3513660
15172659 3515940 15173685 3516540
15172659 3520260 15176421 3520860
15172659 3537540 15173913 3538140
15172659 3538500 15174597 3539100
15172659 3541860 15183717 3542460
15172659 3571620 15183717 3572220
15172887 3525060 15174825 3525660
15172887 3591300 15173685 3592380
15173115 3387780 15173913 3388380
15173115 3400260 15180525 3400860
15173115 3404580 15173913 3405180
15173115 3464580 15173913 3465660
15173115 3501540 15173913 3502140
15173343 3514500 15174141 3515580
15173343 3527460 15174597 3528060
15173457 3401700 15180867 3402300
15173457 3403620 15180867 3404220
15173457 3492900 15173913 3493500
15173571 3389220 15176877 3389820
15173799 3382980 15174597 3383580
15173799 3406020 15195801 3406620
15173799 3424260 15195801 3424860
15173799 3441060 15176649 3441660
15173799 3483780 15175509 3484380
15173799 3486180 15181209 3486780
15173799 3517860 15181209 3518460
15173799 3523620 15181209 3524220
15173799 3536580 15174597 3537180
15173799 3539460 15188505 3540060
15173799 3553860 15195801 3554460
15173799 3559620 15195801 3560220
15173799 3588420 15195801 3589020
15173799 3601860 15188505 3602460
15174027 3387780 15175167 3388380
15174027 3395460 15175053 3396060
15174027 3410340 15183261 3410940
15174027 3499140 15176193 3500220
15174027 3522180 15176193 3523260
15174255 3420900 15174711 3421500
15174255 3476100 15188961 3476700
15174255 3530820 15176421 3533820
15174483 3362820 15177333 3363420
15174483 3365700 15175281 3366780
15174483 3393540 15176421 3394140
15174483 3540420 15176079 3541500
15174939 3382980 15175737 3384060
15174939 3391620 15176193 3392220
15174939 3524580 15175965 3525180
15175053 3550020 15176877 3550620
15175167 3387780 15175737 3388380
15175281 3525540 15182691 3526140
15175623 3534180 15183033 3534780
15175623 3535140 15178473 3535740
15175851 3413220 15183261 3413820
15175965 3537060 15177105 3537660
15176079 3488100 15183489 3488700
15176307 3384420 15176877 3385020
15176307 3386820 15191013 3387420
15176307 3440100 15184059 3440700
15176307 3508260 15184059 3508860
15176307 3513540 15191013 3514140
15176307 3521700 15176877 3522300
15176535 3502020 15178701 3503100
15176649 3457380 15177561 3457980
15176763 3520260 15191469 3520860
15176763 3579300 15182349 3579900
15176991 3392580 15195345 3393180
15176991 3429540 15184059 3430140
15176991 3494820 15184059 3495420
15176991 3511140 15184059 3511740
15176991 3522660 15184059 3523260
15177105 3428100 15177561 3428700
15177219 3385860 15195573 3386460
15177447 3530820 15195801 3531420
15177675 3550020 15196029 3550620
15177789 3452580 15183375 3453180
15178131 3363300 15183717 3363900
15178131 3557220 15183717 3557820
15178245 3443940 15183831 3444540
15178359 3360420 15183945 3361980
15178359 3428580 15183945 3429180
15178359 3505860 15193065 3506460
15178815 3415620 15197169 3416220
15179043 3535140 15182805 3535740
15179271 3502500 15183033 3503100
15180639 3447780 15184059 3448380
15180753 3529380 15184059 3529980
15180867 3369060 15184059 3369660
15180867 3515940 15184059 3516540
15180867 3586020 15183717 3586620
15180867 3591780 15183717 3592380
15181095 3362340 15184059 3362940
15181095 3373860 15184059 3374460
15181095 3437700 15195801 3438300
15181095 3464580 15195801 3465180
15181095 3470820 15184059 3471420
15181095 3478020 15195801 3478620
15181095 3483300 15184059 3483900
15181095 3544260 15195801 3544860
15182007 3528420 15184059 3529020
15182235 3414180 15183831 3414780
15182235 3516900 15184059 3517500
15182235 3521700 15184059 3522300
15182235 3576420 15184059 3577020
15182235 3599460 15184059 3600060
15182463 3412260 15184059 3412860
15182463 3418980 15184059 3419580
15182463 3448740 15183489 3449340
15182463 3460260 15184059 3460860
15182463 3512100 15184059 3512700
15182463 3563940 15184059 3564540
15182463 3577380 15184059 3577980
15182463 3597540 15184059 3598140
15182691 3350820 15183717 3351420
15182691 3408420 15183717 3409020
15182691 3420900 15184059 3421500
15182691 3463620 15197397 3464220
15182691 3558180 15183717 3558780
15182691 3562980 15183717 3563580
15182691 3607140 15183717 3607740
15182919 3383460 15184059 3384060
15182919 3462180 15184059 3462780
15182919 3538020 15184059 3538620
15183147 3396900 15184059 3397500
15183147 3434340 15184059 3434940
15183147 3495780 15184059 3496380
15183147 3524580 15184059 3525180
15183261 3527460 15184059 3528060
15183261 3540900 15184059 3541500
15183375 3390180 15185427 3390780
15183375 3421860 15184059 3422460
15183375 3452100 15198081 3452700
15183375 3474660 15184059 3475260
15183375 3492900 15184059 3493500
15183375 3514980 15185427 3515580
15183375 3568740 15185427 3569340
15183375 3596580 15185427 3597180
15183603 3356580 15192723 3357180
15183603 3379620 15192723 3380220
15183603 3380580 15185427 3381180
15183603 3395940 15184059 3396540
15183603 3449700 15184059 3450300
15183603 3457860 15198309 3458460
15183603 3499620 15192723 3500220
15183603 3509220 15192723 3509820
15183603 3542820 15192723 3543420
15183603 3595620 15192723 3596220
15183603 3600420 15192723 3601020
15183603 3606180 15192723 3606780
15183717 3573540 15184059 3574140
15183831 3351780 15184059 3352380
15183831 3367140 15184059 3367740
15183831 3446820 15184059 3447420
15183945 3357540 15192723 3359100
15183945 3388260 15192723 3389820
15183945 3397860 15192723 3398460
15183945 3399780 15192723 3402300
15183945 3402660 15192723 3404220
15183945 3409380 15192723 3411900
15183945 3443940 15192723 3445500
15183945 3455460 15192723 3456060
15183945 3486180 15192723 3486780
15183945 3488100 15192723 3489660
15183945 3500580 15192723 3503100
15183945 3517860 15192723 3519420
15183945 3534180 15192723 3536700
15183945 3541860 15192723 3542460
15183945 3551460 15192723 3553020
15183945 3556260 15192723 3556860
15183945 3565860 15192723 3567420
15183945 3569700 15192723 3571260
15183945 3578340 15192723 3580860
15183945 3582180 15192723 3584700
15185313 3414180 15196371 3414780
15186111 3562500 15197169 3563100
15188163 3591300 15195573 3591900
15188391 3481860 15195801 3482460
15189075 3480900 15196485 3481500
15190899 3503940 15198651 3504540
15191583 3514500 15198651 3515100
15191583 3587460 15198651 3588060
15192609 3360420 15198195 3361980
15192609 3370020 15198195 3371580
15192609 3371940 15198195 3373500
15192609 3374820 15198651 3376380
15192609 3394020 15198195 3395580
15192609 3418020 15198651 3420540
15192609 3420900 15198651 3422460
15192609 3439140 15198651 3440700
15192609 3446820 15198195 3448380
15192609 3459300 15198651 3460860
15192609 3466020 15198651 3468540
15192609 3470820 15198651 3473340
15192609 3473700 15198651 3475260
15192609 3475620 15198195 3477180
15192609 3490020 15198651 3492540
15192609 3492900 15198651 3494460
15192609 3494820 15198195 3495420
15192609 3521700 15198651 3523260
15192609 3537060 15198651 3537660
15192609 3538020 15198651 3539580
15192609 3545700 15198651 3547260
15192609 3576420 15198195 3577980
15194319 3409860 15198081 3410460
15195231 3487620 15198651 3488220
15195687 3411780 15198651 3412380
15195687 3426180 15198651 3426780
15195687 3428100 15198537 3429660
15195687 3565380 15198651 3565980
15195687 3583620 15198537 3585180
15195687 3585540 15198651 3586140
15195687 3598980 15197625 3600540
15196257 3380580 15198651 3382140
15196257 3477540 15198651 3479100
15196257 3482340 15198651 3483900
15196371 3362820 15198651 3363420
15196371 3556740 15198651 3557340
15196827 3354180 15198651 3354780
15196827 3367620 15198651 3368220
15196827 3541380 15198651 3541980
15197055 3402180 15198651 3402780
15197055 3407940 15198651 3408540
15197055 3571140 15198651 3571740
15197511 3444420 15198651 3445020
15198081 3364260 15198651 3365820
15198081 3378660 15198651 3380220
15198081 3388260 15198651 3389820
15198081 3400740 15198651 3401340
15198081 3423780 15198651 3425340
15198081 3441060 15198651 3442620
15198081 3506820 15198651 3507420
15198081 3517860 15198651 3519420
15198081 3519780 15198651 3521340
15198081 3524580 15198651 3526140
15198081 3551460 15198651 3553020
15198081 3553380 15198651 3554940
15198081 3589860 15198651 3591420
15198081 3591780 15198651 3593340
15198195 3353220 15198651 3353820
15198309 3349380 15198651 3349980
15198423 3454980 15198651 3455580
15198423 3505860 15198651 3506460
15198423 3572100 15198651 3573660
15241971 3378660 15256677 3409020
15241971 3409380 15256677 3439740
15241971 3440100 15256677 3470460
15241971 3470820 15256677 3501180
15241971 3501540 15256677 3531900
15241971 3532260 15256677 3562620
15241971 3562980 15256677 3593340
15241971 3593700 15256677 3608700
15334881 3348420 15468375 3379260
15334881 3411780 15468375 3427260
15334881 3434820 15468375 3436860
15334881 3437700 15468375 3441660
15334881 3444420 15468375 3475260
15334881 3505860 15468375 3536700
15334881 3571140 15468375 3573180
15334881 3574020 15468375 3604860
15334881 3608580 15468375 3609660
