15147807 3421380 15149973 3424380
15148263 3358980 15149061 3360060
15149061 3586980 15149517 3587580
15149061 3589380 15149289 3589980
15149859 3385860 15150429 3386460
15149859 3437700 15151569 3438300
15149859 3468900 15152709 3469500
15149859 3480420 15152025 3481020
15149859 3527460 15150885 3528060
15149859 3574980 15152481 3576060
15149859 3593220 15150657 3594300
15150087 3351300 15152253 3354300
15150087 3360900 15152253 3363900
15150087 3372420 15152253 3373500
15150087 3419460 15152253 3420540
15150087 3454020 15150885 3454620
15150087 3464580 15151797 3465180
15150087 3475140 15152253 3476220
15150087 3481860 15152253 3484860
15150087 3488580 15152253 3491580
15150087 3492420 15152253 3493500
15150087 3513540 15152253 3516540
15150087 3524100 15152253 3527100
15150087 3528900 15152253 3531900
15150087 3568260 15152253 3571260
15150087 3580740 15152253 3583740
15150315 3348420 15151113 3349500
15150315 3365700 15152481 3368700
15150315 3436260 15150657 3436860
15150315 3443460 15151113 3444540
15150315 3519300 15153165 3519900
15150315 3536580 15152481 3537660
15150315 3585540 15152481 3586620
15150543 3387780 15152253 3388380
15150771 3392580 15151797 3393180
15150771 3605700 15151569 3606780
15150999 3454020 15151797 3455100
15150999 3546180 15151797 3547260
15151455 3414180 15153165 3414780
15151683 3430980 15152481 3432060
15151797 3512100 15153279 3512700
15151911 3389700 15153507 3390780
15151911 3451140 15152709 3452220
15151911 3471780 15156585 3472380
15152139 3378180 15153051 3378780
15152139 3418500 15153621 3419100
15152367 3603300 15159777 3603900
15152595 3401220 15153735 3402300
15152595 3409860 15154761 3410940
15152595 3522180 15154761 3523260
15152595 3552900 15153393 3553980
15152595 3567300 15154761 3568380
15152709 3392580 15154305 3393660
15152823 3402660 15153963 3403260
15152823 3445380 15153393 3446460
15152823 3461700 15154419 3462780
15152823 3573060 15153393 3573660
15152937 3426180 15154533 3427260
15153051 3481380 15154077 3481980
15153051 3502980 15153849 3504060
15153051 3560580 15154647 3561660
15153051 3571140 15154647 3572220
15153051 3584580 15154077 3585180
15153051 3592260 15153621 3592860
15153165 3351300 15154761 3352380
15153165 3396420 15154761 3397500
15153165 3478980 15154761 3480060
15153507 3453060 15154989 3453660
15153507 3494340 15154305 3494940
15153507 3536580 15154533 3537180
15153507 3548100 15154305 3549180
15153735 3364740 15154533 3365820
15153735 3597540 15156585 3598140
15153963 3474180 15154761 3474780
15154191 3524580 15154761 3525180
15154191 3596100 15154989 3597180
15154191 3607620 15154989 3608700
15154647 3361860 15155445 3362940
15154647 3367620 15155559 3368220
15154647 3442500 15155445 3443580
15154647 3487620 15155445 3488700
15154647 3502020 15155331 3502620
15154875 3517380 15156471 3518460
15154989 3512580 15156585 3513660
15155103 3369540 15157269 3372540
15155103 3475140 15157269 3476220
15155103 3531780 15156699 3532860
15155103 3589380 15157269 3592380
15155217 3457860 15156813 3458940
15155217 3497220 15156813 3498300
15155331 3379140 15156927 3380220
15155331 3381060 15156927 3382140
15155331 3462660 15157269 3463740
15155331 3467460 15156927 3468540
15155331 3490500 15156927 3491580
15155331 3606660 15156357 3607740
15155559 3480900 15157155 3481980
15155673 3405060 15157269 3406140
15156015 3575460 15157497 3576060
15156243 3363780 15157041 3364860
15156243 3424260 15157041 3425340
15156699 3465540 15158295 3466620
15156699 3502980 15159093 3503580
15156699 3510180 15160917 3510780
15157155 3486660 15157953 3487740
15157155 3495300 15157953 3496380
15157155 3504900 15158181 3505500
15157155 3508260 15159093 3508860
15157155 3518340 15157953 3518940
15157155 3547140 15157953 3548220
15157269 3595140 15158865 3596220
15157383 3360900 15159549 3363900
15157383 3375300 15159549 3378300
15157383 3382980 15159549 3385980
15157383 3391620 15158751 3392220
15157383 3472260 15159549 3473340
15157383 3544260 15159549 3545340
15157383 3559620 15158181 3560700
15157383 3568260 15159549 3571260
15157611 3356580 15158637 3357180
15157611 3563940 15159321 3564540
15157725 3449220 15158409 3450300
15157839 3454020 15158409 3454620
15157839 3584580 15158409 3585180
15158067 3380100 15159207 3381180
15158067 3405060 15159093 3405660
15158067 3556740 15158865 3557820
15158067 3604260 15158637 3604860
15158295 3396420 15162057 3397020
15158295 3412740 15159093 3413820
15158523 3456900 15159321 3457500
15158751 3500100 15159549 3500700
15158979 3403140 15160575 3404220
15158979 3516420 15160575 3517500
15158979 3517860 15160689 3518460
15158979 3601860 15159777 3602940
15159207 3592260 15160005 3593340
15159435 3393540 15160575 3394140
15159435 3468420 15160917 3469020
15159435 3478020 15160233 3478620
15159435 3498180 15160233 3499260
15159435 3520260 15160233 3520860
15159663 3478980 15161601 3480060
15159663 3490500 15161829 3493500
15159663 3522180 15161829 3523260
15159663 3534660 15161829 3535740
15159663 3608580 15160119 3609180
15159777 3398340 15161373 3399420
15159891 3392100 15160917 3392700
15159891 3433380 15160233 3433980
15159891 3446340 15160689 3447420
15159891 3471300 15160917 3471900
15159891 3560580 15162057 3561660
15159891 3564420 15161487 3565500
15159891 3597060 15161487 3598140
15160119 3508740 15161715 3509820
15160347 3373380 15161031 3374460
15160347 3388740 15161943 3389820
15160347 3430020 15161943 3431100
15160347 3461700 15161943 3462780
15160347 3601380 15161373 3601980
15160575 3379140 15163083 3379740
15160575 3480900 15161145 3481500
15160803 3488580 15161601 3489660
15161031 3556740 15162627 3557820
15161259 3541380 15162057 3542460
15161487 3353220 15162285 3354300
15161487 3384900 15162285 3385980
15161715 3401220 15164337 3402300
15161715 3452100 15164337 3453180
15161715 3496260 15164337 3496860
15161715 3515460 15162285 3516060
15161943 3392100 15162969 3392700
15161943 3404100 15162969 3405180
15161943 3465060 15164565 3465660
15161943 3524100 15163197 3524700
15161943 3563460 15162969 3564540
15161943 3566820 15162855 3567420
15161943 3576900 15162285 3577500
15161943 3578820 15162741 3579900
15161943 3583620 15162969 3584220
15162057 3375300 15163653 3376380
15162171 3355140 15164337 3358140
15162171 3360900 15164337 3363900
15162171 3377220 15164337 3378300
15162171 3437700 15164337 3438780
15162171 3461700 15162969 3462780
15162171 3467460 15164337 3468540
15162171 3481860 15164337 3482940
15162171 3485700 15162969 3486780
15162171 3497220 15164337 3500220
15162171 3519300 15164337 3522300
15162171 3525060 15164337 3526140
15162171 3535620 15164337 3536700
15162171 3587940 15163425 3588540
15162285 3573060 15163881 3574140
15162399 3352260 15165249 3352860
15162399 3491460 15163197 3492540
15162627 3488100 15163881 3488700
15162627 3501060 15164223 3502140
15162627 3542820 15164565 3543420
15162627 3561540 15163425 3562620
15162627 3569220 15163425 3570300
15162627 3585540 15164223 3586620
15162741 3469380 15164337 3470460
15162741 3516420 15164337 3517500
15162741 3539460 15164337 3540540
15163083 3382980 15163881 3384060
15163083 3434340 15164223 3434940
15163539 3405060 15164337 3406140
15163539 3568260 15164337 3569340
15163767 3472260 15164451 3473340
15163995 3354180 15165021 3354780
15163995 3589380 15164337 3589980
15164223 3492420 15166617 3493020
15164223 3514500 15165249 3515100
15164223 3534660 15166617 3535260
15164223 3577860 15165021 3578460
15164223 3593220 15164793 3593820
15164223 3595140 15165021 3595740
15164451 3435780 15165249 3436860
15164451 3446340 15165249 3447420
15164451 3557700 15165249 3558780
15164451 3566340 15165249 3567420
15164451 3568260 15165249 3569340
15164451 3574980 15165249 3575580
15164907 3383940 15166617 3384540
15165135 3373380 15166617 3374940
15165135 3404100 15166617 3404700
15165135 3415620 15166617 3417180
15165135 3418500 15173913 3419100
15165135 3422340 15166617 3423900
15165135 3431940 15166617 3433500
15165135 3440580 15166617 3442140
15165135 3467940 15165819 3468540
15165135 3478500 15167643 3479100
15165135 3529380 15165705 3529980
15165135 3547140 15166617 3548700
15165135 3560580 15166617 3562140
15165135 3584580 15166617 3586140
15165135 3590340 15166617 3591900
15166503 3458820 15167415 3459420
15166503 3488100 15168669 3488700
15166503 3503460 15167871 3504060
15166503 3532260 15172089 3532860
15166503 3538980 15167757 3539580
15166503 3593220 15195801 3594780
15166503 3597060 15181209 3600540
15166731 3397380 15167529 3398460
15166731 3404100 15167529 3405180
15166731 3467460 15167529 3468060
15166731 3540420 15167529 3541500
15166959 3354180 15167757 3355260
15166959 3358980 15167529 3359580
15166959 3380100 15167757 3381180
15166959 3384900 15169125 3387900
15166959 3477060 15167757 3478140
15166959 3485700 15169125 3486780
15166959 3589380 15169125 3590460
15167187 3462660 15167985 3463740
15167187 3513540 15169239 3514140
15167187 3522660 15168441 3523260
15167301 3474180 15168897 3475260
15167415 3350340 15168213 3351420
15167415 3469380 15168213 3470460
15167529 3371460 15169125 3372540
15167529 3374340 15167757 3374940
15167529 3494340 15169125 3495420
15167529 3499140 15169125 3500220
15167643 3412740 15168441 3413820
15167871 3490980 15168441 3491580
15167871 3515940 15168897 3516540
15168099 3377220 15168555 3377820
15168099 3498180 15171861 3498780
15168327 3535620 15169239 3536700
15168327 3551940 15197625 3552540
15168555 3361860 15175965 3362460
15168555 3446340 15169353 3447420
15168555 3451140 15169353 3452220
15169011 3378180 15198309 3378780
15169011 3503940 15169809 3505020
15169011 3507780 15171177 3508380
15169011 3587460 15169809 3588540
15169239 3382980 15171405 3384060
15169239 3405060 15170037 3405660
15169239 3408900 15171405 3411900
15169239 3536580 15171405 3539580
15169695 3470820 15170265 3471420
15169695 3491460 15171633 3492060
15169695 3494820 15170721 3495420
15169809 3492420 15171405 3493500
15169809 3496260 15171405 3497340
15170037 3397380 15171633 3398460
15170037 3399300 15171633 3400380
15170379 3380100 15171177 3381180
15170379 3425220 15171177 3426300
15170607 3547140 15196257 3547740
15170835 3510660 15171747 3511740
15171063 3370500 15171861 3371580
15171063 3372420 15171861 3373500
15171063 3499140 15172659 3500220
15171063 3526980 15171861 3528060
15171291 3477060 15171861 3478140
15171747 3480900 15173913 3483900
15171975 3406980 15172773 3408060
15171975 3413220 15174825 3413820
15171975 3487620 15172317 3488220
15172089 3529860 15173685 3530940
15172203 3496260 15173001 3496860
15172659 3396420 15173457 3397020
15173343 3397380 15174939 3398460
15173571 3392580 15174711 3393180
15174027 3385860 15176193 3386940
15174027 3492420 15176193 3495420
15174255 3503940 15176421 3505020
15174255 3510660 15176421 3513660
15174483 3363300 15177333 3363900
15174483 3526980 15176079 3528060
15174711 3420420 15175509 3421500
15175167 3416580 15175965 3417660
15176079 3500100 15183489 3500700
15176991 3587940 15184059 3588540
15177447 3456900 15178245 3457980
15181095 3439620 15195801 3440220
15182463 3415140 15184059 3415740
15183603 3458340 15184059 3458940
15183603 3586500 15198309 3587100
15183831 3450180 15198537 3451740
15183945 3361380 15192723 3363900
15183945 3364260 15192723 3365820
15183945 3367140 15192723 3369660
15183945 3373860 15192723 3375420
15183945 3383460 15192723 3385020
15183945 3386340 15192723 3387900
15183945 3394980 15192723 3397500
15183945 3406500 15192723 3408060
15183945 3412260 15192723 3413820
15183945 3418980 15192723 3421500
15183945 3424740 15192723 3426300
15183945 3428580 15192723 3431100
15183945 3434340 15192723 3436860
15183945 3452580 15192723 3455100
15183945 3460260 15192723 3461820
15183945 3465060 15192723 3466620
15183945 3471780 15192723 3474300
15183945 3478500 15192723 3480060
15183945 3483300 15192723 3484860
15183945 3490980 15192723 3493500
15183945 3495780 15192723 3498300
15183945 3505380 15192723 3507900
15183945 3511140 15192723 3512700
15183945 3515940 15192723 3517500
15183945 3520740 15192723 3522300
15183945 3522660 15192723 3524220
15183945 3524580 15192723 3527100
15183945 3527460 15192723 3529020
15183945 3538980 15192723 3541500
15183945 3544740 15192723 3546300
15183945 3548580 15192723 3551100
15183945 3553380 15192723 3555900
15183945 3559140 15192723 3560700
15183945 3563940 15192723 3565500
15183945 3572580 15192723 3575100
15183945 3597540 15192723 3600060
15183945 3602340 15192723 3604860
15188163 3404100 15195573 3405660
15192609 3355620 15198651 3358140
15192609 3376740 15198195 3377340
15192609 3389220 15198195 3390780
15192609 3398820 15198651 3400380
15192609 3422820 15198195 3424380
15192609 3437220 15198651 3438780
15192609 3457380 15198651 3458940
15192609 3480420 15198651 3481980
15192609 3514020 15198195 3515580
15192609 3531300 15198651 3532860
15192609 3562020 15198195 3563580
15192609 3566820 15198651 3569340
15192609 3581220 15198651 3582780
15192609 3590820 15198195 3592380
15195687 3576900 15198537 3578460
15196257 3487140 15198651 3488700
15198081 3359460 15198651 3361020
15198081 3369060 15198651 3370620
15198081 3372900 15198651 3374460
15198081 3394980 15198651 3396540
15198081 3445860 15198651 3447420
15198081 3460260 15198651 3461820
15198081 3507300 15198651 3508860
15198081 3522660 15198651 3524220
15198081 3556260 15198651 3557820
15198081 3571620 15198651 3573180
15198423 3424260 15198651 3425820
15334881 3379140 15468375 3409980
15334881 3475140 15468375 3505980
15334881 3536580 15468375 3567420
15466893 3437220 15467577 3437820
15468147 3437220 15468375 3437820
