15146781 3366660 15149973 3367260
15146781 3372420 15148605 3373020
15146781 3469380 15148605 3469980
15146781 3473220 15148605 3473820
15146781 3489540 15148605 3490140
15146781 3497220 15148605 3497820
15146781 3517380 15148605 3517980
15146781 3529860 15148605 3530460
15146781 3533700 15148605 3534300
15146781 3588420 15149973 3589020
15146781 3594180 15148605 3594780
15146895 3568260 15147693 3569340
15147579 3390660 15148149 3391260
15147579 3546180 15149289 3546780
15147579 3552900 15148149 3553500
15147579 3556740 15148377 3557820
15147693 3421380 15147921 3421980
15147693 3466980 15149517 3467580
15147807 3381540 15148377 3382140
15147807 3382980 15149973 3385980
15147807 3386820 15149973 3389820
15147807 3406500 15149517 3407100
15147807 3418500 15148605 3419580
15147807 3424740 15149517 3425340
15147807 3432900 15149973 3435900
15147807 3438660 15148605 3439740
15147807 3453060 15148605 3454140
15147807 3455940 15149973 3458940
15147807 3461700 15148377 3462300
15147807 3501060 15149517 3501660
15147807 3550020 15149175 3550620
15147807 3563460 15149973 3566460
15147807 3602820 15149973 3605820
15147807 3606660 15148605 3607740
15148035 3431460 15150429 3432060
15148035 3548100 15148833 3549180
15148149 3347940 15150087 3348540
15148149 3348900 15150429 3349500
15148149 3350340 15149517 3350940
15148149 3351300 15150201 3351900
15148149 3352740 15149973 3353340
15148149 3354660 15151911 3355260
15148149 3355620 15150201 3356220
15148149 3356580 15149745 3357180
15148149 3357540 15149973 3358140
15148149 3358980 15148377 3359580
15148149 3360420 15151911 3361020
15148149 3361380 15150201 3361980
15148149 3362820 15150201 3363420
15148149 3364260 15153735 3364860
15148149 3365220 15150201 3365820
15148149 3367620 15150429 3368220
15148149 3369060 15149517 3369660
15148149 3370500 15151569 3371100
15148149 3371460 15150201 3372060
15148149 3373380 15151911 3373980
15148149 3374820 15149973 3375420
15148149 3375780 15149061 3376380
15148149 3376740 15151911 3377340
15148149 3377700 15150201 3378300
15148149 3463620 15150201 3464220
15148149 3465060 15151569 3465660
15148149 3466020 15149973 3466620
15148149 3467940 15149175 3468540
15148149 3470340 15149175 3470940
15148149 3471300 15149745 3471900
15148149 3472260 15149517 3472860
15148149 3474180 15150201 3474780
15148149 3475620 15150201 3476220
15148149 3476580 15152823 3477180
15148149 3477540 15153735 3478140
15148149 3478500 15150429 3479100
15148149 3479940 15149973 3480540
15148149 3481380 15150201 3481980
15148149 3482340 15150201 3482940
15148149 3483780 15150201 3484380
15148149 3485220 15153735 3485820
15148149 3486180 15150201 3486780
15148149 3487620 15149061 3488700
15148149 3490500 15150201 3491100
15148149 3491460 15149061 3492540
15148149 3492900 15150201 3493500
15148149 3493860 15149973 3494460
15148149 3495300 15149517 3495900
15148149 3496260 15150201 3496860
15148149 3498180 15148377 3498780
15148149 3499140 15150201 3499740
15148149 3502020 15149973 3502620
15148149 3502980 15150201 3503580
15148149 3503940 15151911 3504540
15148149 3505380 15149973 3505980
15148149 3506340 15149517 3506940
15148149 3507780 15149175 3508380
15148149 3508740 15149061 3509340
15148149 3510180 15150429 3510780
15148149 3511620 15151911 3512220
15148149 3512580 15150201 3513180
15148149 3514020 15150201 3514620
15148149 3515940 15150201 3516540
15148149 3518340 15148833 3518940
15148149 3519300 15149973 3519900
15148149 3520260 15150201 3520860
15148149 3521700 15149973 3522300
15148149 3522660 15150657 3523260
15148149 3524100 15150201 3524700
15148149 3525540 15149973 3526140
15148149 3526500 15150201 3527100
15148149 3527940 15149175 3528540
15148149 3528900 15149289 3529500
15148149 3530820 15150201 3531420
15148149 3532260 15151911 3532860
15148149 3534660 15150201 3535260
15148149 3536100 15149517 3536700
15148149 3537060 15150429 3537660
15148149 3538020 15152823 3538620
15148149 3538980 15150201 3539580
15148149 3540420 15151341 3541020
15148149 3541860 15150201 3542460
15148149 3569220 15149061 3570300
15148149 3570660 15150201 3571260
15148149 3572100 15150429 3572700
15148149 3573060 15151569 3573660
15148149 3574500 15149973 3575100
15148149 3575940 15149517 3576540
15148149 3576900 15150201 3577500
15148149 3578340 15155559 3578940
15148149 3579300 15150201 3579900
15148149 3580740 15150201 3581340
15148149 3582180 15149973 3582780
15148149 3583140 15150201 3583740
15148149 3584580 15150999 3585180
15148149 3586020 15149973 3586620
15148149 3586980 15149175 3587580
15148149 3589380 15149175 3589980
15148149 3590820 15149973 3591420
15148149 3592740 15151911 3593340
15148149 3595140 15150201 3595740
15148149 3596580 15151911 3597180
15148149 3597540 15150201 3598140
15148149 3598500 15149517 3599100
15148149 3599940 15150201 3600540
15148263 3429060 15149061 3429660
15148263 3445380 15148605 3446460
15148263 3600900 15149061 3601980
15148491 3390180 15149745 3390780
15148491 3551940 15149289 3553020
15148605 3379140 15150201 3380220
15148605 3393060 15149517 3393660
15148605 3394500 15149517 3395100
15148605 3396420 15150201 3397500
15148605 3397860 15150201 3398460
15148605 3399780 15149517 3400380
15148605 3400740 15149517 3401340
15148605 3410820 15150201 3411900
15148605 3412740 15150201 3413820
15148605 3415620 15150201 3416700
15148605 3428100 15150201 3428700
15148605 3436260 15149973 3436860
15148605 3439620 15149517 3440700
15148605 3441540 15150201 3442620
15148605 3443460 15150429 3444060
15148605 3451140 15150201 3452220
15148605 3462660 15149289 3463260
15148605 3514980 15149631 3515580
15148605 3559620 15149517 3560220
15148605 3607620 15150201 3608700
15148719 3381540 15149745 3382140
15148719 3408900 15149517 3409980
15148719 3557700 15150429 3558300
15148947 3359460 15149973 3360060
15148947 3405540 15150429 3406140
15148947 3438660 15149745 3439260
15149061 3509220 15149289 3509820
15149175 3402180 15150657 3402780
15149175 3420420 15150201 3421500
15149175 3422340 15149973 3422940
15149175 3445380 15152937 3445980
15149175 3454980 15149745 3455580
15149175 3553860 15150885 3554460
15149175 3558660 15150201 3559260
15149175 3589380 15149973 3590460
15149403 3418500 15150201 3419580
15149403 3453060 15150201 3454140
15149403 3461700 15151569 3462300
15149403 3469380 15150201 3469980
15149403 3517380 15150885 3517980
15149403 3527940 15150201 3529020
15149403 3550020 15150429 3550620
15149631 3429060 15149973 3430140
15149631 3487620 15151341 3488220
15149631 3491460 15153165 3492060
15149631 3500100 15149973 3501180
15149631 3507780 15155217 3508380
15149631 3569700 15152481 3570300
15149745 3587460 15149973 3588060
15149859 3349860 15150657 3350460
15149859 3375780 15150885 3376380
15149859 3380580 15151341 3381180
15149859 3391620 15152709 3392220
15149859 3393060 15152823 3393660
15149859 3394500 15151341 3395100
15149859 3398820 15151569 3399420
15149859 3400740 15154533 3401340
15149859 3404100 15150999 3405180
15149859 3407940 15152709 3408540
15149859 3408900 15151569 3409500
15149859 3414180 15151569 3414780
15149859 3423780 15152709 3424380
15149859 3424740 15150429 3425340
15149859 3426180 15151113 3426780
15149859 3427140 15151569 3427740
15149859 3430500 15152709 3431100
15149859 3437220 15150885 3437820
15149859 3459780 15151569 3460380
15149859 3470340 15151797 3470940
15149859 3472740 15152481 3473340
15149859 3488580 15150201 3489660
15149859 3497700 15151113 3498300
15149859 3509220 15152709 3509820
15149859 3529380 15150201 3529980
15149859 3533220 15150201 3533820
15149859 3535620 15152481 3536220
15149859 3543300 15150201 3544380
15149859 3548100 15150657 3549180
15149859 3550980 15160917 3551580
15149859 3551940 15150885 3553020
15149859 3559620 15153165 3560220
15149859 3561060 15151797 3561660
15149859 3568740 15150201 3569340
15149859 3598980 15150885 3599580
15150087 3358020 15152253 3359100
15150087 3369060 15152025 3369660
15150087 3382500 15150657 3383100
15150087 3383940 15152481 3384540
15150087 3384900 15152025 3385500
15150087 3432420 15151227 3433020
15150087 3435780 15150429 3436380
15150087 3438660 15152253 3439740
15150087 3440100 15151797 3440700
15150087 3456900 15151113 3457500
15150087 3466980 15151797 3467580
15150087 3501060 15150429 3502140
15150087 3505860 15150429 3506940
15150087 3556740 15151113 3557340
15150087 3562020 15150885 3562620
15150087 3567780 15151797 3568380
15150087 3586500 15153849 3587100
15150087 3600900 15152253 3601980
15150087 3603780 15150657 3604380
15150087 3605700 15150657 3606300
15150315 3356580 15157725 3357180
15150315 3359460 15153279 3360060
15150315 3390180 15151113 3390780
15150315 3406500 15151455 3407100
15150315 3428580 15151341 3429180
15150315 3471300 15151341 3471900
15150315 3504900 15152025 3505500
15150315 3518340 15152481 3519420
15150315 3587460 15153165 3588060
15150315 3606660 15150885 3607260
15150315 3607620 15151113 3608700
15150429 3362340 15152937 3362940
15150429 3387780 15150657 3388380
15150429 3397380 15151569 3397980
15150429 3403140 15151113 3403740
15150429 3409860 15151113 3410460
15150429 3412260 15152253 3412860
15150429 3415140 15152937 3415740
15150429 3417060 15152025 3417660
15150429 3442500 15151113 3443580
15150429 3447300 15151569 3448380
15150429 3450180 15152025 3451260
15150429 3454500 15151113 3455100
15150429 3483300 15152025 3483900
15150429 3521220 15151341 3521820
15150429 3544260 15151569 3544860
15150429 3546660 15151113 3547260
15150429 3554820 15151341 3555900
15150429 3558180 15152025 3558780
15150429 3564420 15150885 3565020
15150429 3566340 15151113 3567420
15150543 3381540 15151797 3382140
15150543 3385860 15151341 3386460
15150543 3395940 15152025 3396540
15150543 3420900 15152481 3421500
15150543 3429540 15151797 3430140
15150543 3458340 15151569 3458940
15150543 3466020 15153165 3466620
15150543 3500580 15152025 3501180
15150543 3523620 15154305 3524220
15150543 3574500 15151569 3575100
15150543 3588900 15152481 3589500
15150543 3594660 15152481 3595260
15150771 3386820 15152709 3387420
15150771 3399780 15151797 3400380
15150771 3418500 15152253 3419100
15150771 3425220 15151341 3425820
15150771 3433860 15151341 3434460
15150771 3446340 15152481 3446940
15150771 3479940 15151341 3480540
15150771 3502020 15151569 3503100
15150771 3527460 15151797 3528060
15150771 3542340 15151569 3543420
15150771 3572100 15151797 3572700
15150771 3602820 15152481 3603420
15150999 3350340 15151797 3351420
15150999 3422340 15152709 3422940
15150999 3452100 15151797 3453180
15150999 3455940 15151797 3456540
15150999 3478500 15151569 3479100
15150999 3562500 15151569 3563100
15150999 3563460 15152937 3564060
15150999 3564900 15153165 3565500
15151113 3603780 15151455 3604380
15151227 3378660 15153051 3379260
15151227 3409860 15151683 3410460
15151227 3434820 15151455 3435420
15151227 3454980 15151797 3455580
15151227 3457380 15152481 3457980
15151227 3513060 15153165 3513660
15151227 3516900 15154989 3517500
15151227 3549060 15152025 3550140
15151341 3405540 15152025 3406140
15151341 3435780 15152481 3436380
15151341 3479940 15152481 3480540
15151455 3347940 15152709 3348540
15151455 3375300 15152481 3375900
15151455 3388740 15155217 3389340
15151455 3389700 15152025 3390300
15151455 3432420 15153849 3433020
15151455 3444420 15158865 3445020
15151455 3498180 15152253 3498780
15151455 3533700 15152481 3534300
15151455 3539460 15152481 3540060
15151455 3551940 15152709 3553020
15151569 3394500 15152595 3395100
15151683 3442500 15152709 3443580
15151683 3495300 15152481 3495900
15151683 3525060 15152025 3525660
15151683 3543780 15154989 3544380
15151683 3553860 15152481 3554940
15151683 3556740 15152481 3557820
15151683 3566820 15157269 3567420
15151683 3581700 15152481 3582300
15151683 3590820 15153165 3591420
15151683 3599460 15152937 3600060
15151683 3604740 15152937 3605340
15151683 3607140 15155445 3607740
15151797 3349380 15152025 3349980
15151797 3459300 15157383 3459900
15151797 3473700 15152481 3474300
15151797 3478980 15152025 3479580
15151797 3573540 15153165 3574140
15151911 3382500 15153165 3383100
15151911 3390660 15153279 3391260
15151911 3403140 15154077 3403740
15151911 3406500 15152481 3407100
15151911 3429060 15153165 3429660
15151911 3453060 15153621 3453660
15151911 3471300 15152937 3471900
15151911 3555300 15152937 3555900
15151911 3596100 15153393 3596700
15151911 3598500 15154305 3599100
15152025 3399780 15152481 3400380
15152139 3352260 15152937 3352860
15152139 3353700 15153165 3354300
15152139 3355620 15153621 3356220
15152139 3370500 15153393 3371100
15152139 3371460 15153165 3372540
15152139 3379620 15155445 3380220
15152139 3411300 15153165 3411900
15152139 3416100 15152937 3416700
15152139 3419460 15153165 3420540
15152139 3428100 15153165 3428700
15152139 3447300 15159549 3447900
15152139 3448260 15153165 3448860
15152139 3461700 15152937 3462300
15152139 3463140 15153165 3463740
15152139 3464100 15153165 3464700
15152139 3469860 15155103 3470460
15152139 3474660 15154077 3475260
15152139 3475620 15153849 3476220
15152139 3478500 15152937 3479100
15152139 3480900 15152481 3481500
15152139 3481860 15154077 3482460
15152139 3489060 15155673 3489660
15152139 3496260 15153621 3496860
15152139 3497220 15155331 3497820
15152139 3503460 15153165 3504060
15152139 3514500 15152481 3515100
15152139 3524580 15154305 3525180
15152139 3528900 15153849 3529500
15152139 3531300 15154077 3531900
15152139 3534660 15153393 3535260
15152139 3540420 15152481 3541020
15152139 3541860 15154077 3542460
15152139 3542820 15153165 3543420
15152139 3545220 15154761 3546300
15152139 3558660 15156813 3559260
15152139 3570660 15153165 3571260
15152139 3574500 15153849 3575100
15152139 3576900 15155217 3577500
15152139 3579300 15155445 3579900
15152139 3589860 15154077 3590460
15152139 3591780 15153165 3592380
15152139 3593220 15152937 3594300
15152139 3597540 15153849 3598140
15152253 3410340 15152709 3410940
15152253 3433860 15153165 3434940
15152253 3441060 15154077 3441660
15152253 3601860 15152481 3602460
15152367 3360420 15152937 3361020
15152367 3367620 15152937 3368700
15152367 3373380 15152937 3373980
15152367 3374340 15152937 3374940
15152367 3380580 15156129 3381180
15152367 3385860 15152937 3386460
15152367 3397380 15156129 3397980
15152367 3404100 15156129 3404700
15152367 3425220 15153393 3425820
15152367 3427140 15153165 3427740
15152367 3436740 15154077 3437340
15152367 3454980 15154305 3455580
15152367 3456420 15152937 3457020
15152367 3465060 15155217 3465660
15152367 3490020 15153621 3490620
15152367 3494340 15153621 3494940
15152367 3498180 15153165 3499260
15152367 3499620 15154077 3500220
15152367 3501540 15153393 3502140
15152367 3502500 15152937 3503100
15152367 3505860 15154077 3506460
15152367 3510180 15153393 3510780
15152367 3511140 15154305 3511740
15152367 3519780 15155445 3520380
15152367 3529860 15152709 3530460
15152367 3537060 15155217 3537660
15152367 3549060 15153165 3550140
15152367 3560580 15153165 3561660
15152367 3572100 15154305 3572700
15152367 3583620 15153165 3584700
15152367 3605700 15153621 3606300
15152595 3349860 15154533 3350460
15152595 3369060 15153621 3369660
15152595 3394500 15153735 3395100
15152595 3395460 15153735 3396060
15152595 3396420 15153165 3397020
15152595 3408900 15153735 3409500
15152595 3420900 15153735 3421500
15152595 3457860 15153393 3458940
15152595 3515460 15153165 3516060
15152595 3521220 15154761 3522300
15152595 3525540 15154305 3526140
15152595 3526980 15154077 3527580
15152595 3527940 15153735 3528540
15152595 3547140 15153621 3548220
15152595 3556740 15153393 3557820
15152709 3383460 15153051 3384060
15152823 3365220 15153849 3365820
15152823 3405060 15154419 3406140
15152823 3423780 15153963 3424380
15152823 3450180 15153279 3450780
15152823 3452100 15153849 3452700
15152823 3483300 15153849 3483900
15152823 3484260 15153849 3484860
15152823 3581700 15153621 3582300
15152823 3582660 15153621 3583260
15152937 3399300 15154533 3400380
15153051 3351780 15153279 3352380
15153051 3376260 15154647 3377340
15153051 3383940 15154533 3384540
15153051 3391620 15155901 3392220
15153051 3406500 15154191 3407100
15153051 3412260 15153621 3412860
15153051 3413220 15154077 3413820
15153051 3421860 15154191 3422460
15153051 3430020 15154989 3430620
15153051 3440100 15154305 3440700
15153051 3472260 15154647 3473340
15153051 3478980 15153279 3479580
15153051 3492420 15154533 3493020
15153051 3514500 15154305 3515100
15153051 3532740 15153621 3533340
15153051 3533700 15153849 3534300
15153051 3538020 15153849 3538620
15153051 3539460 15153849 3540060
15153051 3540420 15153279 3541020
15153051 3580740 15153621 3581340
15153051 3594180 15154647 3595260
15153165 3354180 15154761 3355260
15153165 3422820 15153393 3423420
15153165 3467460 15154761 3468540
15153165 3561540 15154761 3562620
15153279 3407460 15154419 3408060
15153279 3442500 15154761 3443100
15153279 3451140 15160689 3451740
15153279 3488100 15153507 3488700
15153279 3500580 15154305 3501180
15153279 3513540 15154419 3514140
15153279 3535620 15154419 3536220
15153279 3551940 15153963 3552540
15153279 3552900 15154077 3553980
15153279 3568740 15154533 3569340
15153279 3604260 15156129 3604860
15153507 3357540 15154533 3358140
15153507 3366660 15156015 3367260
15153507 3373860 15155901 3374460
15153507 3411300 15153849 3411900
15153507 3428580 15154533 3429180
15153507 3435300 15154647 3435900
15153507 3468900 15156357 3469500
15153507 3486660 15155445 3487260
15153507 3509220 15154305 3509820
15153507 3517860 15154989 3518460
15153507 3550020 15155217 3550620
15153507 3554820 15154305 3555900
15153507 3569700 15154761 3570300
15153507 3583620 15154533 3584220
15153507 3587940 15154989 3588540
15153507 3591300 15154305 3591900
15153507 3596100 15154305 3596700
15153621 3424740 15154761 3425340
15153735 3352740 15154761 3353340
15153735 3368100 15155445 3368700
15153735 3414180 15161145 3414780
15153735 3420420 15154761 3421020
15153735 3466500 15154533 3467100
15153735 3488100 15154761 3488700
15153735 3498660 15154761 3499260
15153735 3503460 15160233 3504060
15153735 3527940 15154761 3528540
15153735 3534660 15154761 3535260
15153735 3559620 15155217 3560220
15153735 3565860 15155901 3566460
15153849 3387780 15160347 3388380
15153849 3415140 15154989 3415740
15153963 3425700 15154761 3426300
15153963 3432900 15155217 3433980
15153963 3445380 15159549 3445980
15153963 3448260 15154419 3448860
15153963 3457860 15155331 3458460
15153963 3484740 15154761 3485340
15153963 3493380 15155445 3493980
15153963 3515460 15154761 3516060
15153963 3529380 15155103 3529980
15153963 3532260 15155217 3532860
15153963 3538500 15154761 3539100
15153963 3564900 15155217 3565500
15153963 3573540 15156357 3574140
15153963 3574980 15156129 3575580
15153963 3584580 15155901 3585180
15153963 3588900 15156813 3589500
15154077 3370020 15155217 3370620
15154077 3411780 15157269 3412860
15154077 3471300 15155217 3471900
15154191 3364260 15154761 3364860
15154191 3385860 15158409 3386460
15154191 3392580 15155217 3393660
15154191 3395460 15155217 3396060
15154191 3423300 15154761 3423900
15154191 3430980 15155787 3432060
15154191 3454020 15157953 3454620
15154191 3475140 15155217 3475740
15154191 3477060 15154989 3477660
15154191 3494340 15156129 3494940
15154191 3501540 15154761 3502140
15154191 3505380 15155445 3505980
15154191 3551940 15156129 3552540
15154191 3590340 15156129 3590940
15154191 3592740 15154989 3593340
15154305 3374820 15161715 3375420
15154305 3418980 15156243 3419580
15154305 3462180 15156585 3462780
15154305 3478500 15155217 3479100
15154419 3378180 15155673 3378780
15154419 3403140 15154989 3403740
15154419 3452100 15155445 3452700
15154419 3490500 15154761 3491100
15154419 3495300 15155217 3495900
15154419 3542340 15157269 3542940
15154419 3547140 15155217 3548220
15154419 3580740 15155673 3581340
15154419 3581700 15155103 3582300
15154419 3582660 15157041 3583260
15154533 3369060 15158295 3369660
15154533 3371460 15155217 3372540
15154533 3382500 15154989 3383100
15154533 3394500 15154989 3395100
15154533 3427140 15155445 3427740
15154533 3429060 15163767 3429660
15154533 3437220 15161943 3437820
15154533 3466020 15156813 3466620
15154533 3600900 15155445 3601500
15154647 3347940 15157497 3348540
15154647 3358020 15155445 3358620
15154647 3359460 15158409 3360060
15154647 3361380 15155217 3361980
15154647 3363300 15155445 3363900
15154647 3372900 15155445 3373500
15154647 3386820 15157497 3387420
15154647 3390180 15155217 3390780
15154647 3398820 15155217 3399420
15154647 3402180 15155445 3402780
15154647 3438660 15157269 3439740
15154647 3456420 15155103 3457020
15154647 3473700 15156585 3474300
15154647 3481380 15155673 3481980
15154647 3491460 15155445 3492060
15154647 3504420 15155787 3505020
15154647 3506340 15155217 3506940
15154647 3511620 15155673 3512700
15154647 3539460 15157497 3540060
15154647 3540420 15155331 3541500
15154647 3548580 15155217 3549180
15154647 3562980 15155217 3563580
15154647 3563940 15156357 3564540
15154647 3601860 15155445 3602940
15154647 3605700 15155217 3606300
15154761 3535620 15156357 3536700
15154875 3355140 15157041 3356220
15154875 3384420 15155901 3385020
15154875 3409380 15155901 3409980
15154875 3418020 15156015 3418620
15154875 3423780 15155901 3424380
15154875 3479940 15155445 3480540
15154875 3500580 15155673 3501180
15154875 3514500 15156471 3515580
15154875 3527940 15155673 3529020
15154875 3554820 15155673 3555900
15154875 3556740 15156129 3557340
15154875 3557700 15155445 3558300
15154875 3575940 15155673 3576540
15154875 3586980 15156585 3587580
15154875 3594180 15156585 3594780
15154875 3595140 15156129 3595740
15154875 3596100 15155901 3597180
15154875 3598020 15157041 3599100
15154989 3422340 15155331 3422940
15154989 3450180 15156813 3450780
15154989 3572100 15156585 3573180
15155103 3364260 15156357 3364860
15155103 3400740 15156129 3401340
15155103 3406020 15156243 3407100
15155103 3410820 15155559 3411420
15155103 3425700 15156585 3426300
15155103 3510180 15155673 3510780
15155217 3389700 15156129 3390300
15155217 3433860 15156813 3434940
15155331 3349860 15156129 3350460
15155331 3354180 15156813 3354780
15155331 3360420 15159093 3361020
15155331 3361860 15156927 3362940
15155331 3376740 15156357 3377340
15155331 3421380 15157269 3422460
15155331 3435300 15155901 3435900
15155331 3442500 15156129 3443580
15155331 3464100 15157725 3464700
15155331 3466980 15160005 3467580
15155331 3470340 15155901 3470940
15155331 3484740 15156927 3485820
15155331 3501540 15157497 3502140
15155331 3506820 15157497 3507420
15155331 3521220 15156813 3521820
15155331 3526020 15156813 3526620
15155331 3534660 15155901 3535260
15155331 3537540 15156927 3538620
15155331 3562500 15157269 3563580
15155331 3568740 15157497 3569340
15155331 3569700 15157953 3570300
15155331 3585540 15156927 3586620
15155559 3350820 15157497 3351420
15155559 3395460 15156585 3396060
15155559 3398340 15157155 3399420
15155559 3413220 15156357 3413820
15155559 3441060 15157497 3441660
15155559 3465060 15156585 3465660
15155559 3478500 15156813 3479100
15155559 3498180 15156585 3498780
15155559 3529860 15156813 3530460
15155559 3544740 15157497 3545340
15155559 3561060 15156129 3561660
15155673 3509220 15158181 3509820
15155673 3525060 15156357 3525660
15155787 3352740 15157041 3353340
15155787 3430020 15160461 3430620
15155787 3431940 15156585 3432540
15155787 3490020 15156813 3490620
15155787 3495780 15157269 3496380
15155787 3507780 15156813 3508380
15155787 3513540 15156357 3514140
15155787 3522180 15157269 3522780
15155787 3533220 15158865 3533820
15155787 3579780 15157041 3580380
15155787 3587940 15156813 3588540
15155901 3394500 15157497 3395100
15155901 3416580 15156813 3417180
15155901 3424260 15156357 3424860
15155901 3436260 15157839 3436860
15156015 3367140 15159777 3367740
15156015 3391620 15156585 3392220
15156015 3452100 15156813 3453180
15156015 3510660 15156813 3511740
15156015 3550020 15157953 3550620
15156015 3575940 15156813 3576540
15156015 3578340 15158409 3578940
15156015 3601380 15158409 3601980
15156015 3605700 15157269 3606300
15156015 3608100 15159777 3608700
15156129 3407460 15157269 3408060
15156129 3556740 15157269 3557340
15156243 3349380 15157041 3350460
15156243 3372900 15157269 3373500
15156243 3417540 15157041 3418620
15156243 3470340 15157041 3470940
15156243 3483780 15157269 3484380
15156243 3486180 15159777 3486780
15156243 3518340 15157269 3518940
15156243 3527940 15156813 3528540
15156243 3545700 15157725 3546300
15156243 3565380 15157269 3565980
15156243 3595140 15157041 3595740
15156243 3600420 15157497 3601020
15156357 3403140 15157497 3403740
15156357 3410820 15156585 3411420
15156357 3516420 15158181 3517020
15156357 3517380 15157383 3517980
15156471 3406020 15157041 3406620
15156471 3427140 15157953 3427740
15156471 3442020 15171177 3442620
15156471 3469380 15160233 3469980
15156471 3500580 15159321 3501180
15156471 3513060 15157497 3513660
15156471 3514500 15157041 3515100
15156471 3525060 15157269 3525660
15156471 3528900 15157953 3529500
15156471 3541380 15160689 3541980
15156471 3549060 15157497 3549660
15156471 3561540 15157041 3562140
15156471 3596100 15157383 3597180
15156471 3604260 15157041 3604860
15156585 3378660 15157725 3379260
15156585 3481860 15157497 3482940
15156585 3530820 15157497 3531900
15156585 3532260 15158181 3532860
15156585 3555780 15157269 3556380
15156585 3564420 15157269 3565020
15156699 3376740 15157383 3377340
15156699 3393540 15158409 3394140
15156699 3409860 15157497 3410460
15156699 3415620 15157953 3416220
15156699 3422820 15157953 3423420
15156699 3435300 15158181 3435900
15156699 3476100 15158181 3476700
15156699 3504900 15157269 3505500
15156699 3534660 15158865 3535260
15156699 3535620 15158295 3536700
15156699 3540420 15157839 3541020
15156699 3552900 15157269 3553500
15156699 3570660 15157497 3571260
15156699 3593700 15158409 3594300
15156813 3379620 15160575 3380220
15156813 3381540 15157725 3382140
15156813 3401220 15160575 3401820
15156813 3496740 15158637 3497340
15156813 3519300 15157497 3520380
15156813 3571620 15157953 3572220
15156813 3602340 15159093 3602940
15156927 3364260 15157497 3364860
15156927 3368100 15160689 3368700
15156927 3370500 15157953 3371100
15156927 3413220 15158409 3413820
15156927 3418980 15171633 3419580
15156927 3423780 15157725 3424380
15156927 3454980 15157497 3456060
15156927 3460740 15157269 3461340
15156927 3477060 15159549 3478140
15156927 3491940 15157497 3492540
15156927 3494340 15157497 3494940
15156927 3498660 15157953 3499260
15156927 3520740 15164337 3521340
15156927 3523140 15159549 3524220
15156927 3543300 15157269 3544380
15156927 3590340 15157953 3590940
15156927 3592740 15157725 3593340
15157041 3406500 15157497 3407100
15157041 3489060 15157497 3489660
15157041 3512100 15157497 3512700
15157041 3580740 15158181 3581340
15157155 3353700 15159093 3354300
15157155 3357540 15160917 3358140
15157155 3365220 15158637 3365820
15157155 3380580 15157725 3381180
15157155 3388740 15157953 3389340
15157155 3392580 15158865 3393180
15157155 3395460 15157725 3396060
15157155 3396420 15157497 3397020
15157155 3399300 15157725 3399900
15157155 3416580 15157725 3417180
15157155 3428100 15160005 3428700
15157155 3431460 15157725 3432060
15157155 3432900 15160005 3433500
15157155 3456420 15157725 3457020
15157155 3462660 15157953 3463260
15157155 3474180 15159093 3474780
15157155 3475140 15158865 3475740
15157155 3488100 15158067 3488700
15157155 3493380 15158865 3493980
15157155 3499620 15157383 3500220
15157155 3507780 15157725 3508380
15157155 3514020 15158181 3514620
15157155 3514980 15157953 3515580
15157155 3546660 15157953 3547260
15157155 3559620 15157497 3560700
15157155 3572580 15157953 3573180
15157155 3573540 15158637 3574140
15157155 3575940 15159321 3576540
15157155 3584580 15157953 3585180
15157155 3597540 15160005 3598140
15157269 3397380 15158865 3398460
15157383 3390660 15158979 3391740
15157383 3408420 15158523 3409020
15157383 3411780 15159093 3412380
15157383 3420420 15157953 3421020
15157383 3425220 15158637 3425820
15157383 3438660 15158409 3439260
15157383 3450180 15158523 3450780
15157383 3452100 15158181 3453180
15157383 3457860 15159549 3458940
15157383 3471780 15158181 3472380
15157383 3479460 15158181 3480060
15157383 3490980 15157725 3491580
15157383 3529860 15159777 3530460
15157383 3537060 15157953 3537660
15157383 3548100 15159093 3548700
15157383 3553860 15157839 3554460
15157383 3554820 15159093 3555420
15157383 3562020 15161601 3562620
15157383 3565860 15158181 3566460
15157383 3581700 15158979 3582780
15157383 3587460 15159549 3588540
15157611 3352260 15158067 3352860
15157611 3389700 15165021 3390300
15157611 3410820 15159093 3411420
15157611 3421380 15159207 3422460
15157611 3470820 15158181 3471420
15157611 3473220 15158865 3473820
15157611 3480900 15159207 3481980
15157611 3502020 15159549 3503100
15157611 3542340 15160461 3542940
15157611 3552900 15161373 3553500
15157611 3563460 15160005 3564060
15157611 3564420 15160005 3565020
15157611 3579780 15159777 3580380
15157611 3586500 15159321 3587100
15157611 3588900 15158637 3589500
15157611 3598500 15158181 3599100
15157611 3605700 15158409 3606300
15157725 3591300 15159321 3592380
15157839 3350820 15159093 3351420
15157839 3364260 15160689 3364860
15157839 3399300 15158637 3400380
15157839 3403140 15159093 3403740
15157839 3440100 15158637 3440700
15157839 3460740 15159777 3461340
15157839 3483780 15159777 3484380
15157839 3484740 15160689 3485340
15157839 3490020 15160233 3490620
15157839 3512580 15159435 3513660
15157839 3518340 15159435 3519420
15157839 3526980 15159435 3528060
15157839 3555780 15159435 3556860
15157839 3566820 15158181 3567420
15157839 3574980 15158637 3575580
15157839 3606660 15159549 3607260
15157953 3462660 15159549 3463740
15158067 3371460 15162741 3372060
15158067 3381060 15159093 3381660
15158067 3404580 15159093 3405180
15158067 3455460 15161601 3456060
15158067 3504900 15158637 3505500
15158067 3505860 15158865 3506460
15158067 3539460 15159549 3540060
15158067 3545700 15158523 3546300
15158067 3549060 15160917 3549660
15158067 3550020 15159093 3550620
15158067 3583140 15158637 3583740
15158067 3603780 15159093 3604380
15158181 3560580 15160005 3561180
15158295 3355620 15159777 3356220
15158295 3372420 15159321 3373020
15158295 3395460 15159093 3396540
15158295 3406980 15158523 3407580
15158295 3423300 15162057 3423900
15158295 3454020 15159093 3455100
15158295 3465060 15158637 3465660
15158295 3478980 15159777 3479580
15158295 3497700 15159321 3498300
15158295 3522180 15159777 3522780
15158295 3537540 15159093 3538140
15158295 3538500 15159093 3539100
15158295 3558660 15159093 3559740
15158295 3590340 15158865 3590940
15158409 3394500 15159093 3395100
15158523 3349860 15160689 3350460
15158523 3356580 15162285 3357180
15158523 3358980 15160461 3359580
15158523 3378660 15160689 3379260
15158523 3416580 15163197 3417180
15158523 3420420 15164109 3421020
15158523 3442980 15165933 3443580
15158523 3456420 15159777 3457020
15158523 3489060 15160917 3489660
15158523 3492420 15159777 3493020
15158523 3515940 15160917 3516540
15158523 3536580 15160005 3537180
15158523 3565860 15159549 3566460
15158523 3592740 15159321 3593340
15158637 3490980 15159321 3491580
15158751 3348900 15160461 3349500
15158751 3405540 15159093 3406140
15158751 3450180 15165249 3450780
15158751 3465540 15159093 3466140
15158751 3499140 15159777 3499740
15158751 3509220 15160233 3509820
15158751 3532260 15159549 3532860
15158751 3566820 15161259 3567420
15158751 3596100 15159777 3596700
15158751 3599460 15160233 3600060
15158865 3496260 15159549 3496860
15158979 3370020 15159891 3370620
15158979 3382020 15159777 3383100
15158979 3393540 15159549 3394140
15158979 3407940 15159549 3408540
15158979 3435300 15162741 3435900
15158979 3439620 15160689 3440220
15158979 3448740 15159435 3449340
15158979 3470340 15160005 3470940
15158979 3526020 15159549 3526620
15158979 3535620 15162285 3536220
15158979 3574980 15164565 3575580
15158979 3577860 15159777 3578460
15158979 3580740 15160005 3581340
15158979 3601380 15160461 3601980
15159093 3373380 15160461 3373980
15159093 3380580 15162855 3381180
15159093 3426660 15162855 3427260
15159093 3465060 15160689 3465660
15159207 3385860 15160347 3386460
15159207 3431460 15161373 3432060
15159207 3461700 15160461 3462300
15159207 3471300 15160005 3471900
15159207 3476100 15160917 3476700
15159207 3507780 15160005 3508380
15159207 3551940 15160461 3552540
15159207 3589860 15160005 3590460
15159207 3593700 15160005 3594300
15159321 3351300 15160233 3352380
15159321 3495300 15160233 3495900
15159321 3514980 15159777 3515580
15159321 3528900 15159777 3529500
15159435 3347940 15160917 3348540
15159435 3354180 15160461 3355260
15159435 3359940 15161373 3360540
15159435 3365220 15160917 3365820
15159435 3375780 15160461 3376380
15159435 3397380 15160233 3398460
15159435 3399780 15160005 3400380
15159435 3402180 15162285 3402780
15159435 3409380 15160005 3409980
15159435 3434340 15163197 3434940
15159435 3436260 15160005 3436860
15159435 3467940 15160233 3468540
15159435 3472260 15162057 3473340
15159435 3482340 15162285 3482940
15159435 3487620 15160233 3488700
15159435 3493380 15160233 3493980
15159435 3494340 15162855 3494940
15159435 3501060 15162741 3501660
15159435 3504900 15160005 3505500
15159435 3510660 15162057 3511740
15159435 3512100 15160689 3512700
15159435 3513540 15160917 3514140
15159435 3519300 15160233 3519900
15159435 3530820 15160461 3531420
15159435 3533700 15159663 3534300
15159435 3537540 15160005 3538140
15159435 3558180 15161601 3558780
15159435 3559620 15163197 3560220
15159435 3568740 15160917 3569340
15159435 3575940 15160233 3576540
15159435 3588900 15161373 3589500
15159435 3594660 15161145 3595260
15159435 3600420 15160233 3601020
15159663 3352740 15161601 3353340
15159663 3361860 15160689 3362460
15159663 3383940 15160689 3384540
15159663 3473700 15160917 3474300
15159663 3505860 15161259 3506940
15159663 3526980 15160233 3527580
15159663 3543300 15160917 3543900
15159663 3546660 15160803 3547260
15159663 3571140 15160233 3571740
15159663 3574020 15160119 3574620
15159663 3586500 15161373 3587100
15159663 3603300 15159891 3603900
15159777 3448260 15161601 3448860
15159891 3384900 15160917 3385500
15159891 3390660 15160917 3391260
15159891 3391620 15161259 3392220
15159891 3393060 15162855 3393660
15159891 3440580 15160689 3441660
15159891 3445380 15160689 3446460
15159891 3464100 15160119 3464700
15159891 3496260 15160689 3497340
15159891 3525060 15161145 3525660
15159891 3538500 15161487 3539580
15159891 3572100 15160233 3572700
15159891 3576900 15161031 3577500
15159891 3590820 15160461 3591420
15159891 3595620 15161829 3596220
15159891 3604260 15162285 3604860
15159891 3607140 15160233 3607740
15160005 3408900 15161829 3409500
15160005 3608580 15163767 3609180
15160119 3370500 15160689 3371100
15160119 3433380 15161259 3433980
15160119 3438180 15162285 3438780
15160119 3458340 15161259 3458940
15160119 3459300 15162513 3459900
15160119 3507300 15164337 3507900
15160119 3605700 15160461 3606300
15160233 3536580 15161829 3537660
15160233 3555780 15162057 3556860
15160347 3366180 15161373 3366780
15160347 3367140 15160689 3367740
15160347 3377220 15161031 3378300
15160347 3382500 15162285 3383100
15160347 3396900 15161373 3397500
15160347 3469380 15161145 3470460
15160347 3504900 15161145 3505500
15160347 3528420 15161601 3529020
15160347 3533220 15161601 3533820
15160347 3547620 15161145 3548220
15160347 3570180 15161031 3570780
15160347 3573540 15161601 3574140
15160347 3587940 15162285 3588540
15160461 3358500 15162057 3359100
15160461 3394500 15162399 3395580
15160461 3405060 15163653 3405660
15160461 3516900 15162855 3517500
15160461 3578820 15162057 3579900
15160575 3355140 15161601 3355740
15160575 3360900 15162285 3361500
15160575 3362820 15161373 3363420
15160575 3385860 15161145 3386460
15160575 3387780 15161373 3388380
15160575 3418020 15163653 3418620
15160575 3425700 15161145 3426300
15160575 3432420 15161715 3433020
15160575 3457380 15162057 3457980
15160575 3460260 15182577 3460860
15160575 3480420 15162741 3481020
15160575 3502980 15161373 3503580
15160575 3503940 15162057 3504540
15160575 3517860 15162855 3518460
15160575 3526980 15160917 3527580
15160575 3531300 15161145 3531900
15160575 3575940 15161145 3576540
15160575 3577860 15161601 3578460
15160575 3581700 15161145 3582300
15160689 3491460 15162513 3492060
15160689 3524100 15161145 3524700
15160803 3372900 15162285 3373500
15160803 3399300 15161601 3400380
15160803 3404100 15161373 3404700
15160803 3440100 15161145 3440700
15160803 3452100 15161829 3452700
15160803 3467460 15161829 3468060
15160803 3468420 15161829 3469020
15160803 3470820 15162285 3471420
15160803 3496740 15161601 3497340
15160803 3526020 15162627 3526620
15160803 3542340 15162741 3542940
15160803 3565860 15163881 3566460
15160803 3571140 15162057 3571740
15160803 3591300 15161829 3591900
15160803 3600420 15162741 3601020
15160803 3607140 15175509 3607740
15160917 3367140 15162285 3367740
15160917 3583140 15162057 3583740
15161031 3347460 15161829 3348540
15161031 3381540 15162513 3382140
15161031 3454500 15162057 3455100
15161031 3476580 15161943 3477180
15161031 3477540 15162171 3478140
15161031 3487140 15162057 3487740
15161031 3495300 15161829 3496380
15161031 3534180 15163539 3534780
15161031 3563460 15162057 3564060
15161031 3580740 15163197 3581340
15161031 3605700 15161829 3606780
15161145 3474660 15162855 3475260
15161259 3350340 15162741 3350940
15161259 3354180 15163197 3354780
15161259 3370020 15162741 3370620
15161259 3378180 15165021 3378780
15161259 3383940 15162057 3385020
15161259 3410820 15162057 3411900
15161259 3425220 15162057 3426300
15161259 3465060 15162057 3465660
15161259 3484740 15162285 3485340
15161259 3523620 15162057 3524220
15161259 3566820 15162057 3567420
15161259 3568260 15162057 3568860
15161259 3576900 15162057 3577500
15161259 3601380 15175965 3601980
15161373 3368100 15164565 3368700
15161373 3446820 15161715 3447420
15161373 3564900 15162741 3565500
15161373 3589860 15163311 3590460
15161373 3592260 15162285 3593340
15161487 3348900 15183489 3349500
15161487 3361860 15165249 3362460
15161487 3440580 15162285 3441660
15161487 3445380 15162285 3446460
15161487 3464100 15162285 3464700
15161487 3479460 15163425 3480060
15161487 3498180 15162057 3498780
15161487 3502980 15163197 3503580
15161487 3504900 15162285 3505500
15161487 3515940 15162285 3516540
15161487 3538500 15162057 3539100
15161487 3543300 15162513 3543900
15161487 3575940 15165249 3576540
15161601 3351780 15162513 3352380
15161601 3427620 15176307 3428220
15161601 3478500 15162285 3479100
15161601 3488100 15162741 3488700
15161601 3551460 15166275 3552060
15161601 3572100 15162741 3573180
15161601 3598980 15162285 3600060
15161715 3375780 15162171 3376380
15161715 3453540 15163881 3454140
15161715 3455940 15165249 3456540
15161715 3483780 15163425 3484380
15161715 3485700 15162285 3486780
15161715 3499140 15162285 3500220
15161715 3512100 15162057 3512700
15161715 3514500 15164337 3515100
15161715 3519300 15162285 3519900
15161715 3522180 15164337 3522780
15161715 3584580 15164337 3585660
15161829 3540420 15162855 3541500
15161943 3386820 15164337 3387420
15161943 3387780 15162513 3388380
15161943 3391620 15162969 3392220
15161943 3396420 15162285 3397020
15161943 3398340 15162285 3399420
15161943 3407940 15162741 3409020
15161943 3436740 15165249 3437340
15161943 3446820 15164565 3447420
15161943 3462660 15162969 3463260
15161943 3468420 15162741 3469020
15161943 3469860 15162855 3470460
15161943 3489540 15162513 3490140
15161943 3493380 15162285 3493980
15161943 3528900 15162285 3529500
15161943 3544260 15165249 3544860
15161943 3552900 15162513 3553500
15161943 3561060 15183945 3561660
15161943 3569220 15162741 3570300
15161943 3581700 15162855 3582300
15161943 3591300 15162741 3591900
15161943 3594180 15162285 3594780
15161943 3596100 15162741 3597180
15161943 3598020 15164793 3598620
15162057 3505860 15162855 3506940
15162171 3364740 15164109 3365820
15162171 3388740 15163881 3389340
15162171 3472260 15163881 3472860
15162171 3473700 15163197 3474300
15162171 3509700 15164337 3510780
15162171 3524580 15164337 3525180
15162171 3529860 15164337 3530940
15162171 3548580 15162627 3549180
15162171 3549540 15165933 3550140
15162171 3558660 15164565 3559260
15162171 3570660 15164565 3571260
15162171 3576900 15164337 3577980
15162171 3602820 15164337 3603900
15162285 3503940 15163881 3505020
15162399 3358500 15164793 3359100
15162399 3359940 15163197 3360540
15162399 3383940 15163197 3385020
15162399 3471300 15164109 3471900
15162399 3531300 15164565 3531900
15162399 3532740 15162969 3533340
15162399 3545220 15163197 3545820
15162399 3550500 15163425 3551100
15162399 3554820 15164109 3555420
15162399 3568260 15163653 3568860
15162399 3593700 15164337 3594300
15162513 3352740 15180867 3353340
15162513 3394500 15164109 3395580
15162513 3430980 15164109 3432060
15162513 3458820 15164109 3459900
15162627 3430020 15163881 3430620
15162627 3439140 15163197 3439740
15162627 3454500 15164565 3455100
15162627 3512100 15163425 3512700
15162627 3526980 15163653 3527580
15162627 3537060 15164565 3537660
15162627 3547620 15163311 3548220
15162627 3579780 15163197 3580380
15162627 3586980 15163311 3587580
15162627 3604260 15164337 3604860
15162741 3406020 15164337 3407100
15162741 3410820 15163767 3411420
15162741 3476100 15164337 3477180
15162741 3489540 15164337 3490620
15162741 3556740 15164337 3557820
15162855 3400260 15165249 3400860
15162855 3440580 15165249 3441180
15162855 3475140 15163881 3475740
15162855 3480900 15163425 3481500
15162855 3511140 15163881 3511740
15162855 3541860 15163425 3542460
15162855 3546180 15164565 3546780
15162969 3391620 15164337 3392700
15163083 3387780 15164223 3388380
15163083 3447780 15164223 3448380
15163083 3463620 15163425 3464220
15163083 3464580 15165249 3465180
15163083 3491940 15164337 3492540
15163083 3500100 15163425 3500700
15163083 3508740 15163881 3509340
15163083 3513060 15167301 3513660
15163083 3527940 15163425 3528540
15163083 3588900 15164109 3589500
15163083 3595620 15164109 3596220
15163197 3435300 15164337 3435900
15163311 3350340 15164109 3351420
15163311 3371460 15165249 3372060
15163311 3407460 15164565 3408060
15163311 3426180 15164109 3427260
15163311 3451140 15164109 3451740
15163311 3462180 15178017 3462780
15163311 3486180 15164109 3486780
15163311 3502020 15165249 3502620
15163311 3518340 15165249 3518940
15163311 3532740 15165249 3533340
15163311 3538500 15165249 3539100
15163311 3587460 15164109 3588540
15163539 3375780 15164565 3376380
15163539 3404100 15165249 3404700
15163539 3433860 15164109 3434460
15163539 3477540 15165021 3478140
15163539 3487620 15164337 3488220
15163539 3502980 15164337 3503580
15163539 3534180 15164337 3534780
15163653 3443940 15178359 3444540
15163767 3410820 15164337 3411420
15163767 3416580 15164223 3417180
15163767 3428580 15178473 3429180
15163767 3439140 15169353 3439740
15163767 3466500 15165021 3467100
15163767 3490980 15165477 3491580
15163767 3583140 15165477 3583740
15163767 3591780 15165021 3592380
15163881 3381540 15167643 3382140
15163881 3463620 15165021 3464220
15163881 3508260 15167643 3508860
15163881 3552420 15167643 3553020
15163881 3563940 15167073 3564540
15163881 3586500 15164907 3587100
15163995 3353700 15169581 3354300
15163995 3422340 15165249 3422940
15163995 3432900 15165249 3433500
15163995 3483780 15165249 3484380
15163995 3526500 15165933 3527100
15163995 3541860 15164565 3542460
15163995 3545220 15165249 3545820
15163995 3580740 15164679 3581340
15164109 3456900 15165249 3457500
15164109 3480420 15166047 3481020
15164109 3564900 15167301 3565500
15164109 3572100 15164565 3572700
15164109 3578820 15164565 3579420
15164109 3590820 15167871 3591420
15164223 3349860 15167301 3350460
15164223 3359460 15182577 3360060
15164223 3363300 15165933 3363900
15164223 3370020 15171633 3370620
15164223 3373380 15164793 3373980
15164223 3379620 15167643 3380220
15164223 3380580 15165477 3381180
15164223 3382980 15165021 3384060
15164223 3393060 15164793 3393660
15164223 3396900 15165249 3397500
15164223 3398820 15167073 3399420
15164223 3401700 15166161 3403260
15164223 3408420 15167529 3409020
15164223 3414660 15166617 3415260
15164223 3417540 15166617 3418140
15164223 3420420 15165021 3421500
15164223 3451620 15165249 3452220
15164223 3458340 15165477 3458940
15164223 3467940 15165249 3468540
15164223 3468900 15166389 3469500
15164223 3469860 15166161 3470460
15164223 3474180 15165021 3474780
15164223 3482340 15165249 3482940
15164223 3484740 15165021 3485340
15164223 3488580 15166617 3489180
15164223 3494340 15165249 3494940
15164223 3495300 15166617 3495900
15164223 3504900 15165249 3505500
15164223 3505860 15165249 3506460
15164223 3516900 15170721 3517500
15164223 3523620 15165705 3524220
15164223 3525540 15165249 3526140
15164223 3540420 15166617 3541020
15164223 3547620 15170265 3548220
15164223 3568260 15164565 3569340
15164223 3589380 15165021 3589980
15164223 3594660 15165249 3595260
15164223 3596100 15164565 3597180
15164223 3599940 15165021 3600540
15164451 3384900 15165249 3385500
15164451 3394020 15166845 3394620
15164451 3411780 15165249 3412380
15164451 3412740 15165249 3413340
15164451 3413700 15165249 3414300
15164451 3475620 15165135 3476220
15164451 3486660 15165249 3487740
15164451 3492900 15165021 3493500
15164451 3500100 15165249 3501180
15164451 3502980 15164907 3503580
15164451 3510660 15165249 3511260
15164451 3524580 15165591 3525180
15164451 3528900 15165249 3529500
15164451 3565860 15168213 3566460
15164565 3376740 15165249 3377340
15164565 3579780 15165021 3580380
15164679 3386820 15165249 3387420
15164679 3416580 15165249 3417180
15164679 3498180 15165249 3498780
15164679 3509220 15165705 3509820
15164679 3522180 15165249 3522780
15164679 3571620 15165477 3572220
15164793 3368100 15167073 3368700
15164793 3434820 15166617 3435420
15164793 3473220 15166617 3473820
15164793 3546180 15166617 3546780
15164793 3570180 15166617 3570780
15164907 3351300 15166617 3351900
15164907 3366180 15165705 3366780
15164907 3394980 15167073 3395580
15164907 3395940 15165477 3396540
15164907 3405540 15167757 3406140
15164907 3409860 15166617 3410460
15164907 3430980 15166617 3431580
15164907 3447300 15166617 3447900
15164907 3453060 15166617 3453660
15164907 3471300 15166617 3471900
15164907 3476580 15165933 3477180
15164907 3478980 15166617 3479580
15164907 3519780 15165477 3520380
15164907 3537540 15166617 3538140
15164907 3554340 15167757 3554940
15164907 3580740 15166617 3581340
15164907 3604740 15166617 3605340
15165021 3578820 15165249 3579420
15165135 3355140 15166617 3356700
15165135 3358020 15167073 3358620
15165135 3360900 15167073 3361500
15165135 3369060 15168441 3369660
15165135 3372900 15166389 3373500
15165135 3375300 15166617 3375900
15165135 3385860 15166617 3386460
15165135 3387780 15167073 3388380
15165135 3390660 15166617 3392220
15165135 3397860 15166275 3398460
15165135 3420420 15173913 3421020
15165135 3425220 15166617 3426780
15165135 3430020 15166617 3430620
15165135 3433860 15173913 3434460
15165135 3445860 15168897 3446460
15165135 3448260 15166617 3449820
15165135 3454980 15173913 3455580
15165135 3461220 15168897 3461820
15165135 3472260 15166617 3472860
15165135 3485700 15167073 3486300
15165135 3490020 15170721 3490620
15165135 3496740 15167985 3497340
15165135 3503940 15166617 3504540
15165135 3527940 15167073 3528540
15165135 3529860 15166617 3531420
15165135 3536100 15166161 3536700
15165135 3541380 15167073 3541980
15165135 3542820 15168897 3543420
15165135 3556740 15166617 3558300
15165135 3559620 15173913 3560220
15165135 3562500 15166617 3563100
15165135 3568740 15172545 3569340
15165135 3573060 15166617 3574620
15165135 3576900 15166617 3577500
15165135 3577860 15173913 3578460
15165135 3582180 15165933 3582780
15165135 3584100 15167301 3584700
15165135 3587460 15166617 3588060
15165135 3588900 15172545 3589500
15165135 3593220 15166617 3593820
15165135 3596100 15166617 3596700
15165135 3598020 15166617 3599580
15165135 3605700 15166617 3606300
15165135 3608580 15166617 3609180
15165363 3378660 15183717 3379260
15165363 3456420 15167757 3457020
15165363 3465060 15170037 3465660
15165363 3507300 15168213 3507900
15165363 3511140 15167301 3511740
15165363 3520740 15166845 3521340
15165363 3521700 15166845 3522300
15165363 3600420 15172773 3601020
15165363 3603300 15183717 3603900
15165591 3406500 15168099 3407100
15165591 3466980 15166731 3467580
15165591 3484260 15167073 3484860
15165591 3492900 15166959 3493500
15165591 3501540 15169353 3502140
15165591 3502500 15167073 3503100
15165591 3522660 15167301 3523260
15165591 3538980 15166617 3539580
15166047 3396900 15167415 3397500
15166047 3458340 15166617 3458940
15166047 3474660 15167415 3475260
15166047 3487140 15168213 3487740
15166047 3493860 15166845 3494460
15166047 3532260 15166617 3532860
15166047 3553380 15166617 3553980
15166047 3594660 15166731 3595260
15166275 3382500 15167529 3383100
15166275 3413220 15167757 3413820
15166275 3464100 15167529 3464700
15166503 3357060 15169125 3357660
15166503 3361860 15166845 3362460
15166503 3362820 15168099 3363420
15166503 3363780 15168669 3364380
15166503 3372420 15171177 3373020
15166503 3373380 15167529 3373980
15166503 3374340 15166959 3374940
15166503 3376260 15167415 3376860
15166503 3377220 15168213 3377820
15166503 3383940 15169125 3384540
15166503 3388740 15166845 3389340
15166503 3389700 15166845 3390300
15166503 3392580 15167073 3393180
15166503 3400260 15167301 3400860
15166503 3401220 15167301 3401820
15166503 3402180 15167757 3402780
15166503 3404100 15166845 3404700
15166503 3410820 15167529 3411420
15166503 3411780 15195801 3412380
15166503 3421380 15167757 3421980
15166503 3435780 15195801 3437340
15166503 3437700 15181209 3438300
15166503 3450180 15167301 3450780
15166503 3452100 15168213 3452700
15166503 3454020 15167415 3454620
15166503 3468420 15167757 3469020
15166503 3469380 15167529 3469980
15166503 3476100 15168213 3476700
15166503 3478020 15167643 3478620
15166503 3479940 15167301 3480540
15166503 3480900 15167529 3481500
15166503 3481860 15167529 3482460
15166503 3491460 15168213 3492060
15166503 3498180 15168213 3498780
15166503 3500100 15169809 3500700
15166503 3505860 15169353 3506460
15166503 3509700 15167529 3510300
15166503 3514500 15167985 3515100
15166503 3515460 15167985 3516060
15166503 3518340 15167301 3518940
15166503 3519300 15167073 3519900
15166503 3525060 15168213 3525660
15166503 3526020 15167757 3526620
15166503 3526980 15170265 3527580
15166503 3533700 15167073 3534300
15166503 3534660 15169353 3535260
15166503 3535620 15167073 3536220
15166503 3536580 15169353 3537180
15166503 3545220 15166845 3545820
15166503 3549060 15167643 3549660
15166503 3550020 15167529 3550620
15166503 3550980 15166959 3551580
15166503 3555780 15167301 3556380
15166503 3558660 15169809 3559260
15166503 3567300 15169125 3567900
15166503 3571140 15170265 3571740
15166503 3578820 15167529 3579420
15166503 3579780 15195801 3580380
15166503 3581700 15166959 3582300
15166503 3582660 15168213 3583260
15166503 3586500 15167073 3587100
15166503 3592260 15181209 3592860
15166617 3448740 15167301 3449340
15166731 3385860 15167529 3386940
15166731 3466500 15167529 3467580
15166731 3574980 15167529 3576060
15166731 3587940 15167529 3588540
15166959 3366180 15167985 3366780
15166959 3403140 15167757 3404220
15166959 3417540 15167757 3418620
15166959 3457380 15167301 3457980
15166959 3489060 15167757 3489660
15166959 3512100 15167529 3512700
15166959 3520260 15168327 3520860
15166959 3528900 15169125 3529980
15166959 3544740 15168099 3545340
15166959 3546180 15169125 3547260
15167073 3390660 15168897 3391740
15167073 3605220 15167301 3605820
15167187 3374340 15167643 3374940
15167187 3375300 15167643 3375900
15167187 3409380 15167529 3409980
15167187 3414660 15167985 3415260
15167187 3470820 15167529 3471420
15167187 3495300 15169581 3495900
15167187 3530820 15171405 3531420
15167301 3351300 15167757 3351900
15167301 3387780 15170721 3388380
15167301 3527940 15169809 3528540
15167301 3580740 15196599 3581340
15167415 3388740 15168441 3389340
15167415 3389700 15168897 3390300
15167415 3394020 15182121 3394620
15167415 3396420 15167985 3397020
15167415 3397860 15168441 3398460
15167415 3399780 15167985 3400380
15167415 3401220 15168555 3401820
15167415 3447300 15168213 3448380
15167415 3472260 15169011 3473340
15167415 3473700 15169353 3474300
15167415 3492900 15169923 3493500
15167415 3521220 15167985 3521820
15167415 3538020 15168441 3538620
15167415 3541380 15168213 3541980
15167415 3562500 15168213 3563580
15167529 3355140 15169125 3356220
15167529 3457380 15174939 3457980
15167643 3365220 15171177 3365820
15167643 3376260 15168099 3376860
15167643 3459300 15168213 3459900
15167643 3471300 15168669 3471900
15167643 3477540 15170493 3478140
15167643 3479940 15169353 3480540
15167643 3484740 15168099 3485340
15167643 3502500 15169581 3503100
15167643 3512100 15168441 3512700
15167643 3518340 15170493 3518940
15167643 3552900 15169581 3553980
15167643 3555780 15169809 3556380
15167643 3556740 15168099 3557340
15167643 3563940 15169581 3564540
15167757 3374820 15168213 3375420
15167757 3503460 15169809 3504060
15167757 3586020 15169353 3586620
15167871 3381060 15168669 3382140
15167871 3449700 15168441 3450300
15167871 3463140 15182577 3463740
15167871 3564900 15182577 3565500
15167871 3575940 15168669 3577020
15167985 3358020 15168669 3359100
15167985 3398820 15170151 3399420
15167985 3440580 15169125 3441180
15167985 3519300 15169239 3519900
15168099 3350820 15182805 3351420
15168099 3407940 15170037 3408540
15168099 3408900 15169353 3409980
15168099 3416580 15168555 3417180
15168099 3464100 15182805 3464700
15168099 3514500 15168897 3515580
15168099 3543780 15182805 3544380
15168099 3556740 15169125 3557820
15168099 3578820 15175509 3579420
15168099 3584100 15182805 3584700
15168099 3587460 15169125 3588540
15168327 3382500 15173913 3383100
15168327 3402180 15169125 3402780
15168327 3413220 15172089 3413820
15168327 3478980 15169125 3479580
15168327 3489060 15170151 3489660
15168327 3497220 15169125 3497820
15168327 3532740 15169581 3533340
15168327 3550980 15168669 3552060
15168327 3582180 15183033 3582780
15168441 3377220 15169239 3377820
15168441 3466500 15183147 3467100
15168441 3521220 15171861 3521820
15168441 3533700 15169125 3534300
15168441 3554340 15183147 3554940
15168441 3574980 15169353 3575580
15168555 3360900 15170151 3361980
15168555 3374820 15169353 3375420
15168555 3397380 15170151 3397980
15168555 3401220 15169125 3401820
15168555 3450180 15169353 3451260
15168555 3459300 15183261 3459900
15168555 3467940 15169239 3468540
15168555 3476100 15169125 3476700
15168555 3487620 15169353 3488700
15168555 3496260 15169923 3496860
15168555 3512100 15169581 3512700
15168555 3523140 15171861 3523740
15168555 3539940 15169353 3540540
15168555 3590820 15169125 3591420
15168669 3507780 15169125 3508380
15168669 3524580 15174255 3525180
15168783 3400260 15169581 3400860
15168783 3405540 15170949 3406140
15168783 3452580 15169239 3453180
15168783 3454020 15170265 3454620
15168783 3483300 15171861 3483900
15168783 3490980 15169809 3491580
15168783 3515940 15170265 3516540
15168783 3541380 15170721 3541980
15168897 3470340 15169809 3470940
15168897 3480900 15170037 3481980
15168897 3510180 15169809 3510780
15169011 3367620 15170037 3368700
15169011 3379620 15183717 3380220
15169011 3384900 15170265 3385980
15169011 3388740 15173685 3389340
15169011 3394980 15174597 3395580
15169011 3406500 15170607 3407100
15169011 3445380 15169809 3446460
15169011 3448260 15169809 3449340
15169011 3458340 15183717 3458940
15169011 3485700 15170265 3486780
15169011 3522180 15169353 3522780
15169011 3525540 15169809 3526140
15169011 3549540 15183717 3550140
15169125 3513540 15170721 3514620
15169239 3403620 15170379 3404220
15169239 3421380 15170037 3422460
15169239 3423780 15172089 3424380
15169239 3425700 15170493 3426300
15169239 3451620 15183945 3452220
15169239 3461220 15169695 3461820
15169239 3468420 15170037 3469500
15169239 3484260 15170037 3484860
15169239 3509220 15169581 3509820
15169239 3542340 15171405 3543420
15169353 3497700 15169809 3498300
15169353 3565860 15169809 3566460
15169467 3377220 15169923 3377820
15169467 3381060 15170265 3382140
15169467 3391620 15170835 3392220
15169467 3401220 15171063 3402300
15169467 3438660 15170265 3439740
15169467 3440580 15170265 3441660
15169467 3452580 15170265 3453180
15169467 3472260 15171633 3473340
15169467 3478980 15170037 3479580
15169467 3498660 15170949 3499260
15169467 3501540 15171405 3502140
15169695 3355140 15170493 3355740
15169695 3371460 15170493 3372060
15169695 3389700 15174369 3390300
15169695 3471300 15184401 3471900
15169695 3473700 15170493 3474300
15169695 3494340 15170949 3494940
15169695 3511140 15170949 3511740
15169695 3567780 15177105 3568380
15169695 3587940 15177105 3588540
15169809 3487140 15171405 3487740
15169923 3369060 15180981 3369660
15169923 3386340 15172089 3386940
15169923 3392580 15171633 3393180
15169923 3442980 15180981 3443580
15169923 3528900 15170721 3529980
15169923 3539940 15171633 3540540
15169923 3545700 15171633 3546300
15169923 3546660 15170721 3547260
15169923 3557700 15171063 3558300
15169923 3586020 15180981 3586620
15169923 3586980 15180981 3587580
15170037 3363780 15195687 3364380
15170037 3550980 15171177 3551580
15170151 3351780 15172317 3352380
15170151 3362340 15181209 3362940
15170151 3373860 15181209 3374460
15170151 3377220 15170607 3377820
15170151 3402660 15171405 3403260
15170151 3409860 15170949 3410460
15170151 3415620 15170949 3416220
15170151 3434820 15195801 3435420
15170151 3467940 15171291 3468540
15170151 3478500 15171177 3479100
15170151 3479940 15170493 3480540
15170151 3500100 15175737 3500700
15170151 3505380 15170721 3505980
15170151 3534660 15171633 3535260
15170151 3572100 15170721 3572700
15170151 3591300 15173001 3591900
15170379 3366180 15172773 3366780
15170379 3376260 15170835 3376860
15170379 3403620 15171519 3404220
15170379 3502500 15171633 3503100
15170379 3503940 15171177 3505020
15170379 3508260 15171633 3508860
15170379 3512100 15171633 3512700
15170379 3520260 15170949 3520860
15170379 3576420 15171405 3577020
15170493 3509220 15171519 3509820
15170493 3562500 15171633 3563100
15170493 3570660 15170721 3571260
15170607 3357060 15171633 3357660
15170607 3367620 15171405 3368700
15170607 3421380 15196257 3421980
15170607 3477060 15171405 3477660
15170607 3480900 15171861 3481980
15170607 3497700 15171633 3498300
15170607 3510180 15170949 3510780
15170607 3518820 15171633 3519420
15170607 3526980 15171177 3527580
15170607 3535620 15171633 3536220
15170607 3558660 15185313 3559260
15170721 3515940 15172773 3516540
15170835 3358500 15178245 3359100
15170835 3384420 15175053 3385020
15170835 3385380 15174141 3385980
15170835 3387780 15171633 3388380
15170835 3407940 15171633 3408540
15170835 3474180 15171633 3474780
15170835 3485700 15171861 3486780
15170835 3495300 15185541 3495900
15170835 3526020 15171177 3526620
15170835 3528420 15171633 3529020
15170835 3556740 15196485 3557340
15170949 3376740 15178359 3377340
15170949 3430500 15171861 3431100
15170949 3453060 15178359 3453660
15170949 3468900 15178359 3469500
15171063 3361380 15178473 3361980
15171063 3475140 15171861 3476220
15171063 3493380 15171633 3493980
15171063 3505860 15178473 3506460
15171063 3506820 15172659 3507900
15171063 3513060 15171861 3513660
15171063 3529860 15171633 3530460
15171063 3537540 15172773 3538140
15171063 3572100 15185769 3572700
15171063 3583140 15178473 3583740
15171177 3490980 15178587 3491580
15171177 3563940 15171633 3564540
15171291 3381060 15172545 3382140
15171291 3409380 15172317 3409980
15171291 3478980 15196941 3479580
15171291 3496740 15182349 3497340
15171291 3516900 15182349 3517500
15171291 3570660 15182349 3571260
15171405 3479940 15197055 3480540
15171405 3487620 15172089 3488220
15171519 3396420 15172773 3397020
15171519 3397860 15172545 3398460
15171519 3398820 15172545 3399420
15171519 3399780 15172317 3400380
15171519 3406500 15182577 3407100
15171519 3415140 15182577 3415740
15171519 3484260 15182577 3484860
15171519 3489060 15173913 3489660
15171519 3514500 15172545 3515580
15171519 3520260 15172773 3520860
15171519 3531300 15172545 3531900
15171519 3533220 15172545 3533820
15171519 3541380 15172773 3541980
15171633 3501060 15173229 3502140
15171633 3548580 15172089 3549180
15171747 3372420 15172545 3373500
15171747 3391620 15172317 3392220
15171747 3400740 15173457 3401340
15171747 3509220 15172773 3509820
15171747 3574500 15172317 3575100
15171861 3526980 15173457 3528060
15171975 3403140 15173571 3404220
15171975 3441540 15172773 3442620
15171975 3497700 15183033 3498300
15171975 3512100 15172545 3512700
15171975 3528900 15173571 3529980
15171975 3536580 15173913 3537180
15171975 3539940 15173115 3540540
15172089 3405060 15173685 3406140
15172089 3416580 15175281 3417180
15172203 3392580 15172773 3393180
15172203 3432420 15183261 3433020
15172203 3472740 15183261 3473340
15172203 3487620 15173343 3488220
15172203 3492420 15174141 3493020
15172203 3493860 15173229 3494460
15172203 3513540 15173913 3514140
15172203 3523140 15172773 3523740
15172203 3532260 15173343 3532860
15172203 3535620 15174141 3536220
15172203 3538980 15174597 3539580
15172203 3542340 15177789 3542940
15172431 3387780 15173229 3388380
15172431 3409860 15187137 3410460
15172431 3430020 15187137 3430620
15172545 3504420 15174369 3505020
15172545 3526020 15173229 3526620
15172659 3402180 15173457 3402780
15172659 3423780 15183717 3424380
15172659 3447300 15173457 3448380
15172659 3518340 15174597 3518940
15172659 3521220 15172887 3521820
15172887 3351780 15183945 3352380
15172887 3386340 15174141 3386940
15172887 3399300 15187593 3399900
15172887 3408900 15175281 3409500
15172887 3523620 15173913 3524220
15173001 3548580 15184059 3549180
15173115 3381540 15182349 3382140
15173115 3398340 15196941 3398940
15173115 3510660 15174369 3511740
15173229 3515460 15176421 3516060
15173343 3365700 15174597 3366780
15173343 3485220 15174597 3485820
15173343 3486660 15173913 3487260
15173343 3490020 15180753 3490620
15173343 3512100 15182577 3512700
15173343 3522180 15174141 3522780
15173343 3531780 15173913 3532380
15173457 3390660 15174027 3391740
15173457 3401220 15195459 3401820
15173457 3533220 15174369 3533820
15173457 3574020 15173913 3574620
15173571 3392100 15176421 3392700
15173799 3383460 15175053 3384060
15173799 3387780 15174141 3388380
15173799 3440580 15176649 3441180
15173799 3476100 15174369 3476700
15173799 3478020 15181209 3478620
15173799 3481860 15188505 3482460
15173799 3501540 15181209 3502140
15173799 3508740 15176421 3509340
15173799 3509700 15188505 3510300
15173799 3521220 15195801 3521820
15173799 3528420 15174825 3529020
15173799 3537540 15175737 3538140
15173799 3569220 15174141 3569820
15173913 3534180 15174597 3534780
15174027 3396420 15196029 3397020
15174027 3487620 15176193 3488700
15174027 3526020 15175623 3527100
15174255 3388740 15174825 3389340
15174255 3404580 15183489 3405180
15174255 3486660 15188961 3487260
15174255 3489060 15181665 3489660
15174255 3540900 15174597 3541500
15174369 3569220 15198195 3569820
15174483 3393060 15174711 3393660
15174483 3475140 15175281 3475740
15174483 3477060 15196485 3477660
15174483 3480900 15189189 3481500
15174483 3482820 15198309 3483420
15174483 3529860 15175053 3530460
15174483 3539940 15174825 3540540
15174711 3382500 15175053 3383100
15174711 3387300 15176421 3387900
15174711 3525060 15175281 3525660
15174939 3535620 15176649 3536220
15175167 3412740 15175965 3413820
15175167 3493380 15176193 3493980
15175167 3528900 15197169 3529500
15175395 3388260 15176421 3388860
15175395 3504900 15176421 3505500
15175395 3533700 15176421 3534300
15175509 3408900 15190215 3409500
15175623 3382500 15183033 3383100
15175623 3383460 15183033 3384060
15175623 3526020 15176421 3526620
15175851 3418500 15176307 3419100
15175851 3456900 15177561 3457500
15175851 3475140 15197853 3475740
15175851 3524580 15183261 3525180
15175965 3394980 15183375 3395580
15175965 3527460 15183375 3528060
15175965 3536580 15197967 3537180
15175965 3538500 15177105 3539100
15175965 3540900 15183375 3541500
15176079 3384900 15177333 3385500
15176079 3385860 15177333 3386460
15176079 3393060 15183489 3393660
15176079 3499140 15176649 3500220
15176079 3514500 15177105 3515100
15176079 3519780 15183489 3520380
15176079 3522660 15177105 3523260
15176307 3449220 15191013 3449820
15176307 3493860 15176877 3494460
15176307 3511140 15177105 3511740
15176307 3513060 15184059 3513660
15176307 3532260 15176877 3532860
15176307 3537540 15191013 3538140
15176421 3418500 15177105 3419100
15176535 3387780 15177333 3388380
15176763 3388740 15177561 3389820
15176763 3515460 15191469 3516060
15176763 3533220 15178473 3533820
15176763 3552420 15182349 3553020
15176877 3461220 15180639 3461820
15176991 3374820 15184059 3375420
15176991 3392100 15182577 3392700
15176991 3445860 15184059 3446460
15176991 3454500 15184059 3455100
15176991 3487620 15195345 3488220
15176991 3492420 15191697 3493020
15176991 3503460 15184059 3504060
15176991 3531300 15184059 3531900
15176991 3565860 15184059 3566460
15176991 3578340 15184059 3578940
15177219 3499140 15177789 3499740
15177333 3391140 15182919 3391740
15177447 3441060 15181209 3441660
15177447 3510660 15184857 3511260
15177561 3387780 15192267 3388380
15177675 3349860 15183261 3350460
15177903 3514020 15183489 3514620
15177903 3546660 15183489 3547260
15177903 3550500 15183489 3551100
15177903 3562020 15183489 3562620
15178131 3353700 15183717 3354300
15178131 3498660 15183717 3499260
15178245 3573540 15183831 3574140
15178359 3367140 15183945 3367740
15178359 3425700 15183945 3426300
15178359 3547620 15183945 3548220
15178473 3467940 15184059 3468540
15178587 3502500 15179385 3503100
15178587 3535620 15196941 3536220
15178815 3604740 15180525 3605340
15178929 3462180 15179385 3462780
15179271 3542340 15193977 3542940
15179385 3555300 15184059 3555900
15180411 3400260 15195117 3400860
15180639 3370020 15184059 3370620
15180639 3422820 15184059 3423420
15180639 3447300 15195345 3447900
15180753 3604740 15195459 3605340
15180867 3405540 15183717 3406140
15180867 3499620 15183717 3500220
15180867 3530340 15183717 3530940
15180981 3375780 15184059 3376380
15180981 3551460 15184059 3552060
15181095 3356100 15195801 3356700
15181095 3419460 15195801 3420060
15181095 3439140 15184059 3439740
15181095 3465060 15184059 3465660
15181095 3523620 15184059 3524220
15181095 3553380 15184059 3553980
15181095 3576900 15195801 3577500
15181095 3596100 15195801 3596700
15181095 3598020 15195801 3599580
15181095 3600900 15195801 3601500
15181095 3605700 15195801 3606300
15181095 3607620 15195801 3609180
15181209 3594660 15184059 3595260
15181779 3485220 15183717 3485820
15182007 3455460 15184059 3456060
15182235 3354660 15184059 3355260
15182235 3368100 15184059 3368700
15182235 3384420 15183261 3385020
15182235 3402660 15184059 3403260
15182235 3413700 15196941 3414300
15182235 3418020 15184059 3418620
15182235 3424740 15184059 3425340
15182235 3426660 15184059 3427260
15182235 3493860 15184059 3494460
15182235 3532260 15184059 3532860
15182235 3563460 15196941 3564060
15182235 3575460 15184059 3576060
15182463 3366180 15184059 3366780
15182463 3390180 15183489 3390780
15182463 3416100 15184059 3416700
15182463 3438180 15184059 3438780
15182463 3473700 15184059 3474300
15182463 3506340 15183489 3506940
15182463 3518820 15184059 3519420
15182463 3545700 15184059 3546300
15182463 3566820 15184059 3567420
15182463 3585060 15184059 3585660
15182463 3592740 15184059 3593340
15182463 3602340 15184059 3602940
15182577 3525540 15184059 3526140
15182577 3544740 15184059 3545340
15182691 3370980 15183717 3371580
15182691 3380580 15183717 3381180
15182691 3461700 15197397 3462300
15182691 3469860 15184059 3470460
15182691 3539940 15184059 3540540
15182805 3526500 15184059 3527100
15182919 3365220 15184059 3365820
15182919 3389220 15183945 3389820
15183147 3417060 15184059 3417660
15183147 3466020 15184059 3466620
15183147 3500580 15184059 3501180
15183147 3574500 15184059 3575100
15183261 3538980 15184059 3539580
15183375 3372900 15184059 3373500
15183375 3385380 15185427 3385980
15183375 3392100 15184059 3392700
15183375 3456420 15185427 3457020
15183375 3462660 15198081 3463260
15183489 3427620 15184059 3428220
15183603 3350820 15192723 3351420
15183603 3358500 15184059 3359100
15183603 3371940 15184059 3372540
15183603 3407460 15184059 3408060
15183603 3442020 15192723 3442620
15183603 3442980 15192723 3443580
15183603 3457380 15192723 3457980
15183603 3466980 15192723 3467580
15183603 3504420 15192723 3505020
15183603 3543780 15192723 3544380
15183603 3560100 15184059 3560700
15183603 3581700 15198309 3582300
15183603 3586020 15192723 3586620
15183603 3586980 15192723 3587580
15183603 3589860 15184059 3590460
15183603 3590820 15192723 3591420
15183717 3376740 15184059 3377340
15183717 3391140 15184059 3391740
15183717 3443940 15184059 3444540
15183717 3468900 15184059 3469500
15183831 3361380 15184059 3361980
15183831 3384420 15184059 3385020
15183831 3428580 15184059 3429180
15183831 3450660 15184059 3451260
15183831 3505380 15184059 3505980
15183831 3533220 15184059 3533820
15183831 3583140 15184059 3583740
15183945 3347940 15192723 3349500
15183945 3349860 15192723 3350460
15183945 3351780 15192723 3354300
15183945 3359460 15192723 3361020
15183945 3378660 15192723 3379260
15183945 3381540 15192723 3383100
15183945 3393060 15192723 3394620
15183945 3431460 15192723 3433020
15183945 3433380 15192723 3433980
15183945 3441060 15192723 3441660
15183945 3458340 15192723 3459900
15183945 3490020 15192723 3490620
15183945 3498660 15192723 3499260
15183945 3508260 15192723 3508860
15183945 3546660 15192723 3548220
15183945 3561060 15192723 3561660
15183945 3567780 15192723 3568380
15184743 3428100 15195801 3428700
15184743 3438660 15195801 3439260
15185313 3376260 15192723 3376860
15185313 3380580 15196371 3381180
15185313 3390180 15192723 3390780
15185313 3404580 15192723 3405180
15185313 3415140 15196371 3415740
15185313 3514020 15192723 3514620
15185313 3519780 15192723 3520380
15185313 3562020 15192723 3562620
15185541 3557700 15192951 3558300
15186339 3370500 15197397 3371100
15187251 3423300 15194661 3423900
15188391 3366660 15195801 3367260
15188391 3485700 15195801 3486300
15188391 3606660 15195801 3607260
15189759 3365700 15197169 3366300
15190671 3493380 15198081 3494940
15190899 3532740 15198651 3533340
15190899 3533700 15198651 3534300
15191583 3418500 15198651 3419100
15191583 3471300 15198651 3471900
15191583 3538500 15198651 3539100
15192267 3371460 15197853 3372060
15192495 3558660 15198081 3559260
15192609 3354660 15198651 3355260
15192609 3362340 15198195 3362940
15192609 3368100 15198651 3369660
15192609 3373860 15198195 3374460
15192609 3384420 15198651 3386940
15192609 3387300 15198651 3388860
15192609 3391140 15198651 3392700
15192609 3402660 15198651 3403260
15192609 3408420 15198651 3409980
15192609 3416100 15198651 3417660
15192609 3426660 15198651 3427260
15192609 3444900 15198651 3446460
15192609 3448740 15198651 3450300
15192609 3451620 15198651 3454140
15192609 3454500 15198651 3456060
15192609 3456420 15198195 3457020
15192609 3468900 15198651 3470460
15192609 3495780 15198651 3497340
15192609 3499620 15198651 3502140
15192609 3502500 15198651 3504060
15192609 3509220 15198651 3511740
15192609 3512100 15198651 3513660
15192609 3516900 15198651 3518460
15192609 3523620 15198195 3525180
15192609 3525540 15198195 3526140
15192609 3526500 15198651 3528060
15192609 3539940 15198651 3541500
15192609 3565860 15198651 3566460
15192609 3571620 15198195 3572220
15192609 3572580 15198195 3573180
15192609 3573540 15198651 3575100
15192609 3575460 15198195 3576060
15192609 3583140 15198651 3584700
15192609 3585060 15198651 3585660
15192609 3588900 15198651 3590460
15192609 3592740 15198195 3593340
15192609 3593700 15198651 3595260
15192723 3353220 15198309 3353820
15192951 3425220 15198537 3425820
15194775 3351300 15198537 3351900
15195231 3507780 15198651 3508380
15195459 3359940 15197397 3360540
15195459 3379140 15197397 3379740
15195459 3442500 15198651 3443100
15195573 3358020 15197511 3358620
15195687 3348420 15198651 3349020
15195687 3352260 15198537 3352860
15195687 3430980 15198651 3431580
15195687 3432900 15198537 3434460
15195687 3440580 15198651 3441180
15195687 3478020 15198651 3478620
15195687 3552900 15198537 3554460
15195687 3570180 15198651 3570780
15195687 3602820 15198651 3603420
15195915 3349380 15198423 3349980
15196143 3486660 15198651 3487260
15196143 3555780 15198651 3556380
15196257 3382500 15198651 3384060
15196257 3484260 15198651 3484860
15196257 3489060 15198651 3489660
15196599 3550980 15198651 3551580
15196827 3395460 15198651 3396060
15196827 3400260 15198651 3400860
15196827 3410820 15198651 3411420
15196827 3515460 15198651 3516060
15196827 3520260 15198651 3520860
15196941 3443460 15198651 3444060
15197055 3364740 15198651 3365340
15197055 3414660 15198651 3415260
15197055 3460740 15198651 3461340
15197055 3564420 15198651 3565020
15197169 3604740 15198651 3605340
15197283 3350340 15198651 3350940
15197283 3380100 15198651 3380700
15197283 3578820 15198651 3579420
15197397 3363780 15198651 3364380
15197511 3358980 15198651 3359580
15197511 3435780 15198651 3436380
15197511 3436740 15198651 3437340
15197511 3534660 15198651 3535260
15197511 3542340 15198651 3542940
15197511 3551940 15198651 3552540
15197739 3396420 15198651 3397020
15197739 3412740 15198651 3413340
15197739 3465540 15198651 3466140
15197853 3377220 15198651 3377820
15197967 3430020 15198651 3430620
15198081 3366180 15198651 3367740
15198081 3370980 15198651 3372540
15198081 3393060 15198651 3394620
15198081 3401220 15198651 3402300
15198081 3462180 15198651 3462780
15198081 3474660 15198651 3476220
15198081 3476580 15198651 3477180
15198081 3493860 15198651 3495420
15198081 3506340 15198651 3506940
15198081 3561060 15198651 3562620
15198195 3389700 15198651 3390300
15198195 3406980 15198651 3407580
15198195 3456900 15198651 3457500
15198309 3550020 15198651 3550620
15198309 3557700 15198651 3558300
15198309 3580740 15198651 3581340
15198423 3605700 15198651 3607260
15227493 3378660 15336135 3409500
15227493 3440100 15242085 3470460
15227493 3470820 15242085 3501180
15227493 3501540 15242085 3531900
15227493 3532260 15336135 3563100
15227493 3593700 15242085 3608700
15238437 3609060 15240375 3609660
15241971 3347940 15256677 3378300
15241971 3609060 15271269 3609660
15296691 3609060 15298515 3609660
15298401 3440100 15334995 3470460
15298401 3470820 15334995 3501180
15298401 3501540 15334995 3531900
15298401 3593700 15334995 3608700
15327585 3609060 15334995 3609660
15334881 3347940 15468375 3348540
15334881 3409860 15468375 3410940
15334881 3411300 15468375 3411900
15334881 3427140 15468375 3434940
15334881 3437220 15373755 3437820
15334881 3567300 15468375 3571260
15334881 3573540 15468375 3574140
15336021 3443460 15440559 3444060
15440445 3436740 15464271 3437340
15464157 3443460 15466209 3444060
15465297 3437220 15466323 3437820
15466779 3436740 15467007 3437340
15466779 3443460 15467007 3444060
15467463 3437220 15468261 3437820
15467463 3443460 15468261 3444060
