15146781 3348420 15148719 3349020
15146781 3349860 15148377 3350460
15146781 3350820 15148263 3351900
15146781 3352260 15148605 3352860
15146781 3353700 15150201 3354300
15146781 3354660 15148263 3355740
15146781 3356100 15152367 3356700
15146781 3357540 15148263 3358620
15146781 3358980 15148263 3359580
15146781 3359940 15148605 3360540
15146781 3361380 15148263 3362460
15146781 3362820 15148263 3363420
15146781 3363780 15148605 3364380
15146781 3365220 15148263 3368220
15146781 3368580 15148605 3369180
15146781 3370020 15154191 3370620
15146781 3370980 15148263 3373980
15146781 3374340 15149973 3374940
15146781 3375780 15148263 3377820
15146781 3378660 15149061 3379260
15146781 3379620 15148719 3380220
15146781 3381060 15149973 3381660
15146781 3382020 15152367 3382620
15146781 3382980 15147921 3384060
15146781 3384420 15150543 3385020
15146781 3385860 15149973 3386460
15146781 3386820 15147921 3387900
15146781 3388260 15149973 3388860
15146781 3389700 15150543 3390300
15146781 3390660 15147693 3391260
15146781 3391620 15149973 3392700
15146781 3393060 15148719 3393660
15146781 3394020 15157839 3394620
15146781 3395460 15149973 3396540
15146781 3396900 15148719 3398460
15146781 3399300 15152367 3399900
15146781 3400260 15150885 3400860
15146781 3401220 15149973 3402300
15146781 3402660 15149973 3403260
15146781 3403620 15150201 3404220
15146781 3405060 15150543 3405660
15146781 3406020 15154191 3406620
15146781 3406980 15149289 3407580
15146781 3407940 15149973 3409020
15146781 3409380 15148833 3409980
15146781 3410340 15152367 3410940
15146781 3411780 15154191 3412380
15146781 3412740 15148719 3413820
15146781 3414180 15149973 3414780
15146781 3415140 15150543 3415740
15146781 3416580 15156015 3417180
15146781 3417540 15148377 3418620
15146781 3419460 15148377 3420540
15146781 3420900 15149289 3421500
15146781 3421860 15147807 3422460
15146781 3422820 15153279 3423420
15146781 3424260 15156015 3424860
15146781 3425220 15149973 3425820
15146781 3426180 15149973 3427260
15146781 3428100 15148719 3429180
15146781 3429540 15149061 3430140
15146781 3430980 15150543 3431580
15146781 3431940 15149061 3432540
15146781 3432900 15147921 3433980
15146781 3434340 15152367 3434940
15146781 3435780 15150201 3436380
15146781 3436740 15149973 3437820
15146781 3438180 15148377 3438780
15146781 3439620 15148719 3440700
15146781 3441060 15152367 3441660
15146781 3442500 15150543 3443100
15146781 3443460 15148719 3444540
15146781 3444900 15149973 3445500
15146781 3446340 15150885 3446940
15146781 3447300 15150543 3447900
15146781 3448260 15150543 3448860
15146781 3449220 15157839 3449820
15146781 3450180 15150543 3450780
15146781 3451140 15148719 3452220
15146781 3452580 15148833 3453180
15146781 3454020 15150201 3454620
15146781 3454980 15149289 3455580
15146781 3455940 15147921 3457020
15146781 3457380 15150543 3457980
15146781 3458820 15152367 3459420
15146781 3459780 15149973 3460860
15146781 3461220 15148377 3461820
15146781 3462180 15150543 3462780
15146781 3463620 15148263 3464220
15146781 3464580 15150201 3465180
15146781 3466020 15148263 3467100
15146781 3467460 15148263 3468060
15146781 3468900 15149973 3469500
15146781 3470820 15150885 3471420
15146781 3471780 15148263 3474780
15146781 3475140 15149973 3475740
15146781 3476580 15148263 3478620
15146781 3479460 15152367 3480060
15146781 3480420 15149973 3481020
15146781 3481380 15148263 3482460
15146781 3483300 15150543 3483900
15146781 3484260 15149973 3484860
15146781 3485220 15148263 3486300
15146781 3487140 15150543 3487740
15146781 3488100 15148263 3491100
15146781 3491460 15148263 3492060
15146781 3492900 15148263 3494940
15146781 3495300 15148263 3495900
15146781 3496740 15149973 3497340
15146781 3498660 15148263 3499740
15146781 3500100 15148263 3500700
15146781 3501060 15147921 3501660
15146781 3502500 15148263 3503580
15146781 3503940 15148263 3504540
15146781 3504900 15148605 3505500
15146781 3506340 15148263 3507420
15146781 3507780 15148263 3508380
15146781 3509220 15148263 3511260
15146781 3511620 15148263 3512220
15146781 3513060 15148263 3515100
15146781 3515460 15149973 3516060
15146781 3516900 15149973 3517500
15146781 3518820 15148263 3519900
15146781 3520260 15148263 3520860
15146781 3521220 15150543 3521820
15146781 3522660 15148263 3523740
15146781 3524100 15148263 3524700
15146781 3525060 15148605 3525660
15146781 3526500 15148263 3527580
15146781 3527940 15148263 3528540
15146781 3529380 15149973 3529980
15146781 3531300 15150201 3531900
15146781 3532260 15148263 3535260
15146781 3535620 15149973 3536220
15146781 3537060 15148263 3539100
15146781 3539940 15150543 3540540
15146781 3540900 15148263 3541500
15146781 3541860 15148263 3542460
15146781 3542820 15150201 3543420
15146781 3544260 15150543 3544860
15146781 3545220 15148719 3546300
15146781 3546660 15150543 3547260
15146781 3548100 15148149 3548700
15146781 3549060 15148833 3549660
15146781 3550020 15147921 3550620
15146781 3550980 15149973 3552060
15146781 3552420 15148605 3553020
15146781 3553380 15150543 3554940
15146781 3555300 15150543 3555900
15146781 3556260 15150885 3556860
15146781 3557700 15148833 3558300
15146781 3558660 15149289 3559260
15146781 3559620 15148719 3560700
15146781 3561540 15150885 3562140
15146781 3562500 15148719 3563580
15146781 3564420 15150543 3565020
15146781 3565380 15147921 3566460
15146781 3566820 15150543 3567420
15146781 3567780 15150201 3568380
15146781 3568740 15147009 3569340
15146781 3569700 15148263 3571740
15146781 3572100 15148263 3572700
15146781 3573540 15148263 3575580
15146781 3575940 15148263 3576540
15146781 3577380 15148263 3579420
15146781 3580260 15157839 3580860
15146781 3581220 15149973 3581820
15146781 3582180 15148263 3583260
15146781 3584100 15148719 3584700
15146781 3585060 15148263 3587100
15146781 3587940 15147807 3588540
15146781 3589860 15148263 3591900
15146781 3592260 15149973 3592860
15146781 3593700 15149973 3594300
15146781 3595620 15150201 3596220
15146781 3596580 15148263 3597660
15146781 3598020 15149289 3598620
15146781 3599460 15148263 3600540
15146781 3600900 15148377 3601980
15146781 3602340 15152367 3602940
15146781 3603780 15150201 3604380
15146781 3604740 15147921 3605820
15146781 3606180 15150885 3606780
15146781 3607620 15148719 3608220
15146781 3608580 15157839 3609180
15147579 3568740 15148377 3569340
15148035 3390660 15149061 3391260
15148149 3469860 15150201 3470460
15148149 3497700 15149973 3498300
15148149 3501540 15149517 3502140
15148149 3517860 15149973 3518460
15148149 3530340 15149973 3530940
15148149 3587460 15149175 3588060
15148149 3588900 15149175 3589500
15148149 3594660 15149061 3595260
15148263 3527460 15149973 3528060
15148263 3575460 15149973 3576060
15148491 3372420 15150201 3373020
15148491 3376260 15151341 3376860
15148491 3418980 15149517 3419580
15148491 3473220 15150201 3473820
15148491 3477060 15149973 3477660
15148491 3489540 15153165 3490140
15148491 3493380 15150201 3493980
15148491 3499620 15150201 3500220
15148491 3509700 15150201 3510300
15148491 3513540 15150201 3514140
15148491 3533700 15149973 3534300
15148491 3537540 15152253 3538140
15148491 3541380 15149517 3541980
15148491 3570180 15150201 3570780
15148491 3574020 15149973 3574620
15148491 3585540 15150429 3586140
15148491 3590340 15149289 3590940
15148605 3366180 15150429 3366780
15148605 3463140 15150201 3463740
15148605 3503460 15149631 3504060
15148605 3511140 15150429 3511740
15148605 3523620 15149973 3524220
15148605 3600420 15149517 3601020
15148719 3438180 15149745 3438780
15148947 3358980 15150885 3359580
15148947 3417540 15150201 3418620
15148947 3419940 15149973 3420540
15148947 3461220 15150657 3461820
15148947 3491460 15149745 3492540
15149061 3466500 15149517 3467100
15149061 3494340 15149289 3494940
15149061 3507780 15149745 3508380
15149061 3550020 15149517 3550620
15149403 3350340 15150201 3351420
15149403 3351780 15149859 3352380
15149403 3368580 15150201 3369660
15149403 3377220 15149973 3377820
15149403 3393060 15149973 3393660
15149403 3409380 15154989 3409980
15149403 3428580 15149745 3429180
15149403 3431940 15151797 3432540
15149403 3439620 15150201 3440700
15149403 3443940 15150429 3444540
15149403 3452100 15150201 3453180
15149403 3472260 15150657 3472860
15149403 3525060 15151797 3525660
15149403 3549060 15150429 3549660
15149403 3559620 15149973 3560220
15149403 3586500 15150201 3587580
15149403 3598020 15150201 3599100
15149631 3370980 15158865 3371580
15149631 3454980 15151341 3455580
15149631 3467940 15150201 3468540
15149631 3488100 15153393 3488700
15149631 3504420 15150429 3505020
15149631 3569220 15151569 3569820
15149745 3588900 15149973 3589500
15149859 3352740 15152709 3353340
15149859 3358020 15150201 3358620
15149859 3361860 15151797 3362460
15149859 3378180 15150657 3379260
15149859 3380100 15152709 3380700
15149859 3382980 15150885 3384060
15149859 3386820 15150885 3387420
15149859 3398340 15151569 3398940
15149859 3406980 15153393 3407580
15149859 3421860 15151797 3422460
15149859 3427620 15153165 3428220
15149859 3429060 15150657 3430140
15149859 3432900 15151797 3433500
15149859 3455940 15151113 3456540
15149859 3465540 15150429 3466140
15149859 3494340 15152481 3495420
15149859 3502020 15150885 3502620
15149859 3505380 15152709 3505980
15149859 3514500 15150201 3515100
15149859 3519300 15150429 3519900
15149859 3560580 15151797 3561180
15149859 3565380 15151569 3565980
15149859 3582180 15153621 3582780
15149859 3583620 15150657 3584700
15149859 3587940 15151341 3588540
15149859 3599460 15151797 3600060
15149859 3600900 15150201 3601980
15149859 3604740 15151797 3605340
15149973 3347940 15150885 3348540
15149973 3522180 15150657 3522780
15150087 3364740 15152253 3365820
15150087 3390660 15152025 3391740
15150087 3394980 15150543 3395580
15150087 3396420 15150885 3397500
15150087 3418980 15153393 3419580
15150087 3420900 15150657 3421500
15150087 3466500 15150657 3467100
15150087 3474180 15152253 3475260
15150087 3480900 15152253 3481980
15150087 3485700 15152253 3486780
15150087 3496260 15152253 3497340
15150087 3498180 15150885 3499260
15150087 3502980 15152253 3504060
15150087 3506820 15152253 3507900
15150087 3527940 15151113 3529020
15150087 3529860 15150657 3530460
15150087 3532740 15152253 3535740
15150087 3538500 15152253 3539580
15150087 3541380 15152253 3542460
15150087 3545220 15152253 3546300
15150087 3558660 15152253 3559740
15150087 3562500 15151113 3563580
15150087 3571620 15151341 3572220
15150087 3575940 15152025 3576540
15150087 3576900 15152253 3579900
15150087 3589380 15152253 3592380
15150315 3385860 15150657 3386460
15150315 3388260 15152253 3388860
15150315 3402660 15150657 3403260
15150315 3425220 15150885 3425820
15150315 3435780 15151455 3436380
15150315 3478020 15151113 3479100
15150315 3509700 15152481 3510780
15150315 3550020 15152937 3550620
15150315 3557700 15154989 3558300
15150315 3596100 15152025 3596700
15150315 3607140 15151113 3607740
15150429 3413700 15151569 3414300
15150429 3519780 15151569 3520380
15150543 3349860 15152025 3350460
15150543 3373860 15151341 3374460
15150543 3389700 15151569 3390300
15150543 3457380 15151341 3457980
15150543 3500100 15152025 3500700
15150543 3513060 15151341 3513660
15150543 3523140 15152025 3523740
15150543 3548100 15152709 3548700
15150543 3574020 15151569 3574620
15150543 3594180 15151797 3594780
15150543 3603780 15151227 3604380
15150771 3392100 15160005 3392700
15150771 3460260 15152709 3460860
15150771 3508740 15152025 3509340
15150771 3514980 15154533 3515580
15150771 3517380 15152481 3517980
15150771 3543300 15151113 3544380
15150771 3551940 15151569 3553020
15150771 3564420 15152481 3565020
15150771 3600420 15156357 3601020
15150885 3404100 15152481 3405180
15150885 3472260 15151569 3472860
15150885 3584580 15152481 3585660
15150999 3348420 15154761 3349020
15150999 3387300 15151797 3387900
15150999 3403140 15152025 3403740
15150999 3442500 15151797 3443580
15150999 3443940 15154761 3444540
15150999 3451140 15152025 3452220
15150999 3466500 15152025 3467100
15150999 3497700 15152025 3498300
15150999 3566340 15151797 3567420
15150999 3586980 15153165 3587580
15151227 3354180 15152481 3354780
15151227 3359940 15151797 3360540
15151227 3378180 15152253 3378780
15151227 3384420 15152253 3385020
15151227 3385860 15152481 3386460
15151227 3425220 15152481 3425820
15151227 3428580 15153621 3429180
15151227 3456420 15152481 3457020
15151227 3471300 15152025 3471900
15151227 3521220 15152709 3521820
15151227 3522180 15152709 3522780
15151227 3539940 15155445 3540540
15151341 3455460 15151569 3456060
15151341 3465540 15151569 3466140
15151341 3554340 15151797 3554940
15151341 3603780 15152481 3604380
15151455 3374820 15152937 3375420
15151455 3382980 15152253 3384060
15151455 3397380 15152481 3397980
15151455 3436740 15152481 3437340
15151455 3437700 15153849 3438300
15151455 3444900 15158865 3445500
15151455 3447300 15152253 3448380
15151455 3461700 15152253 3462300
15151455 3473220 15153393 3473820
15151455 3477060 15152253 3477660
15151455 3478500 15152253 3479100
15151455 3493380 15152937 3493980
15151455 3498660 15152481 3499260
15151455 3544260 15152481 3544860
15151455 3555780 15152025 3556860
15151455 3561540 15152709 3562140
15151455 3562500 15152481 3563100
15151455 3573060 15152937 3573660
15151455 3605700 15152481 3606300
15151683 3426180 15152481 3426780
15151683 3429540 15153165 3430140
15151683 3440100 15153165 3440700
15151683 3452580 15153621 3453180
15151683 3454020 15152823 3455100
15151683 3464580 15153621 3465180
15151683 3470340 15152481 3470940
15151683 3482820 15153165 3483420
15151683 3484740 15154077 3485340
15151683 3527460 15155103 3528060
15151683 3528420 15152253 3529020
15151683 3543300 15153621 3543900
15151683 3546660 15157269 3547260
15151683 3567780 15152709 3568380
15151683 3572100 15152481 3572700
15151683 3606660 15155445 3607260
15151797 3357060 15152937 3357660
15151797 3360420 15152481 3361020
15151797 3373380 15152481 3373980
15151797 3511620 15153279 3512220
15151797 3571140 15153165 3571740
15151797 3592740 15152481 3593340
15151911 3369060 15152709 3369660
15151911 3395940 15158409 3396540
15151911 3413700 15153165 3414300
15151911 3414660 15154989 3415260
15151911 3465540 15153165 3466140
15151911 3476100 15152823 3476700
15151911 3512580 15152481 3513180
15151911 3525060 15152709 3526140
15151911 3531780 15152937 3532380
15151911 3554820 15152709 3555420
15151911 3598020 15153621 3598620
15152025 3402180 15152937 3402780
15152139 3351300 15152481 3352380
15152139 3355140 15154989 3355740
15152139 3358020 15153621 3358620
15152139 3361380 15154761 3361980
15152139 3362820 15153279 3363900
15152139 3367140 15153165 3367740
15152139 3377220 15155901 3377820
15152139 3412740 15155901 3413340
15152139 3417540 15155901 3418140
15152139 3421380 15154077 3421980
15152139 3438660 15154761 3439740
15152139 3462660 15154761 3463260
15152139 3463620 15153165 3464220
15152139 3467460 15153279 3468540
15152139 3483780 15153165 3484380
15152139 3487140 15153849 3487740
15152139 3490980 15155445 3491580
15152139 3492420 15153165 3493020
15152139 3499620 15152481 3500220
15152139 3508260 15153165 3508860
15152139 3514020 15156813 3514620
15152139 3515940 15156813 3516540
15152139 3520260 15152481 3520860
15152139 3526500 15156813 3527100
15152139 3529380 15153393 3529980
15152139 3568740 15153393 3569340
15152139 3574020 15154077 3574620
15152139 3581220 15155673 3581820
15152139 3583140 15156813 3583740
15152139 3595140 15154077 3595740
15152139 3597060 15153165 3597660
15152139 3607620 15153165 3608220
15152253 3433380 15152595 3433980
15152253 3446820 15152937 3447420
15152367 3358980 15153165 3359580
15152367 3365700 15153393 3366300
15152367 3381540 15155445 3382140
15152367 3383940 15153165 3384540
15152367 3391140 15153279 3391740
15152367 3398340 15155217 3398940
15152367 3399780 15153051 3400380
15152367 3430980 15152709 3432060
15152367 3434820 15153165 3435420
15152367 3435780 15159777 3436380
15152367 3455460 15154305 3456060
15152367 3457380 15154533 3457980
15152367 3461220 15152937 3461820
15152367 3466500 15153849 3467100
15152367 3478020 15152937 3478620
15152367 3478980 15153165 3479580
15152367 3479940 15154305 3480540
15152367 3480900 15153165 3481500
15152367 3501060 15153393 3501660
15152367 3502020 15153165 3502620
15152367 3506340 15154761 3506940
15152367 3518820 15157953 3519420
15152367 3533700 15153165 3534300
15152367 3535620 15153393 3536220
15152367 3536580 15153165 3537180
15152367 3569700 15153621 3570300
15152367 3575460 15156129 3576060
15152367 3577860 15153393 3578460
15152367 3588900 15154077 3589500
15152595 3349380 15152937 3349980
15152595 3356100 15153621 3356700
15152595 3373860 15153621 3374460
15152595 3384900 15154761 3387900
15152595 3407940 15153393 3409020
15152595 3426660 15153051 3427260
15152595 3442500 15153393 3443580
15152595 3450180 15152937 3450780
15152595 3451140 15153393 3452220
15152595 3458820 15154305 3459420
15152595 3468900 15153621 3469500
15152595 3470340 15154761 3471420
15152595 3474180 15153165 3474780
15152595 3503940 15154761 3505020
15152595 3509220 15153621 3509820
15152595 3551940 15153393 3553020
15152595 3555780 15153279 3556860
15152595 3565860 15153849 3566460
15152595 3587940 15153621 3588540
15152709 3382980 15153051 3383580
15152709 3538020 15153165 3538620
15152709 3540900 15153279 3541500
15152823 3360420 15153279 3361020
15152823 3364740 15153849 3365340
15152823 3495780 15154761 3496380
15152823 3542340 15154533 3542940
15152823 3563460 15154761 3564540
15152823 3593220 15154419 3594300
15152823 3598980 15154419 3600060
15152823 3601860 15154761 3602460
15152823 3604740 15154761 3605820
15152937 3378180 15154533 3379260
15152937 3403620 15153165 3404220
15153051 3351300 15153279 3351900
15153051 3353700 15153849 3354300
15153051 3380100 15154077 3380700
15153051 3430500 15155901 3431100
15153051 3448260 15154077 3448860
15153051 3498180 15153849 3499260
15153051 3505380 15154305 3505980
15153051 3513060 15153621 3513660
15153051 3517380 15154989 3517980
15153051 3520260 15154761 3520860
15153051 3532260 15154077 3532860
15153051 3549060 15153849 3550140
15153051 3559620 15153849 3560700
15153051 3561540 15153279 3562140
15153051 3564900 15154077 3565500
15153051 3584100 15155217 3584700
15153051 3590820 15154077 3591420
15153051 3591780 15154077 3592380
15153051 3602820 15154989 3603420
15153165 3358980 15154761 3360060
15153165 3372420 15154761 3373500
15153165 3450180 15155103 3450780
15153165 3585540 15154761 3586620
15153279 3368580 15153849 3369180
15153279 3402180 15154761 3402780
15153279 3422820 15154419 3423420
15153279 3425220 15154077 3426300
15153279 3440580 15155445 3441180
15153279 3477060 15154305 3477660
15153279 3494820 15154533 3495420
15153279 3510180 15155217 3510780
15153279 3524100 15154305 3524700
15153279 3534660 15153849 3535260
15153279 3553860 15154077 3554940
15153279 3573060 15160689 3573660
15153279 3596100 15153621 3596700
15153393 3390180 15154761 3390780
15153393 3488100 15153849 3488700
15153507 3363780 15155445 3364380
15153507 3366180 15154989 3366780
15153507 3367620 15154761 3368220
15153507 3375300 15154533 3375900
15153507 3389220 15153735 3389820
15153507 3418500 15154533 3419100
15153507 3446340 15160005 3446940
15153507 3475140 15154305 3475740
15153507 3480900 15155445 3481500
15153507 3482820 15154305 3483420
15153507 3490020 15154305 3490620
15153507 3493380 15154077 3493980
15153507 3536100 15154875 3536700
15153507 3550500 15159093 3551100
15153507 3551460 15153849 3552060
15153621 3352740 15153849 3353340
15153621 3529860 15153849 3530460
15153735 3419460 15154533 3420540
15153735 3432420 15154305 3433020
15153735 3452100 15154533 3453180
15153735 3453540 15154989 3454140
15153735 3469380 15154761 3469980
15153735 3483780 15154533 3484380
15153735 3501060 15154533 3501660
15153735 3512580 15155103 3513180
15153735 3528900 15154305 3529500
15153735 3538020 15154533 3538620
15153735 3538980 15154305 3539580
15153735 3587460 15155217 3588060
15153735 3597060 15154761 3597660
15153849 3388260 15155217 3388860
15153849 3496740 15154761 3497340
15153849 3551940 15154305 3552540
15153963 3400260 15156129 3400860
15153963 3403140 15154533 3403740
15153963 3436740 15155901 3437340
15153963 3441540 15155901 3442620
15153963 3473220 15154761 3474300
15153963 3487620 15154761 3488220
15153963 3497700 15155331 3498300
15153963 3499620 15155787 3500220
15153963 3530820 15155217 3531900
15153963 3544260 15157497 3544860
15153963 3556740 15154989 3557340
15153963 3570180 15156357 3570780
15153963 3589860 15155217 3590460
15154077 3421860 15155445 3422460
15154077 3431460 15154305 3432060
15154077 3460740 15156585 3461340
15154191 3404580 15155445 3405180
15154191 3454500 15155445 3455100
15154191 3476100 15156813 3476700
15154191 3508740 15155787 3509820
15154191 3525060 15155787 3526140
15154191 3529860 15155673 3530460
15154191 3541380 15154761 3541980
15154191 3543300 15154989 3543900
15154191 3548580 15154761 3549180
15154191 3554820 15154989 3555900
15154191 3572100 15155103 3572700
15154191 3578820 15155445 3579420
15154191 3588420 15155901 3589020
15154191 3591300 15155217 3591900
15154305 3374340 15154989 3374940
15154305 3405540 15155787 3406140
15154305 3407460 15156243 3408060
15154305 3448260 15159891 3448860
15154305 3478020 15158067 3478620
15154419 3349380 15156357 3349980
15154419 3353700 15155901 3354300
15154419 3357060 15155217 3358140
15154419 3369540 15155217 3370140
15154419 3382980 15157269 3383580
15154419 3383940 15159093 3384540
15154419 3399300 15156129 3399900
15154419 3411300 15158181 3411900
15154419 3426180 15155445 3427260
15154419 3428580 15155217 3429180
15154419 3458340 15155331 3458940
15154419 3464580 15156357 3465180
15154419 3466500 15156357 3467100
15154419 3492420 15155331 3493020
15154419 3568740 15155445 3569340
15154419 3577860 15159093 3578460
15154533 3356100 15154989 3356700
15154533 3427620 15157953 3428220
15154533 3429540 15156357 3430140
15154533 3433860 15155331 3434940
15154533 3463620 15156129 3464220
15154533 3465540 15156813 3466140
15154533 3560580 15158295 3561180
15154533 3594660 15158637 3595260
15154533 3598020 15154989 3598620
15154647 3350340 15155901 3350940
15154647 3351300 15155787 3352380
15154647 3352740 15155901 3353340
15154647 3360420 15155445 3361020
15154647 3362820 15155445 3363420
15154647 3380100 15155673 3380700
15154647 3389220 15155901 3389820
15154647 3391140 15155445 3391740
15154647 3410340 15157497 3410940
15154647 3420420 15157497 3421020
15154647 3423300 15157725 3423900
15154647 3455940 15155103 3456540
15154647 3479460 15157497 3480060
15154647 3484740 15155445 3485340
15154647 3485700 15157497 3486300
15154647 3489540 15158409 3490140
15154647 3498660 15155901 3499260
15154647 3501060 15155445 3502140
15154647 3502980 15155445 3503580
15154647 3507300 15156585 3507900
15154647 3511140 15155673 3511740
15154647 3521220 15155445 3521820
15154647 3522180 15155901 3522780
15154647 3528900 15155103 3529500
15154647 3533700 15155445 3534300
15154647 3534660 15155445 3535260
15154647 3545700 15156357 3546300
15154647 3561540 15156585 3562140
15154647 3567300 15154989 3568380
15154647 3574020 15156129 3574620
15154647 3576420 15160233 3577020
15154647 3595620 15157155 3596220
15154647 3603780 15155217 3604380
15154875 3358500 15156129 3359100
15154875 3403140 15156471 3404220
15154875 3408420 15155901 3409020
15154875 3461700 15155901 3462300
15154875 3468420 15155445 3469020
15154875 3523140 15157041 3524220
15154875 3541860 15156585 3542460
15154875 3549540 15157497 3550140
15154875 3592260 15157041 3593340
15154875 3598980 15157041 3600060
15154989 3406500 15155217 3407100
15154989 3469380 15156585 3470460
15154989 3582180 15155331 3582780
15155103 3364740 15157269 3365820
15155103 3375300 15156699 3376380
15155103 3390180 15155673 3390780
15155103 3401220 15155445 3402300
15155103 3425220 15157497 3425820
15155103 3455460 15156129 3456060
15155103 3474180 15157269 3475260
15155103 3481860 15156699 3482940
15155103 3506340 15155787 3506940
15155103 3537060 15157497 3537660
15155103 3548580 15158637 3549180
15155103 3555780 15156699 3556860
15155103 3562500 15155445 3563580
15155103 3564420 15156699 3565500
15155217 3432420 15157725 3433020
15155217 3585060 15155901 3585660
15155331 3372900 15156357 3373500
15155331 3387300 15155673 3387900
15155331 3452100 15156129 3453180
15155331 3472260 15156357 3472860
15155331 3486660 15157041 3487260
15155331 3487620 15157269 3488700
15155331 3493380 15157269 3494460
15155331 3494820 15156129 3495420
15155331 3496260 15156927 3497340
15155331 3503940 15155787 3504540
15155331 3505380 15157041 3505980
15155331 3532740 15156357 3533340
15155331 3538500 15156927 3539580
15155331 3557700 15157269 3558300
15155331 3571140 15156927 3572220
15155331 3601860 15156927 3602940
15155331 3604740 15156927 3605820
15155445 3367620 15157041 3368700
15155559 3359940 15157497 3360540
15155559 3413700 15157269 3414300
15155559 3484260 15159777 3484860
15155559 3500580 15156585 3501180
15155559 3510180 15156813 3510780
15155559 3528420 15157269 3529020
15155559 3554820 15157497 3555420
15155559 3563460 15156813 3564060
15155559 3566340 15157269 3566940
15155673 3431460 15157269 3432060
15155787 3366180 15160461 3366780
15155787 3373860 15157725 3374460
15155787 3384900 15156585 3385980
15155787 3434820 15156243 3435420
15155787 3470820 15157725 3471420
15155787 3473220 15157725 3473820
15155787 3483300 15158637 3483900
15155787 3520740 15157041 3521340
15155787 3534660 15156813 3535260
15155787 3568260 15156813 3568860
15155787 3587460 15156357 3588060
15155901 3386340 15156357 3386940
15155901 3508260 15156243 3508860
15156015 3352260 15156585 3352860
15156015 3360900 15157041 3361500
15156015 3380100 15157041 3380700
15156015 3388260 15157497 3388860
15156015 3397380 15157383 3397980
15156015 3417060 15157497 3417660
15156015 3418500 15165249 3419100
15156015 3430500 15156471 3431100
15156015 3437700 15157497 3438300
15156015 3442500 15156813 3443580
15156015 3443940 15156471 3444540
15156015 3524580 15157041 3525180
15156015 3525540 15160233 3526140
15156015 3539940 15156813 3540540
15156015 3551940 15156813 3553020
15156015 3590340 15157041 3590940
15156129 3389220 15158067 3389820
15156129 3406500 15157155 3407100
15156129 3593700 15156813 3594300
15156129 3603780 15156357 3604380
15156243 3376740 15156699 3377340
15156243 3456900 15158637 3457500
15156243 3480420 15158637 3481020
15156243 3530340 15160461 3530940
15156243 3535620 15156813 3536700
15156243 3607140 15160005 3607740
15156357 3514980 15157269 3515580
15156357 3516900 15157269 3517500
15156471 3363300 15157497 3363900
15156471 3416100 15157041 3416700
15156471 3441540 15163881 3442140
15156471 3455940 15158409 3456540
15156471 3461700 15157269 3462780
15156471 3471780 15157497 3472380
15156471 3498660 15157041 3499260
15156471 3512580 15157497 3513180
15156471 3527460 15157953 3528060
15156471 3529380 15157953 3529980
15156471 3586980 15159321 3587580
15156471 3597540 15157269 3598140
15156585 3378180 15159549 3378780
15156585 3386340 15162171 3386940
15156585 3390180 15160005 3390780
15156585 3531780 15160347 3532380
15156699 3354180 15157497 3355260
15156699 3358980 15157269 3359580
15156699 3376260 15159549 3376860
15156699 3400260 15158637 3401340
15156699 3433860 15157497 3434940
15156699 3450180 15157497 3451260
15156699 3452100 15157497 3453180
15156699 3457860 15157497 3458940
15156699 3492420 15158637 3493020
15156699 3497700 15158409 3498300
15156699 3501060 15157497 3501660
15156699 3502020 15157725 3503100
15156699 3507780 15157269 3508380
15156699 3521700 15159093 3522300
15156699 3553860 15157497 3554460
15156699 3558660 15158409 3559260
15156699 3581700 15157497 3582300
15156699 3584580 15157269 3585180
15156699 3587940 15157497 3588540
15156699 3588900 15157725 3589500
15156699 3600900 15157269 3601500
15156813 3361860 15159777 3362460
15156813 3381060 15158181 3381660
15156813 3401700 15160575 3402300
15156813 3426180 15157725 3427260
15156813 3490500 15157953 3491100
15156813 3533700 15157497 3534780
15156813 3578820 15157497 3579900
15156813 3586020 15160917 3586620
15156927 3348420 15164337 3349980
15156927 3352740 15159777 3353340
15156927 3355620 15158409 3356220
15156927 3407940 15159093 3408540
15156927 3415140 15171633 3415740
15156927 3419460 15158637 3420060
15156927 3424260 15158865 3424860
15156927 3440580 15157497 3441180
15156927 3460260 15159777 3460860
15156927 3495300 15157269 3495900
15156927 3561540 15161601 3562140
15156927 3567300 15157953 3568380
15156927 3582660 15157497 3583260
15156927 3604260 15158181 3604860
15156927 3606180 15160461 3606780
15157041 3398820 15158181 3399420
15157041 3463620 15160119 3464220
15157041 3511620 15157497 3512220
15157155 3351300 15157953 3352380
15157155 3357060 15158865 3357660
15157155 3358020 15158409 3358620
15157155 3370020 15159093 3370620
15157155 3371940 15158637 3372540
15157155 3372900 15160917 3373500
15157155 3393060 15157953 3393660
15157155 3404100 15160917 3404700
15157155 3405540 15158865 3406140
15157155 3412260 15168213 3412860
15157155 3421380 15157725 3422460
15157155 3428580 15157953 3429180
15157155 3436740 15160917 3437340
15157155 3438660 15157497 3439260
15157155 3491460 15157497 3492060
15157155 3499140 15157383 3499740
15157155 3504420 15160917 3505020
15157155 3505860 15158181 3506940
15157155 3513540 15157953 3514140
15157155 3515940 15158637 3516540
15157155 3532740 15157725 3533340
15157155 3539940 15162741 3540540
15157155 3542340 15157725 3542940
15157155 3552900 15157725 3553500
15157155 3555780 15157953 3556380
15157155 3556740 15158181 3557340
15157155 3562500 15157839 3563580
15157155 3564420 15157725 3565020
15157155 3565380 15160917 3565980
15157155 3583620 15158637 3584220
15157155 3589860 15159321 3590460
15157155 3591300 15157839 3592380
15157155 3602820 15157953 3603420
15157269 3408900 15160119 3409500
15157269 3430500 15157953 3431100
15157269 3459300 15157497 3459900
15157269 3596100 15158865 3597180
15157383 3364260 15157953 3364860
15157383 3403140 15157953 3403740
15157383 3406500 15158523 3407100
15157383 3439620 15158181 3440220
15157383 3461700 15158409 3462300
15157383 3467460 15159549 3468540
15157383 3481860 15159549 3482940
15157383 3494340 15159549 3495420
15157383 3545220 15158865 3545820
15157383 3551460 15157953 3552060
15157383 3574500 15158409 3575100
15157383 3599940 15159549 3601020
15157383 3601860 15159093 3602460
15157611 3431460 15159321 3432060
15157611 3454500 15158409 3455100
15157611 3464580 15158409 3465660
15157611 3500100 15158865 3500700
15157611 3510660 15159549 3511740
15157611 3528420 15160461 3529020
15157611 3538020 15160005 3538620
15157611 3538980 15160005 3539580
15157611 3585060 15157953 3585660
15157611 3592740 15158637 3593340
15157611 3598020 15158181 3598620
15157725 3394980 15158637 3395580
15157725 3496260 15157953 3496860
15157725 3553860 15165135 3554460
15157839 3367620 15158409 3368220
15157839 3417060 15172545 3417660
15157839 3420420 15158637 3421020
15157839 3422820 15158865 3423420
15157839 3442500 15158637 3443580
15157839 3473700 15159777 3474300
15157839 3475620 15160233 3476220
15157839 3487140 15159777 3487740
15157839 3498660 15159321 3499260
15157839 3514500 15159435 3515580
15157839 3517380 15159093 3517980
15157839 3537060 15160347 3537660
15157839 3540900 15158067 3541500
15157839 3543300 15159777 3543900
15157839 3546660 15159777 3547260
15157839 3566340 15159093 3566940
15157839 3571620 15161601 3572220
15157839 3598980 15159093 3599580
15158067 3429540 15158409 3430140
15158067 3452100 15160917 3452700
15158067 3466500 15158637 3467100
15158067 3468900 15158637 3469500
15158067 3469860 15159207 3470460
15158067 3470820 15159321 3471420
15158067 3471780 15161829 3472380
15158067 3479460 15159777 3480060
15158067 3488580 15159321 3489180
15158067 3508740 15158865 3509820
15158067 3549540 15158409 3550140
15158067 3580740 15159093 3581340
15158181 3369060 15159093 3369660
15158181 3382020 15159093 3382620
15158181 3526500 15161943 3527100
15158181 3535620 15159093 3536220
15158181 3551940 15158637 3552540
15158295 3359460 15160461 3360060
15158295 3374340 15159321 3374940
15158295 3393540 15159093 3394140
15158295 3449220 15159093 3450300
15158295 3453060 15159093 3454140
15158295 3474660 15159777 3475260
15158295 3478500 15159549 3479100
15158295 3505380 15162057 3505980
15158295 3520260 15159321 3520860
15158295 3522660 15159777 3523260
15158295 3569700 15160233 3570300
15158295 3593700 15159321 3594300
15158409 3388260 15158865 3388860
15158409 3430500 15159549 3431100
15158409 3575460 15159777 3576060
15158523 3365220 15159549 3365820
15158523 3425220 15159549 3425820
15158523 3440100 15160917 3440700
15158523 3465060 15159207 3465660
15158523 3485700 15159777 3486300
15158523 3490500 15159777 3491100
15158523 3496740 15160005 3497340
15158523 3524580 15162285 3525180
15158523 3558180 15159549 3558780
15158523 3567300 15159321 3568380
15158523 3588900 15159549 3589500
15158523 3590820 15160005 3591420
15158751 3397380 15159549 3398460
15158751 3428580 15160005 3429180
15158751 3466020 15159093 3466620
15158751 3493380 15159549 3493980
15158751 3533220 15160461 3533820
15158751 3534660 15159777 3535260
15158751 3557220 15161145 3557820
15158751 3559620 15159549 3560700
15158751 3595140 15164337 3595740
15158865 3491940 15161145 3492540
15158865 3513540 15159549 3514140
15158865 3581700 15159777 3582300
15158979 3350820 15159777 3351420
15158979 3353700 15159777 3354300
15158979 3358020 15160575 3359100
15158979 3371940 15160917 3372540
15158979 3381060 15159663 3381660
15158979 3394500 15160575 3395580
15158979 3405060 15160575 3406140
15158979 3410820 15161373 3411420
15158979 3413220 15166389 3413820
15158979 3424260 15159549 3424860
15158979 3439140 15162741 3439740
15158979 3454500 15160233 3455100
15158979 3462180 15160461 3462780
15158979 3480420 15160689 3481020
15158979 3483300 15162741 3483900
15158979 3508260 15160233 3508860
15158979 3548100 15160689 3548700
15158979 3551460 15159549 3552060
15158979 3554820 15162513 3555420
15158979 3597060 15160005 3597660
15158979 3598020 15159549 3598620
15158979 3602820 15159549 3603420
15158979 3603780 15161601 3604380
15159093 3421860 15166503 3422460
15159093 3426180 15159549 3426780
15159093 3450660 15159549 3451260
15159207 3356100 15160461 3356700
15159207 3367620 15163881 3368220
15159207 3370980 15160233 3371580
15159207 3398820 15159891 3399420
15159207 3400260 15162969 3400860
15159207 3432420 15160689 3433020
15159207 3461220 15160005 3461820
15159207 3466500 15163881 3467100
15159207 3497700 15160005 3498300
15159207 3500580 15160461 3501180
15159207 3541860 15161373 3542460
15159207 3549540 15160917 3550140
15159207 3552420 15160461 3553020
15159207 3562500 15161145 3563100
15159207 3578340 15162057 3578940
15159207 3591780 15163881 3592380
15159321 3429540 15161259 3430140
15159321 3495780 15161145 3496380
15159321 3512580 15163425 3513180
15159321 3518820 15166731 3519420
15159321 3527460 15163083 3528060
15159321 3529380 15162285 3529980
15159321 3555780 15160347 3556860
15159321 3604740 15160233 3605820
15159435 3360900 15160689 3361500
15159435 3363300 15162285 3363900
15159435 3383460 15162057 3384060
15159435 3384420 15160689 3385020
15159435 3385380 15160461 3385980
15159435 3389220 15160233 3389820
15159435 3393060 15160005 3393660
15159435 3406980 15165021 3407580
15159435 3407940 15162057 3408540
15159435 3409860 15165021 3410460
15159435 3433860 15160917 3434460
15159435 3437700 15160233 3438780
15159435 3447300 15165021 3447900
15159435 3458340 15160233 3458940
15159435 3459300 15160233 3459900
15159435 3468900 15160005 3469500
15159435 3477060 15161943 3477660
15159435 3501540 15160689 3502140
15159435 3502500 15160917 3503100
15159435 3506820 15161145 3507420
15159435 3517380 15161145 3517980
15159435 3519780 15162285 3520380
15159435 3523620 15160917 3524220
15159435 3544260 15162057 3545340
15159435 3545700 15166845 3546300
15159435 3568260 15161373 3568860
15159435 3570660 15160461 3571260
15159435 3574500 15160119 3575100
15159435 3577380 15162285 3577980
15159435 3587940 15160461 3588540
15159663 3379140 15160689 3379740
15159663 3382500 15160461 3383100
15159663 3453060 15161829 3454140
15159663 3455940 15161829 3457020
15159663 3499140 15161829 3500220
15159663 3514500 15161829 3515580
15159663 3521220 15161829 3522300
15159663 3536100 15162057 3536700
15159663 3558660 15161601 3559740
15159663 3579780 15161259 3580860
15159663 3584580 15161829 3585660
15159663 3601860 15161601 3602940
15159663 3608100 15160575 3608700
15159777 3369540 15161373 3370620
15159777 3593220 15160005 3593820
15159891 3350340 15161373 3350940
15159891 3357060 15160461 3357660
15159891 3364740 15160917 3365340
15159891 3376260 15161373 3376860
15159891 3378180 15160689 3378780
15159891 3391140 15161259 3391740
15159891 3457380 15160689 3457980
15159891 3470340 15160917 3470940
15159891 3563460 15161145 3564060
15159891 3582660 15160917 3583260
15159891 3589380 15161487 3590460
15160119 3388260 15162513 3388860
15160119 3397380 15164793 3397980
15160119 3427140 15161715 3428220
15160119 3434820 15161259 3435420
15160119 3460740 15161601 3461340
15160119 3467940 15162285 3468540
15160119 3469380 15160461 3469980
15160119 3473220 15161259 3473820
15160119 3487620 15161715 3488700
15160119 3490020 15160917 3490620
15160119 3493380 15162057 3493980
15160119 3498180 15161601 3498780
15160119 3550500 15162513 3551100
15160119 3581220 15167529 3581820
15160119 3586980 15162741 3587580
15160119 3596100 15160689 3596700
15160119 3598980 15161715 3600060
15160119 3600420 15160917 3601020
15160347 3354660 15164109 3355260
15160347 3426180 15161601 3426780
15160347 3454980 15161601 3455580
15160347 3481860 15162285 3482460
15160347 3494820 15162741 3495420
15160347 3531780 15161943 3532860
15160347 3547140 15164109 3547740
15160347 3566340 15161145 3566940
15160347 3576420 15161145 3577020
15160347 3583620 15161373 3584220
15160347 3590820 15162741 3591420
15160347 3598020 15160575 3598620
15160461 3395940 15160689 3396540
15160461 3403140 15164565 3403740
15160461 3485220 15162285 3485820
15160575 3361860 15161601 3362460
15160575 3380100 15161601 3380700
15160575 3446340 15164337 3446940
15160575 3451140 15163425 3451740
15160575 3459780 15161829 3460380
15160575 3465060 15161373 3465660
15160575 3496740 15160917 3497340
15160575 3538020 15164337 3538620
15160575 3551460 15161715 3552060
15160575 3575460 15163197 3576060
15160803 3357540 15162285 3358140
15160803 3360420 15163197 3361020
15160803 3366660 15161031 3367260
15160803 3382020 15161373 3382620
15160803 3384900 15161601 3385500
15160803 3390180 15162285 3390780
15160803 3392100 15162057 3392700
15160803 3468900 15164337 3469500
15160803 3479940 15161829 3480540
15160803 3509700 15162285 3510300
15160803 3513540 15162285 3514140
15160803 3515940 15161601 3516540
15160803 3543300 15161601 3543900
15160803 3606660 15164565 3607260
15160803 3608100 15182805 3608700
15160917 3373860 15164679 3374460
15160917 3377700 15162285 3378300
15160917 3501540 15162057 3502140
15160917 3503460 15163767 3504060
15160917 3573060 15162057 3573660
15161031 3356100 15162057 3356700
15161031 3401220 15161829 3402300
15161031 3414180 15167073 3414780
15161031 3444420 15161829 3445500
15161031 3449220 15161829 3450300
15161031 3457860 15162057 3458460
15161031 3458820 15162057 3459420
15161031 3469860 15162057 3470460
15161031 3478500 15161715 3479100
15161031 3489540 15162057 3490140
15161031 3500580 15162057 3501180
15161031 3502500 15162969 3503100
15161031 3533700 15162057 3534300
15161145 3370980 15162285 3371580
15161145 3433380 15162627 3433980
15161145 3474180 15162285 3474780
15161145 3523620 15161373 3524220
15161145 3566820 15161373 3567420
15161259 3364260 15168669 3364860
15161259 3366180 15165021 3366780
15161259 3375300 15162171 3375900
15161259 3378660 15163197 3379260
15161259 3395940 15165021 3396540
15161259 3398340 15162057 3399420
15161259 3404100 15162057 3405180
15161259 3431460 15162627 3432060
15161259 3475620 15163197 3476220
15161259 3507780 15162513 3508380
15161259 3511620 15162057 3512220
15161259 3552900 15162057 3553500
15161259 3560100 15161829 3560700
15161259 3562500 15162969 3563100
15161259 3569220 15162057 3570300
15161259 3586020 15162741 3586620
15161373 3428580 15162057 3429180
15161373 3538980 15164223 3539580
15161373 3564420 15162057 3565020
15161373 3597060 15162285 3598140
15161487 3352740 15162627 3353340
15161487 3406020 15162855 3406620
15161487 3448260 15163653 3448860
15161487 3463620 15163197 3464220
15161487 3496740 15163653 3497340
15161487 3528420 15165249 3529020
15161487 3548100 15162057 3548700
15161487 3549060 15162285 3550140
15161487 3565380 15162057 3565980
15161487 3570660 15162285 3571260
15161487 3574020 15165249 3574620
15161487 3600900 15164337 3601500
15161601 3351300 15165021 3351900
15161601 3432420 15164451 3433020
15161601 3508740 15163197 3509340
15161601 3605220 15167187 3605820
15161715 3382020 15165249 3382620
15161715 3408900 15165249 3409500
15161715 3440100 15176421 3440700
15161715 3484260 15164565 3484860
15161715 3490500 15165249 3491100
15161715 3492420 15163653 3493020
15161715 3522660 15163425 3523260
15161715 3535140 15167301 3535740
15161715 3537060 15162741 3537660
15161715 3588420 15162513 3589020
15161715 3593700 15162513 3594300
15161829 3358980 15162855 3360060
15161829 3389220 15163311 3389820
15161829 3430020 15162741 3430620
15161829 3437220 15162969 3437820
15161829 3462180 15162285 3462780
15161829 3530340 15162285 3530940
15161943 3368580 15162285 3369660
15161943 3371940 15167529 3372540
15161943 3387300 15165705 3387900
15161943 3391140 15165705 3391740
15161943 3393540 15165249 3394140
15161943 3410820 15162855 3411420
15161943 3425700 15169353 3426300
15161943 3436260 15163197 3436860
15161943 3443460 15165249 3444060
15161943 3454500 15162741 3455100
15161943 3459780 15162741 3460380
15161943 3464580 15163197 3465180
15161943 3472260 15162285 3472860
15161943 3487140 15164109 3487740
15161943 3498180 15164793 3498780
15161943 3506820 15162969 3507420
15161943 3531300 15162513 3531900
15161943 3532740 15162513 3533340
15161943 3541860 15162969 3542460
15161943 3555780 15163197 3556860
15161943 3560580 15163881 3561180
15161943 3566340 15164565 3566940
15161943 3568260 15162513 3568860
15161943 3571620 15164337 3572220
15161943 3583140 15163881 3583740
15161943 3598500 15165705 3599100
15162057 3477060 15163653 3478140
15162171 3356580 15163881 3357180
15162171 3376260 15165021 3376860
15162171 3385380 15163881 3385980
15162171 3419460 15162969 3420060
15162171 3442500 15165021 3443100
15162171 3470820 15163197 3471420
15162171 3478980 15163197 3479580
15162171 3488580 15162855 3489660
15162171 3504900 15164337 3505980
15162171 3557700 15162741 3558780
15162171 3579780 15162741 3580380
15162171 3589380 15163197 3589980
15162171 3601860 15164337 3602940
15162171 3604260 15162741 3604860
15162285 3394980 15162627 3395580
15162399 3383460 15163197 3384060
15162399 3428580 15163197 3429180
15162399 3500580 15163425 3501180
15162399 3517380 15162855 3517980
15162399 3533700 15163197 3534300
15162399 3543300 15163197 3544380
15162399 3549060 15163083 3549660
15162399 3551940 15163995 3553020
15162399 3565380 15163881 3565980
15162399 3578340 15177105 3578940
15162513 3526020 15164109 3527100
15162513 3582180 15162855 3582780
15162627 3370020 15164337 3370620
15162627 3435300 15163311 3435900
15162627 3456900 15164223 3457980
15162627 3460740 15163197 3461340
15162627 3471780 15165705 3472380
15162627 3479940 15164223 3481020
15162627 3511620 15163653 3512220
15162627 3550980 15163881 3551580
15162627 3567300 15163653 3567900
15162627 3568740 15163653 3569340
15162627 3596580 15164337 3597180
15162741 3380580 15164337 3381180
15162741 3420900 15164337 3421500
15162741 3426660 15163425 3427260
15162741 3474180 15164337 3475260
15162741 3494340 15164337 3495420
15162741 3531780 15164337 3532860
15162741 3540420 15164337 3541500
15162855 3392100 15163083 3392700
15162855 3404100 15163653 3405180
15162855 3462180 15163425 3462780
15162855 3485700 15165249 3486300
15162855 3563940 15163995 3564540
15162855 3586500 15163995 3587100
15163083 3370980 15168669 3371580
15163083 3384420 15169581 3385020
15163083 3388260 15165477 3388860
15163083 3433860 15163653 3434460
15163083 3438660 15163881 3439740
15163083 3502020 15163425 3502620
15163083 3524100 15164565 3524700
15163083 3559620 15165249 3560220
15163083 3579780 15164679 3580380
15163083 3588420 15164565 3589020
15163083 3599940 15163881 3600540
15163197 3379140 15164337 3380220
15163311 3399780 15164337 3400380
15163311 3437220 15178017 3437820
15163311 3453060 15165021 3453660
15163311 3460740 15164337 3461340
15163311 3463620 15163995 3464220
15163311 3544740 15163881 3545340
15163311 3562020 15178017 3562620
15163311 3570180 15163995 3570780
15163425 3534180 15163653 3534780
15163539 3419940 15167301 3420540
15163539 3458340 15164337 3458940
15163539 3548100 15165249 3548700
15163539 3589860 15164337 3590460
15163653 3410820 15163881 3411420
15163653 3429060 15165249 3429660
15163653 3575460 15166845 3576060
15163767 3358020 15165249 3358620
15163767 3359940 15164337 3360540
15163767 3382980 15164337 3384060
15163767 3430020 15165249 3430620
15163767 3459780 15164223 3460380
15163767 3470340 15164793 3470940
15163767 3482820 15164565 3483900
15163767 3488100 15165477 3488700
15163767 3503940 15165249 3504540
15163767 3508740 15165249 3509340
15163767 3510660 15164565 3511740
15163767 3542340 15164337 3542940
15163767 3549060 15164337 3549660
15163767 3555300 15164907 3555900
15163767 3573060 15165249 3573660
15163995 3350340 15165249 3350940
15163995 3353220 15164679 3353820
15163995 3365220 15167757 3365820
15163995 3390180 15165021 3390780
15163995 3394980 15165021 3395580
15163995 3426660 15182349 3427260
15163995 3430980 15165021 3431580
15163995 3433380 15171405 3433980
15163995 3451140 15165249 3451740
15163995 3454020 15164565 3454620
15163995 3500100 15164565 3501180
15163995 3530820 15165249 3531420
15163995 3533700 15164337 3534300
15163995 3587460 15165249 3588060
15163995 3591300 15165249 3591900
15164109 3434340 15165021 3434940
15164109 3501540 15165021 3502140
15164109 3558180 15164565 3558780
15164109 3564420 15165249 3565020
15164109 3586020 15167871 3586620
15164223 3355140 15165249 3355740
15164223 3357060 15166617 3357660
15164223 3358980 15166617 3359580
15164223 3360900 15165249 3361500
15164223 3362820 15166617 3363420
15164223 3367140 15169809 3367740
15164223 3369060 15165249 3369660
15164223 3372900 15165249 3373500
15164223 3374820 15165477 3375420
15164223 3377700 15165021 3378300
15164223 3385860 15165249 3386460
15164223 3389220 15166845 3389820
15164223 3392100 15171633 3392700
15164223 3398340 15166617 3398940
15164223 3401220 15166617 3401820
15164223 3402180 15166617 3402780
15164223 3405060 15166617 3405660
15164223 3410820 15166617 3411420
15164223 3435300 15168897 3435900
15164223 3438180 15182577 3438780
15164223 3449220 15165249 3449820
15164223 3452100 15166617 3452700
15164223 3454980 15165249 3455580
15164223 3463140 15167301 3463740
15164223 3465540 15166617 3466140
15164223 3467460 15165249 3468060
15164223 3476100 15166617 3476700
15164223 3478500 15165249 3479100
15164223 3480900 15165021 3481500
15164223 3486660 15164565 3487260
15164223 3489060 15167073 3489660
15164223 3491940 15167073 3492540
15164223 3493380 15166617 3493980
15164223 3496260 15166617 3496860
15164223 3497220 15165249 3497820
15164223 3499140 15165249 3499740
15164223 3502980 15164565 3503580
15164223 3506340 15167985 3506940
15164223 3507300 15165477 3507900
15164223 3509700 15166617 3510300
15164223 3514020 15167985 3514620
15164223 3515460 15166617 3516060
15164223 3516420 15165249 3517020
15164223 3517380 15166617 3517980
15164223 3519780 15165021 3520380
15164223 3520740 15165477 3521340
15164223 3521700 15165477 3522300
15164223 3523140 15166617 3523740
15164223 3525060 15166617 3525660
15164223 3526980 15164793 3527580
15164223 3529380 15165249 3529980
15164223 3536100 15165249 3536700
15164223 3539460 15166617 3540060
15164223 3556740 15165249 3557340
15164223 3567300 15164565 3568380
15164223 3576900 15165249 3577500
15164223 3582180 15165249 3582780
15164223 3583620 15164565 3584220
15164223 3585060 15182577 3585660
15164223 3592740 15182577 3593340
15164223 3593700 15165477 3594300
15164223 3597540 15182577 3598140
15164223 3599460 15165249 3600060
15164223 3603300 15165477 3603900
15164223 3604260 15182577 3604860
15164337 3472740 15167529 3473340
15164451 3368100 15164907 3368700
15164451 3378660 15165477 3379260
15164451 3445380 15165249 3446460
15164451 3456420 15165477 3457020
15164451 3461220 15165249 3461820
15164451 3537060 15165477 3537660
15164451 3541860 15165477 3542460
15164451 3543300 15165249 3544380
15164451 3550020 15165249 3550620
15164451 3552900 15165021 3553500
15164451 3569220 15165249 3570300
15164451 3572100 15165021 3572700
15164451 3596100 15165249 3597180
15164451 3600420 15165477 3601020
15164679 3359940 15165249 3360540
15164679 3457380 15167073 3457980
15164679 3459780 15165249 3460380
15164679 3502500 15165705 3503100
15164679 3540900 15165249 3541500
15164793 3381060 15166617 3381660
15164793 3551940 15166617 3552540
15164793 3580260 15165477 3580860
15164907 3353220 15166617 3353820
15164907 3354180 15166617 3354780
15164907 3382980 15166617 3383580
15164907 3420900 15172317 3421500
15164907 3424260 15165249 3424860
15164907 3432420 15172317 3433020
15164907 3454020 15166617 3454620
15164907 3458820 15166617 3459420
15164907 3466500 15166617 3467100
15164907 3470820 15167301 3471420
15164907 3474180 15166617 3474780
15164907 3477540 15167073 3478140
15164907 3484740 15166617 3485340
15164907 3533700 15166617 3534300
15164907 3550980 15166617 3551580
15164907 3555780 15166617 3556380
15164907 3595140 15166617 3595740
15165021 3570660 15170607 3571260
15165021 3579300 15167529 3579900
15165135 3352260 15166617 3352860
15165135 3361860 15166617 3362460
15165135 3376740 15167073 3377340
15165135 3380100 15167073 3380700
15165135 3394500 15167073 3395100
15165135 3395460 15166617 3396060
15165135 3396900 15166161 3397500
15165135 3399300 15166617 3400860
15165135 3403620 15167073 3404220
15165135 3406500 15165705 3407100
15165135 3428100 15173913 3428700
15165135 3436260 15183489 3436860
15165135 3444420 15173913 3445020
15165135 3446820 15168669 3447420
15165135 3450180 15166617 3450780
15165135 3464580 15166617 3465180
15165135 3475140 15166617 3475740
15165135 3479940 15166617 3480540
15165135 3482340 15166845 3482940
15165135 3483300 15168897 3483900
15165135 3486660 15166617 3487260
15165135 3494340 15166617 3494940
15165135 3500100 15166617 3501660
15165135 3504900 15167073 3505500
15165135 3510660 15166617 3512220
15165135 3512580 15173913 3513180
15165135 3526020 15166617 3527580
15165135 3532740 15166617 3533340
15165135 3553860 15173913 3554460
15165135 3554820 15166617 3555420
15165135 3558660 15166617 3559260
15165135 3563460 15167073 3564060
15165135 3566820 15167301 3567420
15165135 3567780 15168897 3568380
15165135 3583620 15173913 3584220
15165135 3588420 15173913 3589020
15165135 3601860 15173913 3602460
15165135 3606660 15173913 3607260
15165363 3407460 15170037 3408060
15165363 3519780 15169125 3520380
15165363 3531300 15169125 3531900
15165363 3538020 15167529 3538620
15165363 3571620 15172773 3572220
15165363 3574500 15171861 3575100
15165591 3366180 15167073 3366780
15165591 3375780 15166503 3376380
15165591 3576420 15167985 3577020
15165705 3373860 15166389 3374460
15165705 3374820 15167529 3375420
15165705 3572580 15173115 3573180
15165819 3442980 15169353 3443580
15165819 3497700 15168213 3498300
15165819 3549540 15167643 3550140
15165819 3582180 15166959 3582780
15165819 3599460 15180525 3600060
15166047 3469860 15167073 3470460
15166047 3536100 15167073 3536700
15166275 3372900 15169809 3373500
15166275 3388260 15166845 3388860
15166275 3393060 15167073 3393660
15166275 3455460 15167529 3456060
15166275 3468900 15167985 3469500
15166275 3598500 15173685 3599100
15166389 3481380 15167529 3481980
15166503 3348420 15167415 3349020
15166503 3350340 15167529 3350940
15166503 3351300 15167415 3351900
15166503 3355140 15167643 3355740
15166503 3356100 15181209 3356700
15166503 3359940 15168213 3360540
15166503 3368580 15169353 3369180
15166503 3378180 15168441 3378780
15166503 3379140 15167529 3379740
15166503 3385860 15166845 3386460
15166503 3390660 15167187 3391260
15166503 3396420 15167529 3397020
15166503 3397380 15166845 3397980
15166503 3406020 15172089 3406620
15166503 3408900 15167529 3409500
15166503 3409860 15170265 3410460
15166503 3422340 15195801 3422940
15166503 3423300 15172089 3423900
15166503 3430020 15171177 3430620
15166503 3441060 15169581 3441660
15166503 3445380 15169125 3445980
15166503 3448260 15167301 3448860
15166503 3449220 15168441 3449820
15166503 3453060 15170265 3453660
15166503 3460740 15167073 3461340
15166503 3467460 15166845 3468060
15166503 3478980 15168441 3479580
15166503 3487620 15167301 3488220
15166503 3490500 15167985 3491100
15166503 3495300 15167301 3495900
15166503 3499140 15167643 3499740
15166503 3502980 15168441 3503580
15166503 3516420 15167529 3517020
15166503 3521220 15166845 3521820
15166503 3522180 15167301 3522780
15166503 3524100 15167301 3524700
15166503 3529860 15170265 3530460
15166503 3540420 15166845 3541020
15166503 3542340 15169353 3542940
15166503 3543300 15167529 3543900
15166503 3544260 15181209 3544860
15166503 3547140 15170265 3547740
15166503 3556740 15167757 3557340
15166503 3557700 15167301 3558300
15166503 3587460 15167529 3588060
15166503 3589380 15167073 3589980
15166503 3600900 15181209 3601500
15166503 3602820 15195801 3603420
15166617 3373860 15167643 3374460
15166617 3594660 15181323 3595260
15166731 3361860 15167529 3362940
15166731 3363300 15168669 3363900
15166731 3375780 15167985 3376380
15166731 3383460 15167529 3384060
15166731 3473700 15167529 3474300
15166731 3493860 15172317 3494460
15166731 3510180 15167529 3510780
15166731 3526500 15168669 3527100
15166731 3532740 15168441 3533340
15166845 3471780 15167073 3472380
15166845 3475620 15167529 3476220
15166845 3486660 15167301 3487260
15166845 3518820 15167985 3519420
15166845 3550980 15168441 3552060
15166959 3358020 15168099 3359100
15166959 3387780 15167415 3388380
15166959 3398820 15168099 3399420
15166959 3451140 15167757 3452220
15166959 3459780 15167985 3460380
15166959 3484260 15169353 3484860
15166959 3500580 15167985 3501180
15166959 3507780 15168099 3508380
15166959 3508740 15167529 3509340
15166959 3527940 15167415 3528540
15166959 3533700 15168555 3534780
15166959 3539940 15168669 3540540
15167073 3457860 15169125 3458940
15167187 3400260 15168897 3400860
15167187 3401220 15167529 3401820
15167187 3479940 15167757 3480540
15167187 3517380 15168783 3518460
15167187 3520740 15169695 3521340
15167187 3537060 15167985 3537660
15167187 3555780 15167757 3556380
15167187 3564420 15167985 3565500
15167301 3369540 15171063 3370140
15167301 3454020 15168897 3455100
15167415 3382500 15168441 3383100
15167415 3386340 15170037 3386940
15167415 3388260 15169125 3388860
15167415 3389220 15168441 3389820
15167415 3390180 15169923 3390780
15167415 3393540 15168327 3394140
15167415 3397380 15167985 3397980
15167415 3410820 15168213 3411900
15167415 3456900 15168669 3457500
15167415 3460740 15167985 3461340
15167415 3463620 15168213 3464700
15167415 3467460 15169125 3468060
15167415 3470340 15169011 3471420
15167415 3492420 15168441 3493020
15167415 3521700 15171177 3522300
15167415 3525540 15169125 3526140
15167415 3540900 15169125 3541500
15167415 3545220 15196713 3545820
15167415 3573540 15170265 3574140
15167415 3575460 15169353 3576060
15167529 3379140 15169125 3380220
15167529 3381540 15167985 3382140
15167529 3461700 15168213 3462300
15167643 3351300 15172317 3351900
15167643 3354660 15182349 3355260
15167643 3374340 15168099 3374940
15167643 3376740 15168099 3377340
15167643 3380580 15170493 3381180
15167643 3403140 15169581 3403740
15167643 3414180 15182349 3414780
15167643 3418020 15182349 3418620
15167643 3471780 15182349 3472380
15167643 3477060 15169125 3477660
15167643 3488580 15168441 3489660
15167643 3508740 15168669 3509340
15167643 3535620 15168441 3536700
15167643 3548100 15168783 3548700
15167757 3550020 15175167 3550620
15167757 3590820 15168669 3591420
15167871 3349860 15168213 3350460
15167871 3366180 15168669 3366780
15167871 3396420 15171633 3397020
15167871 3416100 15170949 3416700
15167871 3450180 15168669 3451260
15167871 3465540 15168669 3466620
15167871 3481860 15169125 3482460
15167871 3487620 15168669 3488220
15167871 3496740 15168897 3497340
15167871 3515460 15171633 3516060
15167871 3523140 15168669 3523740
15167871 3566340 15197169 3566940
15167871 3605220 15182577 3605820
15167985 3360900 15168669 3361980
15167985 3556740 15168213 3557340
15168099 3374820 15168669 3375420
15168099 3376740 15168555 3377340
15168099 3408420 15182805 3409020
15168099 3447780 15172773 3448380
15168099 3459300 15168669 3459900
15168099 3469380 15197397 3469980
15168099 3476100 15168669 3476700
15168099 3501060 15171519 3501660
15168099 3503940 15169125 3504540
15168099 3507300 15169125 3507900
15168099 3511140 15169809 3511740
15168099 3538980 15169353 3539580
15168099 3543300 15171633 3543900
15168099 3557700 15168897 3558300
15168099 3562980 15182805 3563580
15168099 3579300 15168669 3579900
15168099 3582660 15170493 3583260
15168327 3358980 15197625 3359580
15168327 3375780 15168669 3376380
15168327 3383460 15169353 3384060
15168327 3395460 15170265 3396060
15168327 3397860 15170151 3398460
15168327 3399300 15170151 3399900
15168327 3401700 15169581 3402300
15168327 3412740 15172089 3413340
15168327 3419940 15168897 3420540
15168327 3462660 15168897 3463260
15168327 3490980 15168897 3491580
15168327 3538020 15183033 3538620
15168327 3581700 15169125 3582300
15168555 3377700 15168783 3378300
15168555 3485220 15169125 3485820
15168555 3527460 15170949 3528060
15168555 3528420 15170949 3529020
15168555 3550980 15170151 3552060
15168555 3556260 15169809 3556860
15168555 3576420 15170493 3577020
15168669 3487140 15169353 3487740
15168669 3524100 15172089 3524700
15168669 3537060 15169353 3537660
15168783 3349380 15169809 3350460
15168783 3456420 15183489 3457020
15168783 3461220 15169353 3461820
15168783 3474660 15183489 3475260
15168783 3492420 15169923 3493020
15168783 3502980 15198081 3503580
15168783 3514500 15171633 3515100
15168783 3533220 15169581 3533820
15168897 3375780 15169809 3376380
15168897 3509700 15172659 3510300
15169011 3347940 15183717 3348540
15169011 3357060 15170721 3357660
15169011 3362820 15170265 3363900
15169011 3371940 15183717 3372540
15169011 3373860 15170265 3374460
15169011 3377700 15183717 3378300
15169011 3387300 15170265 3387900
15169011 3393060 15174597 3393660
15169011 3400740 15169809 3401340
15169011 3449220 15176421 3449820
15169011 3476100 15171177 3476700
15169011 3478020 15170265 3479100
15169011 3489540 15171861 3490140
15169011 3491460 15169809 3492060
15169011 3494820 15169809 3495420
15169011 3497220 15198309 3497820
15169011 3499140 15171177 3499740
15169011 3504900 15175509 3505500
15169011 3516420 15198309 3517020
15169011 3549060 15169809 3549660
15169011 3552420 15169581 3553020
15169011 3560100 15183717 3560700
15169011 3567300 15169809 3568380
15169011 3586500 15183717 3587100
15169011 3589860 15183717 3590460
15169011 3590820 15183717 3591420
15169125 3517380 15170721 3518460
15169125 3519300 15170721 3520380
15169125 3535620 15170721 3536700
15169239 3370980 15171177 3371580
15169239 3374820 15169809 3375420
15169239 3404100 15171405 3405180
15169239 3446820 15183945 3447420
15169239 3450180 15183945 3450780
15169239 3451140 15183945 3451740
15169239 3473700 15169809 3474300
15169239 3479940 15170265 3480540
15169239 3488100 15173001 3488700
15169239 3505860 15171177 3506940
15169239 3534660 15170265 3535260
15169239 3540420 15170493 3541020
15169467 3353700 15170265 3354300
15169467 3434820 15170265 3435900
15169467 3563940 15171291 3564540
15169467 3579300 15176877 3579900
15169581 3459780 15195231 3460380
15169581 3461220 15176991 3461820
15169695 3403140 15170493 3403740
15169695 3445860 15177105 3446460
15169695 3454500 15177105 3455100
15169695 3470340 15195345 3470940
15169695 3485220 15173457 3485820
15169695 3486660 15173457 3487260
15169695 3500100 15170265 3500700
15169695 3507300 15171177 3507900
15169695 3520740 15170835 3521340
15169695 3525540 15174369 3526140
15169695 3558660 15170721 3559740
15169923 3359940 15195573 3360540
15169923 3379140 15195573 3379740
15169923 3390180 15171063 3390780
15169923 3442500 15184629 3443100
15169923 3464580 15170721 3465660
15169923 3468420 15171063 3469020
15169923 3480900 15170721 3481980
15169923 3484260 15171633 3484860
15169923 3508260 15170493 3508860
15169923 3531780 15173457 3532380
15169923 3533700 15175509 3534300
15169923 3556740 15170949 3557820
15170037 3358020 15195687 3358620
15170037 3360900 15184743 3361500
15170037 3364260 15181095 3364860
15170037 3366180 15170493 3366780
15170037 3375780 15181095 3376380
15170037 3526500 15171177 3527100
15170151 3367140 15171177 3367740
15170151 3382020 15171405 3382620
15170151 3384420 15170949 3385020
15170151 3394500 15171405 3395100
15170151 3425220 15170493 3425820
15170151 3439140 15181209 3439740
15170151 3441060 15173913 3441660
15170151 3511620 15171063 3512220
15170151 3549060 15177561 3549660
15170151 3552900 15184857 3553500
15170379 3349860 15177789 3350460
15170379 3368580 15196029 3369180
15170379 3387300 15171519 3387900
15170379 3473700 15171633 3474300
15170379 3477540 15171405 3478140
15170379 3479940 15171519 3480540
15170493 3452580 15177903 3453180
15170607 3376740 15171063 3377340
15170607 3385860 15174141 3386460
15170607 3478980 15171405 3479580
15170607 3494820 15170949 3495420
15170607 3513540 15171177 3514140
15170607 3529380 15172089 3529980
15170607 3540900 15171861 3541500
15170607 3546660 15178017 3547260
15170607 3555780 15196257 3556380
15170607 3570660 15171405 3571260
15170835 3353700 15178245 3354300
15170835 3363300 15174597 3363900
15170835 3374340 15196485 3374940
15170835 3400740 15171861 3401340
15170835 3407460 15172089 3408060
15170835 3409860 15172545 3410460
15170835 3495780 15172317 3496380
15170835 3518340 15172773 3518940
15170835 3520260 15171633 3520860
15170949 3557700 15185655 3558300
15170949 3573540 15178359 3574140
15171063 3365220 15172089 3365820
15171063 3380100 15171861 3381180
15171063 3425700 15178473 3426300
15171063 3482820 15171861 3483420
15171063 3547620 15178473 3548220
15171063 3550980 15196713 3551580
15171063 3559140 15172203 3559740
15171177 3390660 15172089 3391740
15171177 3490500 15172317 3491100
15171291 3382980 15173913 3384060
15171291 3395460 15172317 3396060
15171291 3402660 15182349 3403260
15171291 3410820 15178701 3411420
15171291 3492900 15173571 3493500
15171291 3522180 15173457 3522780
15171291 3527940 15196941 3528540
15171291 3530820 15174369 3531420
15171291 3536580 15172089 3537180
15171291 3538980 15172317 3539580
15171291 3575460 15182349 3576060
15171291 3576420 15182349 3577020
15171405 3388260 15172317 3388860
15171405 3443460 15186111 3444060
15171519 3357060 15186225 3357660
15171519 3370020 15172773 3370620
15171519 3389220 15173685 3389820
15171519 3394500 15172317 3395100
15171519 3397380 15172545 3397980
15171519 3398340 15173229 3398940
15171519 3399300 15173001 3399900
15171519 3416100 15182577 3416700
15171519 3418980 15182577 3419580
15171519 3472740 15172317 3473340
15171519 3494820 15174141 3495420
15171519 3500580 15172317 3501180
15171519 3506340 15182577 3506940
15171519 3507780 15174369 3508380
15171519 3532740 15174369 3533340
15171519 3534660 15172431 3535260
15171519 3535620 15172317 3536220
15171519 3539940 15172089 3540540
15171519 3541860 15172773 3542460
15171519 3563940 15182577 3564540
15171519 3577380 15182577 3577980
15171633 3510660 15173229 3511740
15171633 3582660 15172317 3583260
15171747 3370980 15182805 3371580
15171747 3404100 15172545 3405180
15171747 3430020 15172545 3431100
15171747 3498180 15172317 3498780
15171747 3521220 15172773 3521820
15171747 3523140 15172317 3523740
15171747 3526980 15171975 3527580
15171975 3387300 15173001 3387900
15171975 3401220 15173571 3402300
15171975 3491460 15197625 3492060
15171975 3543300 15186681 3543900
15172089 3513540 15172317 3514140
15172203 3391620 15175053 3392220
15172203 3400260 15173229 3400860
15172203 3489540 15175053 3490140
15172203 3508740 15173913 3509340
15172203 3574500 15183261 3575100
15172317 3384900 15174141 3385500
15172431 3372900 15183489 3373500
15172431 3464580 15173229 3465660
15172431 3514500 15173457 3515580
15172431 3519300 15173229 3520380
15172431 3568740 15183489 3569340
15172431 3596580 15183489 3597180
15172545 3499140 15174141 3500220
15172545 3503940 15173685 3504540
15172545 3526500 15174141 3527100
15172659 3365700 15173457 3366780
15172659 3395940 15183717 3396540
15172659 3407460 15183717 3408060
15172659 3423300 15187365 3423900
15172659 3481860 15173913 3482460
15172659 3523140 15198309 3523740
15172659 3539460 15173913 3540060
15172659 3595620 15183717 3596220
15172773 3396900 15173457 3397500
15172773 3521220 15173913 3521820
15172887 3351300 15187593 3351900
15172887 3483780 15173685 3484380
15172887 3496260 15187593 3496860
15172887 3509700 15173913 3510300
15173001 3541380 15174597 3541980
15173115 3381060 15174825 3381660
15173115 3387300 15173913 3387900
15173115 3388260 15175509 3388860
15173115 3404100 15173685 3404700
15173115 3424740 15182349 3425340
15173115 3493860 15176421 3494460
15173115 3501060 15195117 3501660
15173229 3487620 15174141 3488220
15173229 3488580 15175737 3489180
15173343 3370020 15180753 3370620
15173343 3394500 15173913 3395100
15173343 3447780 15180753 3448380
15173343 3478020 15173913 3478620
15173343 3536100 15173913 3536700
15173457 3528900 15175281 3529500
15173571 3405540 15180981 3406140
15173571 3529860 15174597 3530460
15173571 3540420 15174597 3541020
15173571 3591780 15180981 3592380
15173799 3366660 15188505 3367260
15173799 3404580 15174369 3405180
15173799 3420420 15174825 3421020
15173799 3429060 15188505 3429660
15173799 3433860 15195801 3434460
15173799 3465060 15181209 3465660
15173799 3475620 15175281 3476220
15173799 3477060 15174597 3477660
15173799 3480900 15174597 3481500
15173799 3483300 15181209 3483900
15173799 3485700 15188505 3486300
15173799 3486660 15174369 3487260
15173799 3492900 15174141 3493500
15173799 3513540 15176421 3514140
15173799 3517380 15174597 3517980
15173799 3531780 15197625 3532380
15173799 3534660 15188505 3535260
15173913 3428100 15174369 3428700
15174027 3396900 15183261 3397500
15174027 3514500 15176193 3515580
15174027 3519300 15176193 3520380
15174027 3535620 15175053 3536220
15174141 3524580 15175053 3525180
15174255 3386820 15175737 3387420
15174483 3382980 15175053 3383580
15174483 3394500 15176079 3395580
15174483 3536580 15176079 3537660
15174711 3412740 15175281 3413820
15174711 3520740 15175737 3521340
15174711 3598500 15175167 3599100
15174825 3397860 15184059 3398460
15174825 3457380 15176763 3457980
15174939 3384420 15176421 3385020
15174939 3502020 15176649 3502620
15174939 3529860 15196941 3530460
15174939 3541380 15196941 3541980
15174939 3559140 15176649 3559740
15175053 3381060 15189759 3381660
15175167 3365700 15189873 3366300
15175167 3525060 15189873 3525660
15175167 3567300 15175623 3567900
15175395 3389700 15176421 3390300
15175395 3390660 15175965 3391740
15175395 3420900 15182805 3421500
15175395 3539940 15182805 3540540
15175395 3607140 15182805 3607740
15175509 3526500 15182919 3527100
15175623 3382020 15190329 3383580
15175623 3388740 15176193 3389340
15175623 3500100 15176193 3500700
15175623 3521700 15176421 3522300
15175737 3489540 15197739 3490140
15175851 3412740 15197853 3413340
15175851 3417060 15183261 3417660
15175851 3473220 15197853 3473820
15175851 3475620 15183261 3476220
15175965 3538980 15183375 3539580
15175965 3609060 15183375 3609660
15176079 3385380 15183489 3385980
15176079 3386340 15177105 3386940
15176079 3391620 15198081 3392220
15176079 3392580 15177105 3393180
15176079 3487620 15177105 3488220
15176079 3488580 15198081 3489180
15176079 3492900 15183489 3493500
15176079 3494820 15177105 3495420
15176193 3427620 15183603 3428220
15176307 3387300 15184059 3387900
15176307 3388260 15184059 3388860
15176307 3503940 15191013 3504540
15176307 3504900 15191013 3505500
15176307 3507780 15177105 3508380
15176307 3508740 15191013 3509340
15176307 3510660 15177561 3511260
15176307 3515460 15176877 3516060
15176307 3520260 15176877 3520860
15176307 3530820 15177561 3531420
15176307 3532740 15191013 3533340
15176307 3533700 15191013 3534300
15176307 3606180 15183717 3606780
15176535 3440580 15177561 3441660
15176535 3499140 15177333 3500220
15176535 3535620 15178701 3536700
15176763 3384420 15182349 3385020
15176763 3458820 15195117 3459420
15176763 3493860 15182349 3494460
15176763 3521700 15182349 3522300
15176763 3550020 15177789 3550620
15176991 3448740 15182577 3449340
15176991 3512580 15195345 3513180
15176991 3514500 15191697 3515100
15176991 3519300 15191697 3519900
15176991 3567780 15184059 3568380
15176991 3587460 15191697 3588060
15177333 3390660 15195687 3391260
15177447 3389220 15183033 3389820
15177675 3499140 15192381 3499740
15177675 3542340 15179385 3542940
15177903 3462180 15179043 3462780
15178131 3362820 15196485 3363420
15178131 3457380 15183717 3457980
15178245 3376740 15183831 3377340
15178245 3468420 15196599 3469020
15178359 3478500 15183945 3479100
15178359 3583140 15183945 3583740
15179271 3462180 15183033 3462780
15179271 3536100 15183033 3536700
15179499 3399780 15183261 3400380
15179727 3502020 15194433 3502620
15180411 3476580 15182349 3477180
15180525 3453540 15184059 3454140
15180525 3461220 15184059 3461820
15180753 3352740 15184059 3353340
15180753 3401700 15184059 3402300
15180753 3403620 15184059 3404220
15181095 3432900 15195801 3433500
15181095 3435300 15184059 3435900
15181095 3441060 15184059 3441660
15181095 3454980 15183603 3455580
15181095 3477540 15184059 3478140
15181095 3481380 15184059 3481980
15181095 3517860 15184059 3518460
15181095 3573060 15195801 3573660
15181095 3599940 15195801 3600540
15181323 3480420 15183261 3481020
15182007 3394020 15184059 3394620
15182007 3581220 15184059 3581820
15182235 3431460 15184059 3432060
15182235 3570660 15184059 3571260
15182235 3579300 15184059 3579900
15182349 3598500 15184059 3599100
15182463 3386340 15183489 3386940
15182463 3400740 15184059 3401340
15182463 3406500 15184059 3407100
15182463 3414660 15197169 3415260
15182463 3463140 15184059 3463740
15182463 3484260 15184059 3484860
15182463 3564900 15184059 3565500
15182691 3464100 15184059 3464700
15182691 3479460 15184059 3480060
15182691 3510180 15183717 3510780
15182691 3584100 15184059 3584700
15182919 3487140 15184059 3487740
15182919 3520740 15184059 3521340
15182919 3582180 15184059 3582780
15183033 3466500 15197739 3467100
15183147 3349860 15184059 3350460
15183147 3384420 15183945 3385020
15183147 3410340 15184059 3410940
15183147 3411300 15184059 3411900
15183147 3482340 15184059 3482940
15183147 3601380 15184059 3601980
15183261 3394980 15184059 3395580
15183261 3452580 15184059 3453180
15183261 3548100 15197967 3548700
15183375 3348900 15184059 3349500
15183375 3393060 15184059 3393660
15183375 3398820 15185427 3399420
15183375 3404580 15185427 3405180
15183375 3419940 15184059 3420540
15183375 3430500 15184059 3431100
15183375 3437220 15185427 3437820
15183375 3448740 15184059 3449340
15183375 3506340 15184059 3506940
15183375 3546660 15184059 3547260
15183375 3562020 15185427 3562620
15183375 3569700 15184059 3570300
15183375 3588900 15184059 3589500
15183489 3507300 15184059 3507900
15183603 3353700 15184059 3354300
15183603 3355620 15192723 3356220
15183603 3370980 15192723 3371580
15183603 3405540 15192723 3406140
15183603 3408420 15192723 3409020
15183603 3444900 15184059 3445500
15183603 3467460 15198309 3468060
15183603 3549540 15184059 3550140
15183603 3562980 15192723 3563580
15183603 3571620 15192723 3572220
15183603 3580260 15184059 3580860
15183603 3591780 15192723 3592380
15183603 3607140 15192723 3607740
15183831 3389220 15184059 3389820
15183831 3425700 15184059 3426300
15183831 3454980 15198537 3455580
15183831 3559140 15184059 3559740
15183831 3561060 15184059 3561660
15183945 3354660 15192723 3355260
15183945 3370020 15192723 3370620
15183945 3371940 15192723 3373500
15183945 3375780 15192723 3378300
15183945 3416100 15192723 3417660
15183945 3418020 15192723 3418620
15183945 3426660 15192723 3428220
15183945 3438180 15192723 3440700
15183945 3445860 15192723 3447420
15183945 3450660 15192723 3452220
15183945 3474660 15192723 3476220
15183945 3476580 15192723 3477180
15183945 3480420 15192723 3481020
15183945 3493860 15192723 3495420
15183945 3537060 15192723 3538620
15183945 3575460 15192723 3577020
15183945 3577380 15192723 3577980
15183945 3585060 15192723 3585660
15183945 3589860 15192723 3590460
15183945 3592740 15192723 3595260
15183945 3605220 15192723 3605820
15183945 3608100 15192723 3609660
15184287 3448260 15195345 3448860
15184287 3471300 15191697 3471900
15184515 3384900 15195573 3385500
15184743 3510660 15195801 3511260
15185199 3558660 15192609 3559260
15185313 3456420 15192723 3457020
15185313 3477540 15196371 3478140
15185313 3482340 15196371 3482940
15185313 3487140 15196371 3487740
15185313 3568740 15192723 3569340
15185313 3596580 15192723 3597180
15186339 3380100 15197397 3380700
15186795 3582660 15197853 3583260
15187479 3399300 15194889 3399900
15187593 3524100 15195003 3524700
15187935 3402180 15197169 3402780
15188391 3509700 15195801 3510300
15188391 3560580 15197625 3561180
15188391 3574020 15197625 3574620
15188391 3583620 15195801 3584220
15188391 3601860 15195801 3602460
15189075 3517380 15198309 3517980
15190557 3394500 15197967 3395100
15190899 3393540 15198651 3394140
15190899 3513540 15198651 3514140
15190899 3526020 15198651 3526620
15191355 3515460 15196941 3516060
15192039 3388740 15197625 3389340
15192609 3348900 15198651 3350460
15192609 3350820 15198195 3352380
15192609 3352740 15198195 3353340
15192609 3353700 15198651 3354300
15192609 3365220 15198195 3366780
15192609 3367140 15198195 3367740
15192609 3381540 15196371 3383100
15192609 3383460 15196371 3384060
15192609 3395940 15198195 3396540
15192609 3396900 15198651 3398460
15192609 3406500 15198651 3408060
15192609 3410340 15198651 3411900
15192609 3424740 15198195 3425340
15192609 3425700 15198651 3426300
15192609 3429540 15198651 3431100
15192609 3441060 15198195 3441660
15192609 3442020 15198195 3443580
15192609 3443940 15198195 3444540
15192609 3461220 15198195 3462780
15192609 3463140 15198651 3464700
15192609 3465060 15198651 3465660
15192609 3483300 15196371 3484860
15192609 3485220 15198651 3486780
15192609 3504420 15198651 3505980
15192609 3506340 15198195 3507900
15192609 3508260 15198195 3508860
15192609 3518820 15198195 3520380
15192609 3520740 15198195 3521340
15192609 3533220 15198651 3534780
15192609 3535140 15198651 3536700
15192609 3552420 15198195 3553980
15192609 3557220 15198195 3557820
15192609 3558180 15198651 3559740
15192609 3563940 15198651 3565500
15192609 3569700 15198651 3571260
15192609 3578340 15198195 3578940
15192609 3579300 15198651 3580860
15192609 3586020 15198651 3588540
15192723 3456900 15198309 3457500
15192723 3495300 15198309 3495900
15192837 3453060 15198423 3453660
15192951 3572100 15198537 3572700
15193863 3542340 15197625 3542940
15194091 3490500 15197853 3491100
15195003 3400260 15196941 3400860
15195231 3392580 15198651 3393180
15195231 3445380 15198651 3445980
15195345 3401220 15198195 3401820
15195345 3604740 15197283 3605340
15195573 3360900 15198651 3361500
15195573 3363780 15197511 3364380
15195687 3431940 15198651 3432540
15195687 3434820 15198651 3435420
15195687 3435780 15197625 3437340
15195687 3454020 15198651 3454620
15195687 3455940 15198651 3456540
15195687 3549060 15198651 3549660
15195687 3554820 15198651 3555420
15195687 3561540 15198651 3562140
15195687 3568260 15198651 3568860
15195687 3590340 15198651 3590940
15195687 3592260 15198537 3593820
15195687 3594180 15197625 3595740
15195687 3596100 15198537 3597660
15195687 3598020 15198651 3598620
15195687 3605700 15198537 3607260
15195687 3607620 15198651 3608220
15195687 3608580 15198651 3609180
15195915 3355140 15198423 3355740
15195915 3550020 15198423 3550620
15196029 3377220 15197967 3377820
15196143 3476100 15198651 3476700
15196257 3479460 15198651 3480060
15196713 3375300 15198651 3375900
15196827 3413700 15198651 3414300
15196827 3417540 15198651 3418140
15196827 3458820 15198651 3459420
15196827 3501060 15198651 3501660
15196827 3574980 15198651 3575580
15196941 3381060 15198651 3381660
15196941 3603780 15198651 3604380
15197055 3357060 15198651 3357660
15197055 3369540 15198651 3370140
15197055 3415620 15198651 3416220
15197055 3474180 15198651 3474780
15197055 3511620 15198651 3512220
15197055 3525060 15198651 3525660
15197169 3403140 15198651 3403740
15197283 3359940 15198651 3360540
15197283 3379140 15198651 3379740
15197283 3420420 15198651 3421020
15197283 3483780 15198651 3484380
15197283 3589380 15198651 3589980
15197397 3358020 15198651 3358620
15197397 3408900 15198651 3409500
15197397 3427140 15198651 3427740
15197397 3567300 15198651 3567900
15197511 3382020 15198651 3382620
15197511 3382980 15198651 3383580
15197511 3539460 15198651 3540060
15197511 3543300 15198651 3543900
15197511 3598980 15198651 3599580
15197511 3599940 15198651 3600540
15197625 3387780 15198651 3388380
15197739 3361860 15198651 3362460
15197739 3416580 15198651 3417180
15197739 3499140 15198651 3499740
15197739 3575940 15198651 3576540
15197853 3459780 15198651 3460380
15197853 3526980 15198651 3527580
15197853 3540420 15198651 3541020
15197967 3372420 15198651 3373020
15197967 3500100 15198651 3500700
15197967 3502020 15198651 3502620
15197967 3522180 15198651 3522780
15198081 3376260 15198651 3377340
15198081 3390180 15198651 3390780
15198081 3421860 15198651 3423420
15198081 3447780 15198651 3448380
15198081 3562980 15198651 3563580
15198195 3373380 15198651 3373980
15198195 3378180 15198651 3378780
15198195 3383940 15198651 3384540
15198195 3384900 15198651 3385500
15198195 3385860 15198651 3386460
15198195 3404100 15198651 3404700
15198195 3405060 15198651 3405660
15198195 3441540 15198651 3442140
15198195 3472260 15198651 3472860
15198195 3518340 15198651 3518940
15198195 3546180 15198651 3546780
15198309 3368580 15198651 3369180
15198309 3468420 15198651 3469020
15198423 3351300 15198651 3352860
15198423 3399300 15198651 3399900
15198423 3432900 15198651 3434460
15198423 3437700 15198651 3439260
15198423 3446340 15198651 3446940
15198423 3450180 15198651 3451740
15198423 3496260 15198651 3496860
15198423 3509700 15198651 3511260
15198423 3576900 15198651 3578460
15198423 3600900 15198651 3602460
15227493 3347940 15242085 3378300
15227493 3378660 15242085 3409020
15227493 3409380 15336135 3440220
15227493 3470820 15336135 3501660
15227493 3532260 15242085 3562620
15227493 3562980 15242085 3593340
15227493 3593700 15336135 3609180
15298401 3347940 15334995 3378300
15298401 3378660 15334995 3409020
15298401 3532260 15334995 3562620
15298401 3562980 15334995 3593340
15334881 3441540 15468375 3443580
15334881 3443940 15468375 3444540
15336021 3573060 15440559 3573660
15373641 3437220 15463587 3437820
15440445 3410820 15455151 3411420
15455037 3573060 15458799 3573660
15458685 3410820 15459483 3411420
15459255 3573060 15460053 3573660
15459483 3410820 15460281 3411420
15463815 3410820 15466209 3411420
15464157 3436740 15466209 3437340
15464499 3573060 15466209 3573660
15466209 3437220 15467007 3437820
15467463 3436740 15468261 3437340
