15146781 3347940 15148263 3349980
15146781 3350340 15148263 3350940
15146781 3351780 15148263 3353820
15146781 3354180 15149973 3354780
15146781 3355620 15148263 3357660
15146781 3358500 15150201 3359100
15146781 3359460 15148263 3361500
15146781 3362340 15150543 3362940
15146781 3363300 15148263 3365340
15146781 3366180 15148719 3366780
15146781 3368100 15149973 3368700
15146781 3369060 15148263 3370140
15146781 3370500 15148263 3371100
15146781 3371940 15149973 3372540
15146781 3373860 15149289 3374460
15146781 3374820 15148263 3375900
15146781 3376260 15148605 3376860
15146781 3377700 15148263 3378780
15146781 3379140 15148719 3379740
15146781 3380100 15149973 3381180
15146781 3381540 15147921 3382140
15146781 3382500 15150201 3383100
15146781 3383940 15150201 3384540
15146781 3384900 15147921 3385980
15146781 3386340 15156015 3386940
15146781 3387780 15150543 3388380
15146781 3388740 15147921 3389820
15146781 3390180 15148605 3390780
15146781 3391140 15150201 3391740
15146781 3392580 15150885 3393180
15146781 3393540 15150885 3394140
15146781 3394500 15148719 3395580
15146781 3396420 15148719 3397020
15146781 3397380 15150543 3397980
15146781 3398340 15149973 3399420
15146781 3399780 15148719 3400380
15146781 3400740 15148719 3401340
15146781 3402180 15149289 3402780
15146781 3403140 15150543 3403740
15146781 3404100 15149973 3405180
15146781 3405540 15149061 3406140
15146781 3406500 15147921 3407100
15146781 3407460 15150201 3408060
15146781 3408900 15148833 3409500
15146781 3409860 15150543 3410460
15146781 3410820 15148719 3411900
15146781 3412260 15150543 3412860
15146781 3413700 15150543 3414300
15146781 3414660 15150543 3415260
15146781 3415620 15148719 3416700
15146781 3417060 15150543 3417660
15146781 3418500 15147921 3419580
15146781 3420420 15149289 3421020
15146781 3421380 15147807 3421980
15146781 3422340 15149289 3422940
15146781 3423300 15147921 3424380
15146781 3424740 15147921 3425340
15146781 3425700 15150543 3426300
15146781 3427140 15149973 3428220
15146781 3429060 15148377 3429660
15146781 3430020 15149973 3431100
15146781 3431460 15148149 3432060
15146781 3432420 15150201 3433020
15146781 3433860 15149289 3434460
15146781 3434820 15147921 3435900
15146781 3436260 15148719 3436860
15146781 3437700 15149973 3438300
15146781 3438660 15147921 3439740
15146781 3440580 15150543 3441180
15146781 3441540 15148719 3442620
15146781 3442980 15150543 3443580
15146781 3444420 15149973 3445020
15146781 3445380 15148377 3446460
15146781 3446820 15152367 3447420
15146781 3447780 15150543 3448380
15146781 3448740 15154191 3449340
15146781 3449700 15157839 3450300
15146781 3450660 15150543 3451260
15146781 3452100 15148833 3452700
15146781 3453060 15147921 3454140
15146781 3454500 15150543 3455100
15146781 3455460 15151455 3456060
15146781 3456900 15150201 3457500
15146781 3457860 15147921 3458940
15146781 3459300 15150543 3459900
15146781 3460740 15154191 3461340
15146781 3461700 15147921 3462300
15146781 3462660 15148719 3463740
15146781 3464100 15148263 3466140
15146781 3466980 15147807 3467580
15146781 3467940 15148263 3470940
15146781 3471300 15148263 3471900
15146781 3472740 15149973 3473340
15146781 3474660 15150201 3475260
15146781 3475620 15148263 3476700
15146781 3477060 15148605 3477660
15146781 3478500 15148263 3479580
15146781 3479940 15148263 3480540
15146781 3480900 15148605 3481500
15146781 3482340 15148263 3483420
15146781 3483780 15148263 3484380
15146781 3484740 15148605 3485340
15146781 3486180 15148263 3487260
15146781 3487620 15148263 3488220
15146781 3489060 15149973 3489660
15146781 3490980 15150201 3491580
15146781 3491940 15148263 3493020
15146781 3493380 15148605 3493980
15146781 3494820 15149289 3495420
15146781 3495780 15148263 3498780
15146781 3499620 15148605 3500220
15146781 3500580 15148263 3502620
15146781 3503460 15148719 3504060
15146781 3504420 15148263 3506460
15146781 3507300 15150201 3507900
15146781 3508260 15148263 3509340
15146781 3509700 15148605 3510300
15146781 3511140 15148719 3511740
15146781 3512100 15148263 3513180
15146781 3513540 15148605 3514140
15146781 3514980 15148719 3515580
15146781 3515940 15148263 3518940
15146781 3519780 15150543 3520380
15146781 3520740 15148263 3522780
15146781 3523620 15148719 3524220
15146781 3524580 15149973 3525180
15146781 3525540 15148263 3526620
15146781 3527460 15148377 3528060
15146781 3528420 15148263 3531420
15146781 3531780 15149973 3532380
15146781 3533220 15149973 3533820
15146781 3535140 15150201 3535740
15146781 3536100 15148263 3537180
15146781 3537540 15148605 3538140
15146781 3538980 15148263 3540060
15146781 3540420 15148263 3541020
15146781 3541380 15148605 3541980
15146781 3542340 15149289 3542940
15146781 3543300 15149973 3544380
15146781 3544740 15154191 3545340
15146781 3546180 15147693 3546780
15146781 3547140 15148719 3548220
15146781 3548580 15148149 3549180
15146781 3549540 15148833 3550140
15146781 3550500 15150543 3551100
15146781 3551940 15148605 3552540
15146781 3552900 15147693 3553500
15146781 3553860 15149289 3554460
15146781 3554820 15150543 3555420
15146781 3555780 15150885 3556380
15146781 3556740 15147693 3557820
15146781 3558180 15150543 3558780
15146781 3559140 15150201 3559740
15146781 3560580 15149973 3561660
15146781 3562020 15150201 3562620
15146781 3563460 15147921 3564540
15146781 3564900 15150543 3565500
15146781 3566340 15150543 3566940
15146781 3567300 15152367 3567900
15146781 3568260 15147009 3568860
15146781 3569220 15148263 3569820
15146781 3570180 15148605 3570780
15146781 3571620 15150201 3572220
15146781 3572580 15148263 3573660
15146781 3574020 15148605 3574620
15146781 3575460 15148377 3576060
15146781 3576420 15148263 3577500
15146781 3577860 15150543 3578460
15146781 3579300 15148263 3580380
15146781 3580740 15148263 3581340
15146781 3581700 15148605 3582300
15146781 3583140 15148263 3584220
15146781 3584580 15148263 3585180
15146781 3585540 15148605 3586140
15146781 3586980 15148263 3589980
15146781 3590340 15148605 3590940
15146781 3591780 15150201 3592380
15146781 3592740 15148263 3595740
15146781 3596100 15149973 3596700
15146781 3597540 15148263 3599580
15146781 3600420 15148719 3601020
15146781 3601860 15152367 3602460
15146781 3602820 15147921 3603900
15146781 3604260 15151455 3604860
15146781 3605700 15150201 3606300
15146781 3606660 15147921 3607740
15146781 3608100 15148719 3608700
15146781 3609060 15176079 3609660
15147579 3568260 15150201 3568860
15148035 3552900 15152709 3553500
15148149 3367140 15152253 3367740
15148149 3372900 15150201 3373500
15148149 3466500 15149175 3467100
15148149 3473700 15151911 3474300
15148149 3490020 15149973 3490620
15148149 3534180 15153735 3534780
15148263 3349860 15149973 3350460
15148263 3381540 15148833 3382140
15148263 3461700 15149517 3462300
15148263 3498180 15149061 3499260
15148263 3556740 15150201 3557340
15148263 3587940 15149973 3588540
15148491 3352260 15152253 3352860
15148491 3359940 15151341 3360540
15148491 3363780 15152253 3364380
15148491 3418500 15149517 3419100
15148491 3438660 15149061 3439260
15148491 3445380 15149289 3446460
15148491 3453060 15149517 3454140
15148491 3469380 15149517 3469980
15148491 3497220 15152253 3497820
15148491 3504900 15150429 3505500
15148491 3517380 15149517 3517980
15148491 3529860 15150201 3530460
15148491 3594180 15149061 3594780
15148491 3606660 15150429 3607740
15148605 3348420 15150429 3349020
15148605 3428580 15149517 3429180
15148605 3584100 15149973 3584700
15148719 3518340 15150429 3518940
15148719 3548100 15149973 3549180
15148947 3375780 15149973 3376380
15148947 3377220 15149517 3377820
15148947 3378660 15149973 3379260
15148947 3419460 15150201 3420060
15148947 3465540 15149973 3466140
15148947 3487620 15149745 3488700
15148947 3500100 15149745 3501180
15148947 3508740 15150885 3509340
15148947 3569220 15149745 3570300
15149061 3467940 15149745 3468540
15149061 3470340 15149973 3470940
15149061 3516420 15149517 3517020
15149061 3527940 15149517 3528540
15149061 3586500 15149517 3587100
15149061 3588900 15149859 3589500
15149061 3589860 15149289 3590460
15149175 3370980 15149745 3371580
15149175 3462660 15150201 3463260
15149175 3502500 15150885 3503100
15149175 3520740 15150201 3521340
15149175 3528900 15150201 3529500
15149175 3546180 15151113 3546780
15149175 3598020 15149517 3598620
15149175 3598980 15149973 3600060
15149403 3394500 15149973 3395100
15149403 3399780 15150885 3400380
15149403 3400740 15149973 3401340
15149403 3406500 15150429 3407100
15149403 3408900 15149973 3409500
15149403 3424740 15149973 3425340
15149403 3466500 15150201 3467580
15149403 3495300 15151797 3495900
15149403 3498180 15150201 3499260
15149403 3505860 15150201 3506940
15149403 3536100 15153621 3536700
15149403 3541380 15150201 3541980
15149403 3549540 15151341 3550140
15149403 3575940 15150201 3577020
15149403 3581700 15151797 3582300
15149403 3600420 15150201 3601020
15149517 3503460 15150201 3504060
15149517 3514980 15150201 3515580
15149631 3356580 15150429 3357180
15149631 3373860 15150657 3374460
15149631 3381540 15149973 3382140
15149631 3390180 15150429 3390780
15149631 3428580 15150429 3429180
15149631 3438660 15150201 3439260
15149631 3471300 15150429 3471900
15149631 3491940 15157041 3492540
15149631 3594180 15149973 3595260
15149859 3357540 15152937 3358140
15149859 3365700 15150429 3366300
15149859 3374820 15151569 3375420
15149859 3377220 15150201 3377820
15149859 3384900 15150201 3385500
15149859 3388740 15151569 3389340
15149859 3395460 15152709 3396060
15149859 3401700 15152709 3402300
15149859 3421380 15151569 3421980
15149859 3422340 15151113 3422940
15149859 3423300 15153621 3423900
15149859 3433380 15152367 3433980
15149859 3434820 15151341 3435420
15149859 3436260 15150429 3436860
15149859 3457860 15151569 3458460
15149859 3468420 15153621 3469020
15149859 3477060 15151569 3477660
15149859 3478980 15150429 3479580
15149859 3479940 15150885 3480540
15149859 3481860 15150201 3482460
15149859 3482820 15151797 3483420
15149859 3484260 15150201 3484860
15149859 3485700 15150201 3486300
15149859 3486660 15153621 3487260
15149859 3493860 15152937 3494460
15149859 3500100 15150657 3501180
15149859 3516900 15151341 3517500
15149859 3521700 15152709 3522300
15149859 3523140 15150657 3524220
15149859 3525540 15152025 3526140
15149859 3526980 15152709 3527580
15149859 3539460 15151569 3540060
15149859 3551460 15153621 3552060
15149859 3563460 15151113 3564060
15149859 3574020 15150657 3575100
15149859 3578820 15150201 3579420
15149859 3579780 15152709 3580380
15149859 3586020 15150429 3586620
15149859 3589380 15150201 3590460
15149859 3590820 15151797 3591420
15149859 3602820 15150885 3603420
15150087 3350340 15151113 3351420
15150087 3355140 15152253 3356220
15150087 3368580 15153393 3369180
15150087 3371460 15152253 3372540
15150087 3418500 15150885 3419100
15150087 3420420 15153849 3421020
15150087 3439620 15157497 3440220
15150087 3441540 15151113 3442620
15150087 3452100 15151113 3453180
15150087 3463620 15152253 3464700
15150087 3509700 15150429 3510300
15150087 3512580 15152025 3513180
15150087 3542340 15150885 3543420
15150087 3547140 15150885 3548220
15150087 3560100 15151341 3560700
15150087 3586980 15151113 3587580
15150087 3595140 15152253 3598140
15150315 3354180 15151341 3354780
15150315 3405540 15151455 3406140
15150315 3424740 15152709 3425340
15150315 3431460 15151797 3432060
15150315 3465540 15151455 3466140
15150315 3484740 15151797 3485340
15150315 3505860 15152481 3506940
15150315 3510660 15152481 3511740
15150315 3531780 15152025 3532380
15150315 3572100 15150885 3572700
15150429 3384420 15151341 3385020
15150429 3389700 15150657 3390300
15150429 3462180 15152937 3462780
15150543 3378180 15151341 3379260
15150543 3381060 15153393 3381660
15150543 3382500 15152025 3383100
15150543 3387300 15151113 3387900
15150543 3397860 15153393 3398460
15150543 3403620 15153051 3404220
15150543 3429060 15152025 3429660
15150543 3436260 15151683 3436860
15150543 3444420 15151569 3445500
15150543 3456420 15151341 3457020
15150543 3466500 15151113 3467100
15150543 3472260 15150999 3472860
15150543 3529860 15152481 3530460
15150543 3548580 15152709 3549180
15150543 3564900 15151113 3565500
15150543 3583620 15152481 3584700
15150543 3588420 15154305 3589020
15150543 3593220 15151341 3594300
15150543 3605700 15150885 3606300
15150771 3347460 15151569 3348540
15150771 3358980 15152481 3359580
15150771 3375780 15154533 3376380
15150771 3396420 15152709 3397020
15150771 3407460 15151341 3408060
15150771 3428100 15152253 3428700
15150771 3437220 15153621 3437820
15150771 3454020 15151113 3454620
15150771 3459300 15151911 3459900
15150771 3470820 15152709 3471420
15150771 3478980 15151911 3479580
15150771 3498180 15151569 3499260
15150771 3514500 15152253 3515100
15150771 3553860 15151797 3554460
15150771 3561540 15151569 3562620
15150771 3598980 15152937 3599580
15150771 3599940 15151797 3600540
15150771 3606660 15151113 3607260
15150999 3348900 15154761 3349500
15150999 3390180 15152025 3390780
15150999 3409860 15151341 3410460
15150999 3426180 15151797 3426780
15150999 3443460 15162057 3444060
15150999 3471780 15152025 3472380
15150999 3478020 15152481 3478620
15150999 3527940 15151797 3529020
15150999 3543300 15151797 3544380
15150999 3556740 15151797 3557820
15150999 3605220 15151797 3605820
15150999 3607620 15152253 3608220
15151113 3432420 15151569 3433020
15151227 3373860 15152709 3374460
15151227 3394500 15151683 3395100
15151227 3400260 15154077 3400860
15151227 3430020 15152253 3430620
15151227 3453060 15152025 3454140
15151227 3479940 15151455 3480540
15151227 3487620 15154077 3488220
15151227 3522660 15152709 3523260
15151227 3540420 15152253 3541020
15151227 3554820 15152025 3555900
15151227 3563940 15152025 3564540
15151227 3571620 15153165 3572220
15151341 3406500 15152025 3407100
15151341 3434820 15152481 3435900
15151455 3370500 15152253 3371100
15151455 3398820 15154761 3399420
15151455 3408900 15152709 3409500
15151455 3413700 15152025 3414300
15151455 3414660 15152025 3415260
15151455 3427140 15152481 3427740
15151455 3441540 15152253 3442620
15151455 3455460 15152481 3456060
15151455 3465060 15152481 3465660
15151455 3476100 15152025 3476700
15151455 3502020 15152481 3502620
15151455 3508260 15152253 3508860
15151455 3519780 15152481 3520380
15151455 3565380 15152937 3565980
15151455 3569220 15152481 3569820
15151455 3572580 15152937 3573180
15151455 3574020 15152253 3575100
15151455 3606180 15153393 3606780
15151569 3409860 15152595 3410460
15151683 3350340 15153279 3351420
15151683 3359940 15153279 3360540
15151683 3361860 15152937 3362460
15151683 3387300 15152709 3387900
15151683 3392580 15152823 3393180
15151683 3393540 15152481 3394140
15151683 3421860 15153165 3422460
15151683 3440580 15153393 3441180
15151683 3452100 15152937 3452700
15151683 3456900 15156357 3457500
15151683 3466980 15154533 3467580
15151683 3516420 15152481 3517020
15151683 3546180 15154533 3546780
15151683 3547140 15152709 3548220
15151683 3560580 15152481 3561180
15151683 3566340 15153621 3566940
15151683 3592260 15153165 3592860
15151683 3594180 15153165 3594780
15151683 3603300 15152025 3603900
15151683 3604260 15152481 3604860
15151797 3369540 15152709 3370140
15151797 3376740 15153165 3377340
15151797 3495780 15152937 3496380
15151797 3503940 15152709 3504540
15151911 3384900 15152709 3385500
15151911 3391140 15152481 3391740
15151911 3405540 15152937 3406140
15151911 3417060 15156129 3417660
15151911 3459780 15152709 3460380
15151911 3478980 15152481 3479580
15151911 3480420 15152481 3481020
15151911 3483300 15152937 3483900
15151911 3500100 15152709 3501180
15151911 3504900 15154761 3505500
15151911 3558180 15152481 3558780
15151911 3575940 15152709 3577020
15151911 3577860 15152481 3578460
15152025 3402660 15152709 3403260
15152139 3353220 15157725 3353820
15152139 3360900 15154989 3361500
15152139 3364740 15152937 3365820
15152139 3377700 15154761 3378300
15152139 3379140 15153165 3379740
15152139 3382980 15152823 3384060
15152139 3410820 15153849 3411420
15152139 3412260 15153165 3412860
15152139 3413220 15153165 3413820
15152139 3415620 15156813 3416220
15152139 3418020 15154989 3418620
15152139 3431940 15155901 3432540
15152139 3447780 15163197 3448380
15152139 3457860 15152709 3458940
15152139 3469380 15153849 3469980
15152139 3472260 15153165 3472860
15152139 3474180 15152709 3474780
15152139 3475140 15153621 3475740
15152139 3477060 15153393 3477660
15152139 3481380 15152481 3481980
15152139 3482340 15154077 3482940
15152139 3484260 15152937 3484860
15152139 3488580 15153165 3489180
15152139 3490500 15153393 3491100
15152139 3492900 15155331 3493500
15152139 3498180 15152481 3498780
15152139 3499140 15153621 3499740
15152139 3502980 15153165 3503580
15152139 3513540 15153393 3514140
15152139 3515460 15152709 3516060
15152139 3520740 15155901 3521340
15152139 3524100 15153393 3524700
15152139 3526020 15153621 3526620
15152139 3528420 15154989 3529020
15152139 3530820 15154077 3531420
15152139 3532740 15153165 3533340
15152139 3535140 15159549 3535740
15152139 3537540 15152937 3538140
15152139 3538500 15154077 3539100
15152139 3541380 15153165 3541980
15152139 3542340 15152937 3542940
15152139 3559140 15153849 3559740
15152139 3568260 15155901 3568860
15152139 3570180 15154077 3570780
15152139 3578820 15154305 3579420
15152139 3580740 15153165 3581340
15152139 3582660 15152937 3583260
15152139 3589380 15155217 3589980
15152139 3591300 15153621 3591900
15152253 3356100 15152709 3356700
15152253 3382020 15153165 3382620
15152367 3354180 15153279 3354780
15152367 3366180 15153621 3366780
15152367 3404580 15154305 3405180
15152367 3406500 15153165 3407100
15152367 3426180 15153051 3426780
15152367 3446340 15152937 3446940
15152367 3494820 15153393 3495420
15152367 3509700 15156129 3510300
15152367 3512580 15153849 3513180
15152367 3514500 15153165 3515100
15152367 3517380 15153165 3517980
15152367 3518340 15154077 3518940
15152367 3539460 15153165 3540060
15152367 3540420 15153165 3541020
15152367 3553860 15153393 3554940
15152367 3556740 15152709 3557820
15152367 3562500 15155217 3563100
15152367 3564420 15155217 3565020
15152367 3574980 15153393 3575580
15152367 3581700 15152937 3582300
15152367 3585060 15154305 3585660
15152367 3599940 15152937 3600540
15152367 3601860 15152937 3602460
15152367 3602820 15153165 3603420
15152367 3605220 15152937 3605820
15152481 3394500 15152709 3395100
15152481 3432900 15154077 3433980
15152595 3347460 15154761 3348540
15152595 3380100 15153165 3380700
15152595 3391620 15153165 3392220
15152595 3430500 15153165 3431100
15152595 3450660 15154305 3451260
15152595 3455940 15152937 3456540
15152595 3525060 15154305 3525660
15152595 3529860 15153735 3530460
15152595 3561540 15153165 3562140
15152595 3596580 15154305 3597180
15152709 3454020 15154305 3455100
15152823 3352260 15156129 3352860
15152823 3373380 15154761 3373980
15152823 3374340 15154419 3375420
15152823 3387780 15153963 3388860
15152823 3402180 15153393 3402780
15152823 3471300 15154191 3471900
15152823 3478020 15154419 3479100
15152823 3496740 15153963 3497340
15152823 3531780 15154533 3532380
15152823 3550020 15153621 3551100
15152823 3555300 15153621 3555900
15152823 3577380 15155217 3577980
15152823 3595620 15153849 3596220
15152937 3382980 15154533 3384060
15153051 3358980 15153279 3359580
15153051 3367140 15153735 3367740
15153051 3371460 15154647 3372540
15153051 3396420 15153279 3397020
15153051 3403620 15154191 3404220
15153051 3407460 15153393 3408060
15153051 3427140 15154647 3428220
15153051 3429060 15154647 3430140
15153051 3434820 15155901 3435420
15153051 3463140 15155445 3463740
15153051 3465540 15154647 3466620
15153051 3474180 15154077 3474780
15153051 3480900 15153621 3481500
15153051 3483780 15153849 3484380
15153051 3489540 15154077 3490140
15153051 3502020 15154761 3502620
15153051 3508260 15154533 3508860
15153051 3515460 15154077 3516060
15153051 3519300 15154761 3519900
15153051 3542820 15159549 3543420
15153051 3573540 15154077 3574140
15153051 3583620 15153621 3584220
15153051 3586980 15154989 3587580
15153051 3600900 15154647 3601980
15153051 3607620 15154305 3608220
15153165 3362820 15154761 3363900
15153165 3390660 15154761 3391740
15153165 3540420 15154761 3541500
15153279 3370500 15154419 3371100
15153279 3393540 15154533 3394140
15153279 3408420 15154989 3409020
15153279 3418980 15154419 3419580
15153279 3424740 15153735 3425340
15153279 3441540 15154077 3442620
15153279 3445380 15154077 3446460
15153279 3451620 15164337 3452220
15153279 3457860 15154077 3458460
15153279 3473220 15154077 3473820
15153279 3500100 15154077 3500700
15153279 3501060 15153849 3501660
15153279 3548100 15153621 3549180
15153279 3552420 15156129 3553020
15153279 3556740 15154077 3557340
15153279 3590340 15153621 3590940
15153279 3603780 15154761 3604380
15153393 3389700 15155331 3390300
15153393 3436260 15154077 3436860
15153507 3355620 15154989 3356220
15153507 3357060 15154533 3357660
15153507 3358020 15154761 3358620
15153507 3368100 15153849 3368700
15153507 3369060 15154647 3369660
15153507 3381060 15154533 3381660
15153507 3412260 15154191 3412860
15153507 3446820 15157269 3447420
15153507 3452580 15153849 3453180
15153507 3464580 15154533 3465180
15153507 3493860 15155445 3494460
15153507 3532740 15155445 3533340
15153507 3565380 15156357 3565980
15153507 3580740 15154533 3581340
15153507 3581700 15154533 3582300
15153507 3582660 15154533 3583260
15153507 3592260 15154989 3592860
15153507 3598020 15154647 3598620
15153507 3605700 15154761 3606300
15153621 3364260 15154305 3364860
15153621 3394500 15154647 3395100
15153621 3395460 15154305 3396060
15153621 3401220 15155217 3402300
15153621 3485220 15155445 3485820
15153735 3406980 15158409 3407580
15153735 3413700 15155673 3414300
15153735 3437700 15156129 3438300
15153735 3475620 15155217 3476220
15153735 3495300 15154533 3495900
15153735 3498180 15155673 3498780
15153735 3502980 15154761 3503580
15153735 3516420 15154533 3517020
15153735 3529860 15154305 3530460
15153735 3533700 15154761 3534300
15153735 3539460 15154761 3540060
15153735 3549060 15154305 3550140
15153735 3551460 15154191 3552060
15153735 3560100 15155217 3560700
15153735 3572580 15155103 3573180
15153735 3574500 15157497 3575100
15153735 3602340 15154761 3602940
15153849 3402660 15161259 3403260
15153849 3423780 15154989 3424380
15153963 3379140 15155445 3379740
15153963 3380100 15154761 3380700
15153963 3397860 15154989 3398460
15153963 3421380 15155445 3421980
15153963 3425220 15155217 3425820
15153963 3481380 15154761 3481980
15153963 3496260 15155445 3496860
15153963 3505860 15155787 3506460
15153963 3526980 15155103 3527580
15153963 3541860 15154989 3542460
15153963 3553380 15159549 3553980
15153963 3554340 15165021 3554940
15153963 3579780 15154761 3580380
15153963 3590820 15154875 3591420
15153963 3595140 15154989 3595740
15154077 3430980 15154305 3431580
15154191 3455460 15155217 3456060
15154191 3458820 15157497 3459420
15154191 3476580 15159777 3477180
15154191 3479940 15154989 3481020
15154191 3482820 15159777 3483420
15154191 3490020 15155901 3490620
15154191 3500580 15154989 3501180
15154191 3511140 15154761 3511740
15154191 3514500 15154989 3515100
15154191 3523620 15154989 3524220
15154191 3526020 15155445 3526620
15154191 3537540 15155445 3538140
15154191 3548100 15157497 3548700
15154305 3405060 15155787 3405660
15154305 3422820 15155331 3423420
15154305 3461700 15154989 3462300
15154305 3513540 15155901 3514140
15154305 3593220 15159891 3593820
15154305 3598980 15154989 3600060
15154419 3349860 15155445 3350460
15154419 3364740 15155217 3365820
15154419 3399780 15157953 3400380
15154419 3410820 15155217 3411420
15154419 3419460 15155217 3420540
15154419 3452580 15155445 3453180
15154419 3483780 15156357 3484380
15154419 3488580 15155673 3489180
15154419 3536580 15156357 3537180
15154419 3583620 15155217 3584220
15154533 3376260 15156129 3376860
15154533 3382020 15158295 3382620
15154533 3450660 15156813 3451260
15154533 3464100 15155445 3464700
15154533 3472260 15155445 3472860
15154533 3477540 15154989 3478140
15154533 3561060 15155673 3561660
15154533 3571140 15155445 3572220
15154533 3594180 15154989 3594780
15154647 3350820 15155673 3351420
15154647 3354180 15155445 3354780
15154647 3358980 15155445 3359580
15154647 3359940 15155673 3360540
15154647 3367140 15156129 3367740
15154647 3372420 15158409 3373020
15154647 3384900 15155901 3385980
15154647 3387300 15155445 3387900
15154647 3396420 15157269 3397500
15154647 3409860 15155673 3410460
15154647 3459780 15154989 3460860
15154647 3467460 15155445 3468540
15154647 3469380 15155103 3469980
15154647 3470340 15155445 3470940
15154647 3473220 15155901 3473820
15154647 3474180 15155217 3474780
15154647 3478980 15158409 3479580
15154647 3486180 15156357 3486780
15154647 3503940 15155445 3504540
15154647 3506820 15155445 3507420
15154647 3515460 15155445 3516060
15154647 3521700 15155673 3522300
15154647 3522660 15158409 3523260
15154647 3524580 15156129 3525180
15154647 3538500 15155445 3539100
15154647 3545220 15157497 3545820
15154647 3555780 15155217 3556860
15154647 3559140 15157497 3559740
15154647 3563460 15155673 3564060
15154647 3569220 15155445 3570300
15154647 3575940 15154989 3576540
15154647 3585540 15155445 3586620
15154647 3597060 15158409 3597660
15154875 3348420 15157041 3349500
15154875 3366180 15155901 3366780
15154875 3374340 15155901 3374940
15154875 3394500 15156015 3395100
15154875 3430020 15155901 3430620
15154875 3436260 15156015 3436860
15154875 3516420 15156471 3517500
15154875 3549060 15156585 3549660
15154875 3557220 15155901 3557820
15154875 3566340 15155673 3566940
15154875 3587940 15155901 3588540
15154875 3602820 15155445 3603420
15154875 3607620 15155445 3608700
15154989 3406020 15155217 3406620
15154989 3528900 15156585 3529980
15154989 3581700 15155331 3582300
15155103 3357060 15157269 3358140
15155103 3361380 15157497 3361980
15155103 3373380 15155901 3373980
15155103 3388260 15156129 3388860
15155103 3392580 15157269 3393660
15155103 3395460 15155673 3396060
15155103 3398340 15155673 3399420
15155103 3428100 15157269 3429180
15155103 3432900 15157269 3433980
15155103 3465060 15155673 3465660
15155103 3471300 15159321 3471900
15155103 3495300 15157041 3495900
15155103 3507780 15155901 3508380
15155103 3510660 15156129 3511260
15155103 3530820 15156699 3531900
15155103 3541380 15156585 3541980
15155103 3550020 15156129 3550620
15155103 3558180 15156243 3558780
15155103 3590820 15158637 3591420
15155103 3603780 15156243 3604380
15155103 3605700 15156129 3606300
15155217 3502020 15156813 3503100
15155331 3356100 15157269 3356700
15155331 3362820 15157497 3363420
15155331 3363780 15156357 3364380
15155331 3368100 15155559 3368700
15155331 3391140 15157497 3391740
15155331 3401220 15156927 3402300
15155331 3426180 15156927 3427260
15155331 3440580 15157041 3441180
15155331 3454500 15157725 3455100
15155331 3479940 15160917 3480540
15155331 3480900 15155673 3481500
15155331 3501060 15156813 3501660
15155331 3504900 15156813 3505500
15155331 3519300 15156927 3520380
15155331 3533700 15156927 3534780
15155331 3539940 15156129 3540540
15155331 3562020 15157497 3562620
15155331 3578820 15156927 3579900
15155331 3600900 15156813 3601500
15155445 3410820 15156471 3411420
15155559 3354660 15156813 3355260
15155559 3368580 15156813 3369180
15155559 3378180 15156699 3379260
15155559 3380100 15156129 3380700
15155559 3387300 15157497 3387900
15155559 3390180 15156699 3390780
15155559 3453060 15156129 3454140
15155559 3511620 15157155 3512700
15155559 3527940 15156357 3528540
15155559 3546180 15162969 3546780
15155559 3555300 15162057 3555900
15155559 3570660 15156813 3571260
15155559 3575940 15156129 3576540
15155559 3580740 15157155 3581820
15155673 3430980 15159435 3431580
15155673 3499140 15157269 3500220
15155673 3508740 15158181 3509340
15155673 3525540 15156129 3526140
15155787 3350340 15160005 3350940
15155787 3377220 15156357 3377820
15155787 3389220 15156243 3389820
15155787 3397860 15156927 3398460
15155787 3408420 15157497 3409020
15155787 3409380 15159549 3409980
15155787 3412740 15156357 3413340
15155787 3423780 15157041 3424380
15155787 3441540 15156585 3442620
15155787 3461700 15156585 3462300
15155787 3470340 15156357 3470940
15155787 3518340 15156357 3518940
15155787 3584580 15156813 3585180
15155901 3418020 15156357 3418620
15156015 3358500 15159093 3359100
15156015 3365700 15157269 3366300
15156015 3404100 15157269 3404700
15156015 3455460 15157041 3456060
15156015 3463620 15157155 3464220
15156015 3494340 15157041 3494940
15156015 3556740 15156243 3557340
15156015 3561060 15157041 3561660
15156015 3595140 15156357 3595740
15156015 3607620 15165249 3608220
15156129 3366660 15157269 3367260
15156129 3370500 15157041 3371100
15156129 3406020 15156585 3406620
15156129 3418980 15157041 3419580
15156129 3434820 15157269 3435420
15156129 3436740 15157269 3437340
15156243 3386340 15156699 3386940
15156243 3388740 15157269 3389340
15156243 3429540 15158181 3430140
15156243 3464580 15157725 3465180
15156243 3466500 15158181 3467100
15156243 3468900 15158181 3469500
15156243 3472260 15157497 3472860
15156243 3513540 15157269 3514140
15156243 3515460 15157725 3516060
15156243 3525060 15156585 3525660
15156243 3532740 15157269 3533340
15156243 3563940 15157725 3564540
15156243 3573540 15157269 3574140
15156243 3587460 15157497 3588060
15156243 3603780 15158181 3604380
15156243 3606660 15157953 3607260
15156357 3514500 15156585 3515100
15156357 3517860 15157269 3518460
15156471 3352260 15157725 3352860
15156471 3373380 15157269 3373980
15156471 3384900 15157497 3385980
15156471 3395460 15157269 3396060
15156471 3410820 15157725 3411420
15156471 3431940 15163881 3432540
15156471 3456420 15157269 3457020
15156471 3460740 15157041 3461340
15156471 3469860 15158181 3470460
15156471 3473700 15157953 3474300
15156471 3498180 15157269 3498780
15156471 3507300 15157497 3507900
15156471 3526980 15157953 3527580
15156471 3572100 15157953 3572700
15156471 3588420 15160233 3589020
15156471 3594180 15158409 3594780
15156585 3375300 15157497 3376380
15156585 3376740 15156813 3377340
15156585 3556260 15157269 3556860
15156585 3564900 15158181 3565500
15156699 3380580 15157269 3381180
15156699 3416580 15157269 3417180
15156699 3422340 15164109 3422940
15156699 3453060 15157269 3454140
15156699 3490020 15157953 3490620
15156699 3492900 15157497 3493500
15156699 3497220 15158637 3497820
15156699 3509700 15158181 3510300
15156699 3521220 15157953 3521820
15156699 3527940 15159093 3528540
15156699 3529860 15157497 3530460
15156699 3539940 15157269 3540540
15156699 3540900 15157953 3541500
15156699 3551940 15158295 3553020
15156699 3568260 15157497 3568860
15156699 3575940 15157269 3576540
15156699 3582180 15157497 3582780
15156699 3583140 15157497 3583740
15156813 3374340 15157497 3374940
15156813 3379140 15159777 3379740
15156813 3467460 15157497 3468540
15156813 3484740 15157953 3485340
15156813 3490980 15157497 3491580
15156813 3496260 15157839 3496860
15156813 3537540 15158409 3538140
15156813 3538500 15158409 3539100
15156813 3571140 15159777 3571740
15156813 3585540 15162399 3586140
15156813 3601860 15157497 3602460
15156813 3604740 15157953 3605820
15156927 3355140 15160689 3355740
15156927 3363780 15160689 3364380
15156927 3367620 15157953 3368220
15156927 3377220 15157497 3377820
15156927 3389700 15157725 3390300
15156927 3406020 15157497 3406620
15156927 3412740 15157725 3413340
15156927 3414660 15164337 3415260
15156927 3417540 15164337 3418140
15156927 3419940 15162969 3420540
15156927 3424740 15158637 3425340
15156927 3438180 15157497 3438780
15156927 3459780 15160689 3460380
15156927 3486660 15157269 3487260
15156927 3505380 15158409 3505980
15156927 3514500 15157953 3515100
15156927 3524580 15158637 3525180
15156927 3579780 15157725 3580380
15156927 3592260 15157953 3592860
15156927 3595140 15157383 3595740
15156927 3598020 15157725 3599100
15156927 3599460 15158865 3600060
15156927 3602820 15157269 3603420
15157041 3398340 15159891 3398940
15157041 3480900 15157725 3481980
15157041 3488580 15157497 3489180
15157155 3364740 15160005 3365340
15157155 3368580 15158409 3369180
15157155 3369540 15158181 3370140
15157155 3371460 15158181 3372060
15157155 3382980 15157497 3384060
15157155 3405060 15158181 3405660
15157155 3411780 15157497 3412380
15157155 3413700 15164565 3414300
15157155 3460740 15157953 3461340
15157155 3461700 15157497 3462780
15157155 3463140 15157725 3463740
15157155 3474660 15158409 3475260
15157155 3475620 15157953 3476220
15157155 3483780 15157953 3484380
15157155 3487620 15157953 3488220
15157155 3493860 15158181 3494460
15157155 3503940 15159321 3504540
15157155 3557700 15160917 3558300
15157155 3566340 15157953 3567420
15157155 3576900 15157497 3577980
15157155 3584100 15157953 3584700
15157155 3586500 15157725 3587100
15157155 3589380 15158181 3589980
15157155 3600900 15160461 3601500
15157269 3499140 15158865 3500220
15157269 3517380 15157953 3517980
15157383 3347460 15159549 3348540
15157383 3359940 15158409 3360540
15157383 3388260 15158523 3388860
15157383 3394500 15158523 3395100
15157383 3396420 15158409 3397020
15157383 3433860 15159549 3434940
15157383 3440580 15158181 3441660
15157383 3450660 15159207 3451260
15157383 3485700 15158637 3486300
15157383 3501060 15159549 3502140
15157383 3511620 15159549 3512700
15157383 3519300 15159549 3520380
15157383 3530820 15159549 3531900
15157383 3533700 15159549 3534780
15157383 3539460 15158181 3540060
15157383 3549060 15158181 3550140
15157383 3575460 15158523 3576060
15157611 3356100 15159321 3356700
15157611 3373380 15159207 3374460
15157611 3380580 15158181 3381180
15157611 3395460 15158409 3396060
15157611 3416580 15158637 3417180
15157611 3423300 15158409 3424380
15157611 3426180 15159207 3427260
15157611 3456420 15158637 3457020
15157611 3490980 15158751 3491580
15157611 3498180 15159549 3498780
15157611 3507780 15159321 3508380
15157611 3532740 15161373 3533340
15157611 3556260 15157953 3556860
15157611 3561060 15158751 3561660
15157725 3436260 15159549 3436860
15157725 3448740 15159093 3449340
15157725 3562500 15159321 3563580
15157725 3580260 15159777 3580860
15157839 3348900 15158865 3349500
15157839 3351300 15159435 3352380
15157839 3365700 15158637 3366300
15157839 3370500 15160233 3371100
15157839 3393060 15159549 3393660
15157839 3403620 15158637 3404220
15157839 3406020 15161601 3406620
15157839 3415620 15165249 3416220
15157839 3428580 15158865 3429180
15157839 3453060 15158409 3454140
15157839 3462660 15158067 3463260
15157839 3486660 15158865 3487260
15157839 3495300 15159435 3496380
15157839 3513540 15158979 3514140
15157839 3528900 15159435 3529980
15157839 3543780 15162513 3544380
15157839 3547140 15158637 3548220
15157839 3569700 15158409 3570300
15157839 3602820 15159093 3603420
15157953 3389220 15159549 3389820
15157953 3478020 15159549 3478620
15157953 3487620 15159549 3488700
15157953 3540420 15159549 3541500
15158067 3411300 15161373 3411900
15158067 3435300 15159093 3435900
15158067 3439620 15159093 3440220
15158067 3454980 15160005 3455580
15158067 3489060 15158637 3489660
15158067 3506340 15159777 3506940
15158067 3516420 15159093 3517020
15158067 3559620 15158865 3560700
15158067 3565860 15158637 3566460
15158067 3566820 15158865 3567420
15158067 3582660 15160005 3583260
15158067 3598020 15159093 3598620
15158181 3465540 15158865 3466620
15158181 3526020 15159093 3526620
15158181 3536100 15159777 3536700
15158295 3367620 15159321 3368220
15158295 3385860 15159321 3386460
15158295 3429540 15159435 3430140
15158295 3438660 15162057 3439260
15158295 3461700 15159321 3462300
15158295 3464580 15162057 3465180
15158295 3492900 15159321 3493500
15158295 3541860 15159321 3542460
15158295 3549540 15159321 3550140
15158295 3574500 15159549 3575100
15158295 3578340 15159321 3578940
15158295 3584580 15159777 3585180
15158295 3605700 15160233 3606300
15158409 3406980 15159549 3407580
15158409 3408420 15160347 3409020
15158409 3446820 15158865 3447420
15158523 3371940 15159093 3372540
15158523 3381540 15159663 3382140
15158523 3394980 15159093 3395580
15158523 3399300 15159777 3399900
15158523 3400260 15159321 3401340
15158523 3442500 15162285 3443100
15158523 3468900 15159549 3469500
15158523 3470340 15159093 3470940
15158523 3504900 15159549 3505500
15158523 3548580 15160233 3549180
15158523 3551940 15159321 3553020
15158523 3573540 15160461 3574140
15158523 3581220 15159321 3581820
15158523 3583620 15160461 3584220
15158523 3594660 15159549 3595260
15158523 3604260 15160005 3604860
15158637 3391620 15160005 3392220
15158751 3353220 15161601 3353820
15158751 3357060 15160005 3357660
15158751 3388260 15160233 3388860
15158751 3424260 15159093 3424860
15158751 3440580 15160005 3441660
15158751 3444420 15161145 3445020
15158751 3473220 15160233 3473820
15158751 3475140 15162969 3475740
15158751 3508740 15159777 3509340
15158751 3521220 15159777 3521820
15158751 3545220 15162513 3545820
15158751 3556740 15161145 3557340
15158751 3589380 15160005 3589980
15158751 3590340 15161601 3590940
15158751 3595620 15159549 3596220
15158751 3596580 15159549 3597180
15158865 3491460 15160803 3492060
15158979 3360420 15160917 3361020
15158979 3365700 15162741 3366300
15158979 3368580 15160575 3369660
15158979 3383940 15159777 3384540
15158979 3396900 15160461 3397500
15158979 3404580 15161373 3405180
15158979 3412740 15164565 3413340
15158979 3449700 15161145 3450300
15158979 3453060 15159777 3454140
15158979 3455940 15159777 3456540
15158979 3465540 15160575 3466620
15158979 3474180 15159777 3474780
15158979 3502980 15159549 3503580
15158979 3509700 15160917 3510300
15158979 3517380 15159549 3517980
15158979 3537540 15159549 3538140
15158979 3538500 15160005 3539100
15158979 3550500 15160233 3551100
15158979 3558660 15159777 3559740
15158979 3566340 15160461 3566940
15158979 3569220 15160233 3569820
15158979 3598980 15160233 3599580
15159093 3380100 15160689 3380700
15159093 3421380 15164679 3421980
15159093 3469860 15160461 3470460
15159093 3480900 15160689 3481500
15159207 3372420 15162285 3373020
15159207 3374340 15162285 3374940
15159207 3456900 15161145 3457500
15159207 3489540 15160689 3490140
15159207 3493860 15160917 3494460
15159207 3563940 15162057 3564540
15159207 3567300 15160005 3568380
15159207 3575940 15159549 3576540
15159207 3586500 15159777 3587100
15159207 3591300 15160917 3591900
15159321 3427140 15160233 3428220
15159321 3448740 15166731 3449340
15159321 3513060 15160917 3513660
15159321 3514500 15159777 3515100
15159321 3518340 15160689 3518940
15159321 3526980 15159777 3527580
15159321 3572100 15160005 3573180
15159435 3361380 15162285 3361980
15159435 3362820 15160689 3363420
15159435 3375300 15161373 3375900
15159435 3376260 15160005 3376860
15159435 3377220 15160461 3378300
15159435 3382980 15160917 3383580
15159435 3384900 15160005 3385500
15159435 3386820 15162057 3387900
15159435 3410340 15174141 3410940
15159435 3424260 15165021 3424860
15159435 3425220 15161373 3425820
15159435 3426180 15160461 3426780
15159435 3430500 15160461 3431100
15159435 3445380 15160005 3446460
15159435 3450660 15163197 3451260
15159435 3457860 15161145 3458460
15159435 3458820 15161145 3459420
15159435 3462660 15162057 3463740
15159435 3467460 15160917 3468060
15159435 3481860 15160461 3482460
15159435 3494820 15160461 3495420
15159435 3496260 15160005 3496860
15159435 3500100 15163197 3500700
15159435 3507300 15160233 3507900
15159435 3523140 15162057 3523740
15159435 3525060 15160005 3525660
15159435 3526020 15160917 3526620
15159435 3539460 15161373 3540060
15159435 3551460 15160689 3552060
15159435 3560100 15161373 3560700
15159435 3570180 15160461 3570780
15159435 3576900 15160005 3577500
15159435 3578820 15160575 3579900
15159435 3587460 15162285 3588060
15159435 3598020 15160461 3598620
15159435 3599940 15163197 3600540
15159435 3602820 15159891 3603420
15159435 3606660 15160233 3607260
15159549 3533700 15161145 3534780
15159663 3367140 15160461 3367740
15159663 3382020 15160917 3382620
15159663 3435780 15160005 3436380
15159663 3460740 15160233 3461340
15159663 3483780 15161829 3486780
15159663 3487140 15161145 3487740
15159663 3524100 15160803 3524700
15159663 3528900 15162057 3529500
15159663 3529860 15160461 3530460
15159663 3547140 15160461 3548220
15159663 3575460 15160689 3576060
15159663 3577860 15160689 3578460
15159663 3581700 15160689 3582300
15159663 3596100 15160233 3596700
15159891 3390180 15160917 3390780
15159891 3392580 15160917 3393180
15159891 3399780 15160917 3400380
15159891 3409380 15167301 3409980
15159891 3432900 15160689 3433500
15159891 3434820 15160233 3435420
15159891 3468900 15160917 3469500
15159891 3470820 15160917 3471420
15159891 3497220 15162057 3498300
15159891 3504900 15160461 3505500
15159891 3536580 15160347 3537180
15159891 3580740 15161145 3581340
15159891 3592260 15161487 3593340
15160119 3351300 15161715 3352380
15160119 3389220 15160461 3389820
15160119 3397860 15164793 3398460
15160119 3437700 15162285 3438300
15160119 3454500 15161145 3455100
15160119 3478020 15162285 3478620
15160119 3482820 15160461 3483420
15160119 3488580 15160917 3489180
15160119 3498660 15167529 3499260
15160119 3503460 15161031 3504060
15160119 3508260 15162513 3508860
15160119 3519300 15161829 3519900
15160119 3520260 15161373 3520860
15160119 3526980 15160689 3527580
15160119 3527940 15161145 3528540
15160119 3542820 15161601 3543420
15160119 3571140 15160917 3571740
15160119 3572100 15161715 3573180
15160119 3576420 15160461 3577020
15160233 3385860 15160689 3386460
15160233 3531780 15160461 3532380
15160347 3348900 15161601 3349500
15160347 3354180 15161373 3354780
15160347 3356100 15161145 3356700
15160347 3357060 15162285 3357660
15160347 3358980 15161943 3360060
15160347 3530820 15164109 3531420
15160347 3540420 15161943 3541500
15160347 3605700 15161145 3606780
15160461 3358020 15161601 3358620
15160461 3393540 15162057 3394620
15160461 3395460 15160689 3396060
15160461 3401220 15161145 3402300
15160461 3403620 15161373 3404220
15160461 3516420 15162855 3517020
15160461 3598020 15162057 3599100
15160575 3349860 15164337 3350460
15160575 3367140 15161031 3367740
15160575 3368100 15161487 3368700
15160575 3370500 15165249 3371100
15160575 3378180 15161373 3379260
15160575 3383940 15161373 3385020
15160575 3439620 15161145 3440220
15160575 3440580 15161601 3441660
15160575 3445380 15161601 3446460
15160575 3446820 15161487 3447420
15160575 3496260 15161145 3496860
15160575 3501540 15161031 3502140
15160575 3512100 15161829 3512700
15160575 3537540 15161373 3538140
15160575 3548100 15161601 3548700
15160575 3553380 15166161 3553980
15160575 3596100 15162057 3596700
15160689 3482820 15160917 3483420
15160803 3347940 15161145 3348540
15160803 3364740 15162285 3365340
15160803 3433860 15161943 3434460
15160803 3436740 15162057 3437340
15160803 3473700 15162285 3474300
15160803 3476100 15161601 3476700
15160803 3490020 15162855 3490620
15160803 3502500 15161145 3503100
15160803 3504420 15162399 3505020
15160803 3526980 15162741 3527580
15160803 3549060 15161601 3550140
15160803 3550980 15162741 3551580
15160803 3565380 15161601 3565980
15160803 3568740 15162741 3569340
15160803 3582660 15164565 3583260
15160803 3588420 15161829 3589020
15160917 3373380 15164337 3373980
15160917 3377220 15162285 3377820
15160917 3570180 15162057 3570780
15160917 3576900 15161373 3577500
15161031 3381060 15162513 3381660
15161031 3382980 15161829 3383580
15161031 3385860 15162285 3386460
15161031 3469380 15162855 3469980
15161031 3480900 15162969 3481500
15161031 3491940 15162057 3492540
15161031 3506820 15162057 3507420
15161031 3517380 15162513 3517980
15161031 3518340 15162057 3518940
15161031 3524100 15162057 3524700
15161031 3525060 15162285 3525660
15161031 3562500 15161373 3563100
15161031 3566340 15162057 3566940
15161031 3575940 15161601 3576540
15161031 3581700 15162057 3582300
15161031 3594660 15162285 3595260
15161031 3600900 15161601 3601500
15161145 3391140 15162057 3391740
15161145 3429540 15162057 3430140
15161145 3434820 15164907 3435420
15161145 3458340 15163653 3458940
15161145 3579780 15162285 3580380
15161259 3362820 15162285 3363420
15161259 3363780 15165021 3364380
15161259 3369540 15165021 3370140
15161259 3376260 15162285 3376860
15161259 3382020 15161829 3382620
15161259 3395460 15162057 3396060
15161259 3396900 15162285 3397500
15161259 3502980 15161601 3503580
15161259 3583620 15162057 3584220
15161259 3586500 15162969 3587100
15161259 3602820 15162285 3603900
15161373 3428100 15163197 3428700
15161373 3538500 15161601 3539100
15161373 3589380 15162285 3589980
15161487 3355140 15162285 3356220
15161487 3380100 15165249 3380700
15161487 3399300 15165249 3399900
15161487 3426180 15162057 3426780
15161487 3454980 15162285 3456060
15161487 3460740 15162741 3461340
15161487 3478980 15162285 3479580
15161487 3482820 15163881 3483420
15161487 3488580 15162285 3489660
15161487 3533220 15168897 3533820
15161487 3557700 15162285 3558780
15161487 3561540 15162741 3562140
15161487 3573540 15162399 3574140
15161487 3574500 15163197 3575100
15161487 3577860 15164337 3578460
15161601 3427140 15165021 3427740
15161601 3446820 15162057 3447420
15161601 3487620 15162057 3488220
15161601 3509220 15164793 3509820
15161601 3604740 15165021 3605340
15161715 3347940 15169125 3348540
15161715 3392580 15162855 3393180
15161715 3400740 15164565 3401340
15161715 3407460 15162513 3408060
15161715 3439620 15165249 3440220
15161715 3444420 15165249 3445020
15161715 3453060 15163425 3453660
15161715 3456420 15164565 3457020
15161715 3459780 15162057 3460380
15161715 3467460 15162285 3468060
15161715 3468420 15162057 3469020
15161715 3471780 15162741 3472380
15161715 3479940 15162741 3480540
15161715 3490980 15162513 3491580
15161715 3492900 15164565 3493500
15161715 3495300 15162285 3496380
15161715 3514020 15162285 3514620
15161715 3514980 15168213 3515580
15161715 3521220 15162285 3522300
15161715 3534660 15162285 3535260
15161715 3536580 15164565 3537180
15161715 3539460 15162855 3540060
15161715 3560100 15169125 3560700
15161715 3591300 15162057 3591900
15161715 3593220 15164337 3593820
15161715 3605700 15165249 3606300
15161829 3388740 15162285 3389340
15161829 3430500 15171063 3431100
15161829 3461700 15162285 3462300
15161829 3476580 15162855 3477180
15161829 3529860 15162285 3530460
15161829 3531780 15162855 3532860
15161829 3551940 15162513 3553020
15161943 3350820 15162741 3351420
15161943 3352260 15162513 3352860
15161943 3358500 15162513 3359100
15161943 3359940 15162513 3360540
15161943 3366660 15162285 3367260
15161943 3383460 15162513 3384060
15161943 3403620 15164565 3404220
15161943 3411300 15167529 3411900
15161943 3423300 15165249 3423900
15161943 3425220 15165249 3425820
15161943 3435780 15164565 3436380
15161943 3457380 15162741 3457980
15161943 3472740 15163881 3473340
15161943 3501540 15162741 3502140
15161943 3505380 15162285 3505980
15161943 3510660 15163881 3511260
15161943 3511620 15162741 3512700
15161943 3513060 15163197 3513660
15161943 3538500 15163425 3539100
15161943 3541380 15163425 3541980
15161943 3548100 15163653 3548700
15161943 3565380 15162513 3565980
15161943 3567300 15162741 3568380
15161943 3571140 15162969 3571740
15161943 3576420 15165705 3577020
15161943 3590340 15162741 3590940
15162057 3406500 15162855 3407100
15162171 3353220 15164109 3354300
15162171 3382500 15166389 3383100
15162171 3384900 15162741 3385500
15162171 3390180 15164109 3390780
15162171 3402180 15164337 3403260
15162171 3440580 15162969 3441660
15162171 3445380 15164565 3445980
15162171 3454020 15162741 3454620
15162171 3464100 15166389 3464700
15162171 3470340 15162741 3470940
15162171 3484740 15164337 3485820
15162171 3549060 15162513 3549660
15162171 3559140 15164565 3559740
15162285 3394500 15162627 3395100
15162285 3465540 15164337 3466620
15162399 3387780 15163197 3388860
15162399 3429540 15177105 3430140
15162399 3459300 15162627 3459900
15162399 3555300 15163881 3555900
15162399 3588420 15163197 3589500
15162513 3432900 15164109 3433980
15162513 3556740 15162855 3557820
15162627 3371460 15163425 3372060
15162627 3407940 15163653 3409020
15162627 3459780 15163881 3460380
15162627 3468420 15165249 3469020
15162627 3474180 15162855 3474780
15162627 3487620 15163653 3488220
15162627 3494820 15162855 3495420
15162627 3537540 15165021 3538140
15162627 3542340 15163881 3542940
15162627 3564420 15164223 3565500
15162627 3572100 15164223 3573180
15162627 3578820 15164223 3579900
15162627 3591300 15164109 3591900
15162627 3596100 15163653 3596700
15162741 3358980 15164337 3360060
15162741 3454980 15164337 3456060
15162741 3488580 15164337 3489660
15162741 3505860 15164337 3506940
15162741 3517380 15164337 3518460
15162741 3523140 15164337 3524220
15162741 3566820 15164565 3567420
15162855 3351780 15170265 3352380
15162855 3358020 15163881 3358620
15162855 3391620 15163083 3392220
15162855 3437220 15163425 3437820
15162855 3438660 15163197 3439260
15162855 3461700 15165249 3462300
15162855 3462660 15163425 3463260
15162855 3486180 15163425 3486780
15162855 3502500 15164793 3503100
15162855 3562500 15165249 3563100
15162855 3563460 15165249 3564060
15162855 3583620 15164337 3584220
15162969 3379140 15163311 3379740
15162969 3527460 15165477 3528060
15162969 3549060 15163881 3549660
15163083 3383940 15165021 3384540
15163083 3416580 15163881 3417180
15163083 3460740 15163425 3461340
15163083 3470340 15163881 3471420
15163083 3473700 15165933 3474300
15163083 3475620 15164565 3476220
15163083 3478980 15165021 3479580
15163083 3491460 15165021 3492060
15163083 3543300 15164565 3543900
15163083 3545220 15164109 3545820
15163083 3567780 15163653 3568380
15163083 3575460 15163767 3576060
15163083 3580740 15164109 3581340
15163197 3389220 15164337 3389820
15163197 3534660 15164337 3535260
15163197 3586980 15164337 3587580
15163197 3589860 15163653 3590460
15163311 3365700 15165249 3366300
15163311 3454020 15164109 3454620
15163311 3480900 15164337 3481500
15163311 3483780 15164109 3484380
15163311 3500100 15164109 3501180
15163311 3512100 15167073 3512700
15163311 3550500 15178017 3551100
15163311 3561540 15165249 3562140
15163311 3569220 15164565 3570300
15163539 3375300 15165249 3375900
15163539 3404580 15166845 3405180
15163539 3419460 15165249 3420060
15163539 3477060 15165249 3477660
15163539 3496740 15165249 3497340
15163539 3520260 15164337 3520860
15163653 3503460 15164337 3504060
15163767 3356580 15165477 3357180
15163767 3360420 15178473 3361020
15163767 3367620 15165249 3368220
15163767 3384900 15164565 3385980
15163767 3395460 15165249 3396060
15163767 3428100 15165249 3428700
15163767 3438660 15165249 3439260
15163767 3441540 15165249 3442140
15163767 3450660 15164565 3451260
15163767 3457860 15165249 3458460
15163767 3504420 15166389 3505020
15163767 3573540 15167529 3574140
15163767 3599940 15164337 3600540
15163881 3381060 15164907 3381660
15163881 3507780 15165021 3508380
15163881 3551940 15164907 3552540
15163995 3350820 15167529 3351420
15163995 3354660 15167073 3355260
15163995 3364740 15165249 3365340
15163995 3394500 15165249 3395100
15163995 3420420 15164337 3421020
15163995 3426180 15165249 3426780
15163995 3431460 15182349 3432060
15163995 3458820 15165021 3459420
15163995 3466980 15165705 3467580
15163995 3471300 15165021 3471900
15163995 3486180 15167073 3486780
15163995 3487140 15164565 3487740
15163995 3526020 15165249 3526620
15163995 3541380 15165249 3541980
15163995 3547140 15165249 3547740
15163995 3555780 15164337 3556860
15163995 3587940 15166845 3588540
15163995 3588900 15164565 3589500
15163995 3595620 15165477 3596220
15164109 3362340 15165021 3362940
15164109 3387780 15165249 3388380
15164109 3416580 15164793 3417180
15164109 3447780 15167529 3448380
15164109 3459780 15164793 3460380
15164109 3479940 15165249 3480540
15164109 3501060 15165249 3501660
15164109 3538980 15165021 3539580
15164109 3557700 15164565 3558300
15164109 3585540 15165249 3586140
15164109 3590340 15165249 3590940
15164223 3355620 15167643 3356220
15164223 3357540 15171633 3358140
15164223 3361380 15167073 3361980
15164223 3366660 15165021 3367260
15164223 3368580 15166617 3369180
15164223 3372420 15166617 3373020
15164223 3374340 15165249 3374940
15164223 3377220 15166617 3377820
15164223 3379140 15166617 3379740
15164223 3386340 15166845 3386940
15164223 3391620 15165249 3392220
15164223 3392580 15166617 3393180
15164223 3396420 15166617 3397020
15164223 3405540 15165021 3406140
15164223 3407940 15166617 3408540
15164223 3437700 15166617 3438300
15164223 3446340 15164565 3446940
15164223 3449700 15167985 3450300
15164223 3452580 15167073 3453180
15164223 3460740 15166617 3461340
15164223 3462660 15166617 3463260
15164223 3469380 15166617 3469980
15164223 3474660 15166161 3475260
15164223 3478020 15164565 3478620
15164223 3481860 15166617 3482460
15164223 3490020 15165249 3490620
15164223 3493860 15166161 3494460
15164223 3494820 15167643 3495420
15164223 3495780 15165021 3496380
15164223 3497700 15165933 3498300
15164223 3499620 15167643 3500220
15164223 3510180 15165249 3510780
15164223 3513540 15165249 3514140
15164223 3515940 15167985 3516540
15164223 3519300 15166617 3519900
15164223 3521220 15166617 3521820
15164223 3522180 15164793 3522780
15164223 3524580 15164565 3525180
15164223 3528900 15164565 3529500
15164223 3529860 15165249 3530940
15164223 3531780 15166617 3532380
15164223 3535620 15166617 3536220
15164223 3539940 15167073 3540540
15164223 3542340 15164565 3542940
15164223 3549060 15166617 3549660
15164223 3571620 15164793 3572220
15164223 3581700 15166617 3582300
15164223 3584580 15165249 3585180
15164223 3592260 15166617 3592860
15164223 3594180 15166617 3594780
15164223 3597060 15166617 3597660
15164223 3598980 15165249 3599580
15164223 3600900 15164793 3601500
15164223 3601860 15165249 3602460
15164223 3602820 15166617 3603420
15164337 3432420 15165021 3433020
15164337 3472260 15165249 3472860
15164451 3390660 15165249 3391260
15164451 3454020 15165021 3454620
15164451 3465060 15165477 3465660
15164451 3482820 15165249 3483900
15164451 3484260 15165705 3484860
15164451 3511140 15165477 3511740
15164451 3546180 15164907 3546780
15164451 3565380 15165249 3565980
15164451 3570660 15165135 3571260
15164451 3574500 15165477 3575100
15164451 3578820 15165135 3579900
15164451 3583620 15165249 3584220
15164451 3606660 15165249 3607260
15164565 3353220 15165021 3353820
15164565 3580740 15165021 3581340
15164679 3358500 15165705 3359100
15164679 3373380 15165249 3373980
15164679 3470340 15165249 3470940
15164679 3572580 15165819 3573180
15164679 3593220 15165249 3593820
15164679 3598020 15165249 3598620
15164793 3450660 15167301 3451260
15164793 3502980 15166617 3503580
15164793 3555300 15179499 3555900
15164793 3586500 15166617 3587100
15164907 3376260 15166617 3376860
15164907 3378180 15166617 3378780
15164907 3389700 15166617 3390300
15164907 3406980 15166617 3407580
15164907 3420420 15165249 3421020
15164907 3434340 15183261 3434940
15164907 3442500 15166617 3443100
15164907 3455460 15166389 3456060
15164907 3480900 15166617 3481500
15164907 3492900 15165705 3493500
15164907 3534180 15167073 3534780
15164907 3556260 15168669 3556860
15164907 3577860 15165249 3578460
15164907 3589380 15166617 3589980
15164907 3599940 15166617 3600540
15165021 3475620 15166959 3476220
15165135 3366660 15173913 3367260
15165135 3384900 15167073 3385500
15165135 3388740 15166617 3389340
15165135 3393540 15166617 3394140
15165135 3397380 15166617 3397980
15165135 3403140 15167073 3403740
15165135 3406020 15166617 3406620
15165135 3413700 15167073 3414300
15165135 3418020 15167073 3418620
15165135 3424260 15173913 3424860
15165135 3435780 15166617 3437340
15165135 3443460 15166617 3444060
15165135 3445380 15166617 3446940
15165135 3451620 15167073 3452220
15165135 3456900 15167073 3457500
15165135 3459780 15167073 3460380
15165135 3478020 15166617 3478620
15165135 3487140 15166161 3487740
15165135 3502020 15167073 3502620
15165135 3505860 15166617 3507420
15165135 3508740 15167073 3509340
15165135 3518340 15166617 3518940
15165135 3522180 15166617 3522780
15165135 3524100 15166617 3524700
15165135 3528420 15168669 3529020
15165135 3536580 15166617 3537180
15165135 3538500 15166617 3539100
15165135 3542340 15166617 3543900
15165135 3544260 15166617 3545820
15165135 3557220 15168213 3557820
15165135 3558180 15167301 3558780
15165135 3559140 15169809 3559740
15165135 3566340 15166617 3567900
15165135 3568260 15166617 3568860
15165135 3569220 15173913 3569820
15165135 3571140 15166617 3571740
15165135 3578820 15166617 3579420
15165135 3582660 15166617 3583260
15165135 3600900 15166617 3601500
15165135 3603780 15166617 3604380
15165363 3373860 15165819 3374460
15165363 3374820 15165819 3375420
15165363 3380580 15167073 3381180
15165363 3400740 15169125 3401340
15165363 3453540 15169125 3454140
15165363 3454500 15167415 3455100
15165363 3458340 15166161 3458940
15165363 3479460 15167301 3480060
15165363 3488100 15166617 3488700
15165363 3490980 15167529 3491580
15165363 3580260 15183717 3580860
15165591 3387300 15167073 3387900
15165591 3391140 15167187 3391740
15165591 3471780 15166959 3472380
15165591 3529380 15167073 3529980
15165591 3598500 15166389 3599100
15165705 3467940 15166845 3468540
15165819 3363300 15166845 3363900
15165819 3476580 15180525 3477180
15165819 3510180 15166845 3510780
15165819 3525540 15167529 3526140
15165819 3526500 15166845 3527100
15165819 3530340 15167529 3530940
15166047 3362340 15166845 3362940
15166047 3401700 15167529 3402300
15166047 3422820 15180753 3423420
15166161 3546660 15167073 3547260
15166161 3551460 15166959 3552060
15166275 3373860 15166731 3374460
15166275 3383460 15166845 3384060
15166389 3421860 15167757 3422460
15166503 3349380 15168213 3349980
15166503 3353220 15170265 3353820
15166503 3358980 15167073 3359580
15166503 3364740 15167985 3365340
15166503 3365700 15168669 3366300
15166503 3369540 15167415 3370140
15166503 3370500 15168669 3371100
15166503 3371460 15167643 3372060
15166503 3375300 15167301 3375900
15166503 3382020 15170265 3382620
15166503 3395460 15168441 3396060
15166503 3398340 15168441 3398940
15166503 3399300 15168441 3399900
15166503 3412740 15167757 3413340
15166503 3414660 15167301 3415260
15166503 3415620 15170265 3416220
15166503 3416580 15168213 3417180
15166503 3419460 15181209 3420060
15166503 3425220 15170265 3425820
15166503 3426180 15195801 3426780
15166503 3427140 15167757 3427740
15166503 3432900 15181209 3433500
15166503 3438660 15169353 3439260
15166503 3439620 15181209 3440220
15166503 3440580 15168099 3441180
15166503 3441540 15172089 3442140
15166503 3455940 15195801 3456540
15166503 3457860 15167187 3458940
15166503 3461700 15167643 3462300
15166503 3463620 15167529 3464220
15166503 3464580 15170037 3465180
15166503 3465540 15167985 3466140
15166503 3466500 15166845 3467100
15166503 3470340 15167529 3470940
15166503 3473220 15167529 3473820
15166503 3474180 15167415 3474780
15166503 3482820 15171177 3483420
15166503 3483780 15173001 3484380
15166503 3484740 15167757 3485340
15166503 3489540 15167073 3490140
15166503 3492420 15166959 3493020
15166503 3493380 15171177 3493980
15166503 3496260 15168669 3496860
15166503 3501060 15167757 3501660
15166503 3503940 15168213 3504540
15166503 3507780 15167073 3508380
15166503 3513540 15167301 3514140
15166503 3517380 15167301 3517980
15166503 3520260 15167073 3520860
15166503 3523140 15167985 3523740
15166503 3537540 15171177 3538140
15166503 3548100 15167757 3548700
15166503 3552900 15167073 3553980
15166503 3562500 15167529 3563580
15166503 3564420 15167301 3565020
15166503 3565380 15195801 3565980
15166503 3570180 15195801 3570780
15166503 3572100 15170265 3572700
15166503 3574980 15166845 3575580
15166503 3575940 15167985 3576540
15166503 3576900 15181209 3577500
15166503 3584580 15195801 3586140
15166503 3590340 15195801 3590940
15166503 3591300 15170265 3591900
15166503 3595140 15195801 3595740
15166503 3596100 15181209 3596700
15166503 3604740 15167301 3605340
15166503 3605700 15181209 3606300
15166617 3518820 15166959 3519420
15166731 3388260 15167529 3388860
15166731 3389700 15167529 3390780
15166731 3393540 15167529 3394620
15166731 3480420 15181437 3481020
15166731 3521220 15167529 3522300
15166731 3545220 15167529 3546300
15166845 3374340 15167301 3374940
15166845 3581700 15168441 3582780
15166959 3367620 15169125 3368700
15166959 3376740 15167757 3377340
15166959 3460740 15167529 3461340
15166959 3467940 15168669 3468540
15166959 3471300 15167757 3472380
15166959 3491940 15167985 3492540
15166959 3497220 15167529 3497820
15166959 3504900 15169125 3505980
15166959 3519300 15168099 3519900
15166959 3527460 15168669 3528060
15166959 3535620 15167757 3536700
15166959 3541380 15167529 3541980
15166959 3586500 15169125 3587580
15167187 3377700 15167757 3378300
15167187 3391620 15168441 3392220
15167187 3457380 15167643 3457980
15167187 3486660 15169125 3487260
15167187 3487620 15167985 3488220
15167187 3488580 15167757 3489180
15167187 3511140 15168213 3511740
15167187 3518340 15167757 3518940
15167187 3524100 15168783 3525180
15167187 3566340 15167985 3567420
15167187 3603780 15167871 3604380
15167301 3396900 15172887 3397500
15167301 3458820 15168897 3459420
15167415 3358980 15168441 3359580
15167415 3361860 15168669 3362460
15167415 3373380 15167643 3373980
15167415 3374820 15167871 3375420
15167415 3379140 15167643 3379740
15167415 3383460 15168441 3384060
15167415 3385860 15169125 3386460
15167415 3404100 15169353 3405180
15167415 3407940 15168213 3409020
15167415 3466500 15168555 3467100
15167415 3475620 15171177 3476220
15167415 3481860 15167985 3482460
15167415 3508740 15167757 3509340
15167415 3509700 15169011 3510780
15167415 3512100 15167757 3512700
15167415 3531780 15170037 3532380
15167415 3540420 15169353 3541020
15167415 3543300 15168213 3544380
15167415 3574980 15168555 3575580
15167415 3578820 15168213 3579900
15167529 3478020 15169125 3479100
15167529 3549060 15169125 3550140
15167529 3552420 15169125 3553020
15167643 3354180 15196941 3354780
15167643 3380100 15170493 3380700
15167643 3402180 15168441 3403260
15167643 3405540 15168897 3406140
15167643 3413700 15182349 3414300
15167643 3417540 15196941 3418140
15167643 3451140 15168669 3452220
15167643 3489540 15169125 3490140
15167643 3502020 15175053 3502620
15167643 3526020 15168669 3526620
15167643 3538980 15168213 3539580
15167643 3554340 15168555 3554940
15167643 3563460 15182349 3564060
15167871 3375780 15168441 3376380
15167871 3414660 15182577 3415260
15167871 3448260 15169125 3449340
15167871 3452580 15168213 3453180
15167871 3459780 15168441 3460380
15167871 3460740 15197169 3461340
15167871 3462660 15168441 3463260
15167871 3468900 15169353 3469500
15167871 3485220 15168669 3485820
15167871 3490500 15168669 3491100
15167871 3500580 15168669 3501180
15167871 3506340 15169353 3506940
15167871 3514020 15169239 3514620
15167871 3521220 15168555 3521820
15167871 3564420 15197169 3565020
15167871 3604740 15178929 3605340
15167985 3362820 15169125 3363420
15167985 3374340 15169353 3374940
15167985 3376740 15168213 3377340
15167985 3406500 15169125 3407100
15167985 3507780 15168783 3508380
15167985 3544740 15182691 3545340
15168099 3350340 15197397 3350940
15168099 3412260 15170949 3412860
15168099 3447300 15172773 3447900
15168099 3461700 15182805 3462300
15168099 3463620 15182805 3464220
15168099 3469860 15182805 3470460
15168099 3479460 15182805 3480060
15168099 3491460 15169125 3492060
15168099 3497700 15169467 3498300
15168099 3541380 15168897 3542460
15168099 3558180 15182805 3558780
15168099 3562500 15170607 3563100
15168213 3393540 15170037 3394140
15168213 3520260 15170493 3520860
15168327 3369060 15170037 3369660
15168327 3378180 15169125 3378780
15168327 3388740 15169125 3389340
15168327 3421380 15169353 3422460
15168327 3488580 15169353 3489180
15168327 3492420 15168897 3493020
15168327 3502980 15168897 3503580
15168327 3512100 15168669 3512700
15168327 3516420 15169125 3517020
15168327 3522660 15169353 3523260
15168327 3535140 15172431 3535740
15168441 3376740 15170721 3377340
15168441 3416580 15172203 3417180
15168441 3534180 15174027 3534780
15168555 3363780 15170151 3364860
15168555 3375780 15169011 3376380
15168555 3456900 15175965 3457500
15168555 3465540 15197853 3466140
15168555 3471300 15169809 3471900
15168555 3473220 15175965 3473820
15168555 3508740 15172317 3509340
15168555 3513060 15171177 3513660
15168555 3575940 15197853 3576540
15168555 3579300 15169581 3579900
15168669 3517380 15169239 3518460
15168669 3548100 15183375 3548700
15168783 3389700 15169809 3390300
15168783 3390660 15169809 3391740
15168783 3435300 15169581 3435900
15168783 3445860 15169125 3446460
15168783 3452100 15183489 3452700
15168783 3454500 15169809 3455100
15168783 3459780 15169695 3460380
15168783 3462660 15183489 3463260
15168783 3474180 15170037 3474780
15168783 3496740 15169923 3497340
15168783 3514980 15171633 3515580
15168783 3542820 15169353 3543420
15168783 3567780 15169125 3568380
15169011 3355140 15169809 3355740
15169011 3371460 15169809 3372060
15169011 3373380 15198309 3373980
15169011 3379140 15170037 3379740
15169011 3383940 15198309 3384540
15169011 3386820 15170721 3387420
15169011 3392580 15170037 3393180
15169011 3394500 15170265 3395100
15169011 3398340 15170037 3398940
15169011 3402180 15172773 3402780
15169011 3440580 15169581 3441180
15169011 3449700 15183717 3450300
15169011 3457860 15183717 3458460
15169011 3466980 15183717 3467580
15169011 3481860 15172773 3482460
15169011 3485220 15169809 3485820
15169011 3494340 15169809 3494940
15169011 3495780 15169581 3496380
15169011 3498660 15169581 3499260
15169011 3499620 15170493 3500220
15169011 3507300 15169809 3507900
15169011 3510660 15170949 3511260
15169011 3525060 15170037 3525660
15169011 3528900 15170037 3529980
15169011 3530340 15172203 3530940
15169011 3546180 15198309 3546780
15169011 3556740 15170037 3557820
15169011 3581700 15183717 3582300
15169011 3583140 15170493 3583740
15169011 3589380 15170037 3589980
15169125 3467940 15170265 3468540
15169125 3500580 15169809 3501180
15169125 3505380 15170265 3505980
15169239 3348420 15170265 3349020
15169239 3362340 15170265 3362940
15169239 3370500 15170265 3371100
15169239 3427140 15170151 3427740
15169239 3442500 15170037 3443580
15169239 3446340 15198537 3446940
15169239 3450660 15183945 3451260
15169239 3453540 15169695 3454140
15169239 3487140 15169923 3487740
15169239 3523620 15170265 3524220
15169467 3400260 15171861 3400860
15169467 3403140 15169809 3403740
15169467 3458820 15176877 3459420
15169467 3512100 15170493 3512700
15169467 3532740 15171633 3533820
15169467 3552420 15176877 3553020
15169695 3374820 15177105 3375420
15169695 3375780 15170151 3376380
15169695 3445380 15195345 3445980
15169695 3448260 15184401 3448860
15169695 3488580 15170151 3489180
15169695 3490500 15171291 3491580
15169695 3497700 15170721 3498300
15169695 3503460 15170721 3504060
15169695 3527940 15171405 3528540
15169695 3549060 15170265 3549660
15169695 3567300 15175281 3567900
15169695 3587460 15177105 3588060
15169809 3390180 15170037 3390780
15169923 3367620 15170721 3368700
15169923 3405060 15172203 3405660
15169923 3407460 15170949 3408060
15169923 3421380 15170721 3422460
15169923 3468900 15171063 3469500
15169923 3539460 15172773 3540060
15170037 3358500 15170949 3359100
15170037 3361380 15171177 3361980
15170037 3365700 15171975 3366300
15170037 3398340 15171633 3399420
15170037 3526020 15170949 3526620
15170037 3551460 15181095 3552060
15170151 3384900 15170949 3385980
15170151 3395460 15171405 3396060
15170151 3435300 15181209 3435900
15170151 3438660 15184857 3439260
15170151 3440580 15173913 3441180
15170151 3453060 15171063 3453660
15170151 3454020 15195801 3454620
15170151 3470820 15181209 3471420
15170151 3478020 15170721 3478620
15170151 3485700 15170949 3486780
15170151 3495300 15170949 3496380
15170151 3515940 15170835 3516540
15170151 3526980 15170721 3527580
15170151 3547140 15170721 3547740
15170151 3553380 15181209 3553980
15170151 3571140 15170607 3571740
15170151 3573540 15171063 3574140
15170265 3403620 15170493 3404220
15170379 3349380 15196029 3349980
15170379 3355140 15196029 3355740
15170379 3371460 15192381 3372060
15170379 3388260 15171519 3388860
15170379 3518340 15170949 3518940
15170379 3540420 15170949 3541020
15170493 3406500 15171633 3407100
15170493 3474180 15170949 3474780
15170493 3531300 15171633 3531900
15170607 3381060 15171405 3382140
15170607 3389220 15171633 3389820
15170607 3505380 15172545 3505980
15170607 3514020 15178017 3514620
15170607 3516900 15171405 3517500
15170607 3519300 15172545 3520380
15170607 3528900 15172089 3529500
15170607 3536100 15173457 3536700
15170607 3541380 15171633 3541980
15170607 3556260 15171405 3556860
15170607 3559140 15171177 3559740
15170607 3572100 15171177 3572700
15170721 3376260 15185427 3376860
15170721 3391620 15171861 3392220
15170721 3500580 15171405 3501180
15170721 3520740 15174825 3521340
15170835 3353220 15192837 3353820
15170835 3362820 15174597 3363420
15170835 3487620 15171519 3488220
15170835 3494340 15174141 3494940
15170835 3498660 15178245 3499260
15170835 3557220 15178245 3557820
15170949 3369540 15172773 3370140
15170949 3390180 15171633 3390780
15170949 3511620 15172545 3512220
15170949 3525060 15173001 3525660
15171063 3393540 15172545 3394140
15171063 3425220 15193065 3425820
15171063 3443460 15171519 3444060
15171063 3478500 15178473 3479100
15171063 3503940 15172659 3505020
15171063 3506340 15171633 3506940
15171063 3507780 15171633 3508380
15171063 3521700 15171633 3522300
15171063 3526020 15172659 3527100
15171063 3582660 15171747 3583260
15171177 3467940 15178587 3468540
15171291 3367620 15196941 3368220
15171291 3394500 15171633 3395100
15171291 3408900 15173001 3409500
15171291 3411300 15172317 3411900
15171291 3490020 15173457 3490620
15171291 3492420 15172317 3493020
15171291 3496260 15171633 3496860
15171291 3522660 15174141 3523260
15171291 3537060 15174597 3537660
15171291 3538500 15172773 3539100
15171291 3542340 15172317 3542940
15171291 3574980 15196941 3575580
15171405 3387300 15172089 3387900
15171405 3403620 15172089 3404220
15171405 3501060 15171747 3501660
15171519 3392580 15172317 3393180
15171519 3407940 15197169 3408540
15171519 3412260 15182577 3412860
15171519 3415620 15178929 3416220
15171519 3472260 15172773 3472860
15171519 3474180 15197169 3474780
15171519 3488580 15172317 3489180
15171519 3491460 15172089 3492060
15171519 3493380 15175281 3493980
15171519 3497700 15172089 3498300
15171519 3523620 15173001 3524220
15171519 3540420 15171861 3541020
15171519 3543300 15172089 3543900
15171519 3562500 15186225 3563100
15171519 3571140 15197169 3571740
15171519 3602340 15182577 3602940
15171747 3370500 15186453 3371100
15171747 3380100 15186453 3380700
15171747 3485700 15173913 3486780
15171747 3510180 15182805 3510780
15171747 3513060 15172773 3513660
15171747 3517380 15173913 3518460
15171747 3527460 15171975 3528060
15171975 3365220 15183033 3365820
15171975 3384900 15172431 3385500
15171975 3386340 15173001 3386940
15171975 3390660 15173571 3391740
15171975 3406020 15173913 3406620
15171975 3487140 15183033 3487740
15171975 3521700 15175737 3522300
15171975 3532260 15172317 3532860
15171975 3574020 15173571 3574620
15172089 3559140 15175053 3559740
15172203 3351300 15173001 3352380
15172203 3388260 15173229 3388860
15172203 3394500 15173457 3395100
15172203 3395460 15174141 3396060
15172203 3399780 15179613 3400380
15172203 3420900 15174369 3421500
15172203 3495780 15183261 3496380
15172203 3500580 15183261 3501180
15172203 3515460 15173343 3516060
15172203 3582660 15186909 3583260
15172203 3591780 15173001 3592380
15172431 3372420 15198081 3373020
15172431 3381060 15173229 3382140
15172431 3392100 15173685 3392700
15172431 3397860 15173457 3398460
15172431 3398820 15183489 3399420
15172431 3404100 15173229 3405180
15172431 3430500 15183489 3431100
15172431 3531300 15174369 3531900
15172431 3533220 15173571 3533820
15172431 3588900 15183489 3589500
15172545 3506820 15198195 3507420
15172659 3356580 15183717 3357180
15172659 3406980 15198309 3407580
15172659 3441540 15198309 3442140
15172659 3509220 15183717 3509820
15172659 3541380 15173115 3541980
15172659 3542820 15183717 3543420
15172659 3600420 15183717 3601020
15172887 3387300 15173229 3387900
15172887 3488100 15174141 3488700
15172887 3505380 15183945 3505980
15173001 3524100 15187707 3524700
15173001 3539940 15174597 3540540
15173001 3572580 15184059 3573180
15173115 3519300 15174141 3520380
15173115 3526020 15174141 3526620
15173229 3532260 15176421 3532860
15173343 3369540 15197169 3370140
15173343 3396420 15174141 3397500
15173343 3400740 15182577 3401340
15173343 3402180 15188049 3402780
15173343 3447300 15180753 3447900
15173343 3511620 15197169 3512220
15173343 3526980 15174597 3527580
15173343 3528420 15173913 3529020
15173457 3393540 15174597 3394140
15173457 3403140 15197283 3403740
15173457 3529380 15180867 3529980
15173571 3388740 15174369 3389340
15173571 3404100 15188277 3404700
15173571 3405060 15188277 3405660
15173571 3483780 15173913 3484380
15173571 3503940 15174369 3504540
15173571 3515940 15180981 3516540
15173571 3530340 15180981 3530940
15173571 3540900 15174369 3541500
15173571 3591300 15188277 3591900
15173571 3598500 15174825 3599100
15173799 3382500 15174825 3383100
15173799 3387300 15174825 3387900
15173799 3394500 15174597 3395100
15173799 3418500 15175965 3419100
15173799 3428100 15174027 3428700
15173799 3444420 15197625 3445020
15173799 3454980 15181209 3455580
15173799 3464580 15181209 3465180
15173799 3475140 15174597 3475740
15173799 3477540 15181209 3478140
15173799 3481380 15181209 3481980
15173799 3482820 15174597 3483420
15173799 3489060 15174369 3489660
15173799 3512580 15174369 3513180
15173799 3535140 15175737 3535740
15173799 3536100 15176649 3536700
15173799 3574020 15188505 3574620
15173799 3577860 15195801 3578460
15173799 3583620 15188505 3584220
15173799 3606660 15188505 3607260
15173799 3607620 15181209 3608220
15173913 3390660 15175509 3391740
15174027 3384900 15176193 3385980
15174027 3569220 15174483 3569820
15174255 3389700 15175509 3390300
15174255 3428100 15177219 3428700
15174255 3507780 15176421 3508860
15174255 3525540 15175395 3526140
15174483 3485220 15181893 3485820
15174483 3517380 15189189 3517980
15174483 3518340 15198309 3518940
15174483 3534180 15175737 3534780
15174483 3538500 15176079 3539580
15174483 3541380 15175053 3541980
15174597 3392580 15176193 3393660
15174597 3420900 15174825 3421500
15174711 3381060 15175167 3381660
15174711 3388740 15175737 3389340
15174711 3528420 15182121 3529020
15174711 3539940 15175509 3540540
15174825 3397380 15198651 3397980
15174939 3382020 15175737 3383100
15174939 3395460 15196941 3396060
15174939 3489540 15175851 3490140
15175053 3387780 15175281 3388380
15175053 3598500 15182463 3599100
15175167 3366180 15182577 3366780
15175167 3408900 15175623 3409500
15175167 3475140 15175965 3476220
15175167 3502500 15176649 3503100
15175395 3420420 15197397 3421020
15175395 3483780 15197397 3484380
15175395 3578820 15197397 3579420
15175509 3526020 15175737 3526620
15175509 3567300 15197511 3567900
15175623 3386820 15176421 3387420
15175623 3387780 15176649 3388380
15175623 3488580 15176193 3489180
15175623 3520740 15183033 3521340
15175623 3537540 15176421 3538140
15175851 3361860 15197853 3362460
15175851 3390660 15177447 3391740
15175851 3416580 15197853 3417180
15175851 3601380 15183261 3601980
15175965 3394500 15190671 3395100
15175965 3526980 15197967 3527580
15175965 3540420 15197967 3541020
15176079 3388740 15176877 3389340
15176079 3492420 15177105 3493020
15176079 3493380 15190785 3494940
15176079 3503460 15177105 3504060
15176079 3514980 15183489 3515580
15176079 3519300 15177105 3519900
15176079 3522180 15198081 3522780
15176193 3418500 15176535 3419100
15176307 3389700 15198309 3390300
15176307 3392100 15177105 3392700
15176307 3393540 15191013 3394140
15176307 3504420 15183717 3505020
15176307 3512580 15177105 3513180
15176307 3526020 15191013 3526620
15176307 3531300 15177105 3531900
15176307 3533220 15176877 3533820
15176535 3559140 15183945 3559740
15176763 3532260 15182349 3532860
15176991 3386340 15182577 3386940
15176991 3418500 15191697 3419100
15176991 3507780 15195345 3508380
15176991 3537060 15184059 3537660
15176991 3538500 15191697 3539100
15177219 3362820 15178245 3363900
15177219 3384900 15184629 3385500
15177219 3387780 15177675 3388380
15177219 3499620 15180981 3500220
15177447 3388740 15192153 3389340
15177447 3428100 15184857 3428700
15177447 3440580 15195801 3441180
15177447 3549060 15195801 3549660
15177903 3421860 15183489 3422460
15177903 3437220 15183489 3437820
15178131 3358500 15183717 3359100
15178131 3456900 15192837 3457500
15178245 3453060 15192951 3453660
15178245 3468900 15183831 3469500
15178359 3533220 15183945 3533820
15178359 3535140 15179157 3535740
15178473 3490980 15184059 3491580
15178587 3410820 15196941 3411420
15178587 3502020 15179841 3502620
15178587 3536100 15179385 3536700
15180411 3599460 15182349 3600060
15180411 3604740 15180867 3605340
15180639 3490020 15184059 3490620
15180867 3442980 15183717 3443580
15180867 3586980 15183717 3587580
15180981 3364260 15184059 3364860
15181095 3352260 15195801 3352860
15181095 3486180 15184059 3486780
15181095 3501540 15184059 3502140
15181095 3560580 15188505 3561180
15181095 3561540 15195801 3562140
15181095 3568260 15195801 3568860
15181095 3592260 15195801 3592860
15181095 3597060 15195801 3597660
15181323 3482340 15183261 3482940
15181551 3489060 15184059 3489660
15182121 3375300 15196827 3375900
15182235 3381540 15184059 3382140
15182235 3433380 15184059 3433980
15182235 3471780 15184059 3472380
15182235 3476580 15184059 3477180
15182235 3496740 15184059 3497340
15182235 3552420 15184059 3553020
15182235 3556260 15184059 3556860
15182463 3357540 15184059 3358140
15182463 3359460 15184059 3360060
15182463 3392100 15183489 3392700
15182463 3491940 15184059 3492540
15182463 3604260 15184059 3604860
15182463 3605220 15184059 3605820
15182691 3535140 15184059 3535740
15182691 3543780 15183717 3544380
15182691 3608100 15184059 3608700
15182805 3391140 15183831 3391740
15182919 3382500 15184059 3383100
15182919 3497700 15184059 3498300
15182919 3502500 15184059 3503100
15182919 3534180 15184059 3534780
15182919 3536100 15184059 3536700
15183033 3554340 15184059 3554940
15183147 3399780 15184059 3400380
15183147 3409380 15184059 3409980
15183147 3413220 15184059 3413820
15183147 3432420 15184059 3433020
15183147 3459300 15184059 3459900
15183147 3472740 15184059 3473340
15183147 3475620 15184059 3476220
15183147 3480420 15184059 3481020
15183261 3609060 15184059 3609660
15183375 3386340 15184059 3386940
15183375 3436260 15184059 3436860
15183375 3488100 15184059 3488700
15183375 3500100 15198081 3500700
15183375 3514020 15185427 3514620
15183375 3519780 15185427 3520380
15183375 3550500 15184059 3551100
15183489 3454980 15183945 3455580
15183603 3347940 15184059 3348540
15183603 3363300 15184059 3363900
15183603 3377700 15184059 3378300
15183603 3378660 15184059 3379260
15183603 3423780 15192723 3424380
15183603 3485220 15192723 3485820
15183603 3498660 15184059 3499260
15183603 3510180 15192723 3510780
15183603 3530340 15192723 3530940
15183603 3541860 15184059 3542460
15183603 3557220 15192723 3557820
15183603 3558180 15192723 3558780
15183603 3593700 15184059 3594300
15183603 3603300 15184059 3603900
15183717 3414180 15185427 3414780
15183831 3360420 15184059 3361020
15183831 3451620 15184059 3452220
15183831 3478500 15184059 3479100
15183831 3547620 15184059 3548220
15183945 3366180 15192723 3366780
15183945 3391140 15192723 3392700
15183945 3415140 15185427 3415740
15183945 3421860 15192723 3423420
15183945 3462180 15192723 3464700
15183945 3467940 15192723 3469500
15183945 3469860 15192723 3471420
15183945 3477540 15185427 3478140
15183945 3481380 15192723 3481980
15183945 3482340 15185427 3482940
15183945 3487140 15185427 3487740
15183945 3503460 15192723 3504060
15183945 3513060 15192723 3513660
15183945 3529380 15192723 3529980
15183945 3531300 15192723 3532860
15183945 3533220 15192723 3533820
15183945 3581220 15192723 3581820
15183945 3587940 15192723 3589500
15183945 3601380 15192723 3601980
15184515 3442500 15195573 3443100
15184629 3360900 15195687 3361500
15184743 3552900 15195801 3553500
15185313 3385380 15192723 3385980
15185313 3398820 15192723 3399420
15185313 3437220 15192723 3437820
15185313 3514980 15192723 3515580
15185427 3495300 15192837 3495900
15185655 3572100 15193065 3572700
15185997 3443460 15197055 3444060
15186111 3357060 15197169 3357660
15186567 3543300 15197625 3543900
15186795 3490500 15194205 3491100
15187023 3409860 15194433 3410460
15187023 3430020 15198081 3430620
15187251 3472260 15198309 3472860
15187479 3351300 15194889 3351900
15187479 3496260 15198537 3496860
15188391 3429060 15195801 3429660
15188391 3534660 15197625 3535260
15188391 3539460 15197625 3540060
15188847 3476100 15196257 3476700
15188847 3486660 15196257 3487260
15189645 3381060 15197055 3381660
15189759 3525060 15197169 3525660
15190101 3408900 15197511 3409500
15190215 3382020 15197625 3383580
15190899 3386820 15198651 3387420
15190899 3449220 15198651 3449820
15190899 3504900 15198651 3505500
15190899 3508740 15198651 3509340
15190899 3537540 15198651 3538140
15191355 3520260 15196941 3520860
15191583 3492420 15198651 3493020
15191583 3519300 15198651 3519900
15192153 3387780 15197739 3388380
15192267 3499140 15197853 3499740
15192609 3347940 15198651 3348540
15192609 3358500 15198651 3360060
15192609 3363300 15198651 3364860
15192609 3376260 15198195 3376860
15192609 3377700 15198651 3379260
15192609 3379620 15198195 3380220
15192609 3393060 15198195 3393660
15192609 3400740 15198195 3402300
15192609 3412260 15198651 3412860
15192609 3413220 15198651 3413820
15192609 3431460 15198651 3432060
15192609 3432420 15198651 3434940
15192609 3435300 15198651 3436860
15192609 3450660 15198651 3451260
15192609 3478500 15196371 3480060
15192609 3488100 15196371 3489660
15192609 3515940 15198195 3516540
15192609 3541860 15198651 3542460
15192609 3550500 15198651 3552060
15192609 3554340 15198195 3554940
15192609 3555300 15198651 3556860
15192609 3598500 15198651 3600060
15192609 3603300 15198651 3604860
15192609 3605220 15198651 3607740
15192609 3608100 15198651 3609660
15192837 3557700 15198423 3558300
15192951 3505860 15198537 3506460
15194319 3502020 15198081 3502620
15194547 3423300 15198651 3423900
15194775 3399300 15198537 3399900
15194889 3524100 15198651 3524700
15195003 3458820 15196941 3459420
15195003 3501060 15196941 3501660
15195117 3459780 15197967 3460380
15195231 3447300 15198651 3447900
15195231 3448260 15198651 3448860
15195231 3470340 15198651 3470940
15195231 3512580 15198651 3513180
15195459 3384900 15198309 3386460
15195459 3404100 15198309 3405660
15195459 3589380 15197397 3589980
15195459 3591300 15198651 3591900
15195573 3390660 15198651 3391260
15195573 3427140 15197511 3427740
15195687 3356100 15198651 3356700
15195687 3366660 15198651 3367260
15195687 3406020 15198651 3406620
15195687 3419460 15198651 3420060
15195687 3422340 15198651 3422940
15195687 3424260 15198537 3424860
15195687 3437700 15198537 3439260
15195687 3439620 15198651 3440220
15195687 3464580 15198651 3465180
15195687 3481860 15198651 3482460
15195687 3485700 15198651 3486300
15195687 3509700 15198537 3511260
15195687 3521220 15198651 3521820
15195687 3530820 15198651 3531420
15195687 3544260 15198651 3544860
15195687 3559620 15198651 3560220
15195687 3573060 15198537 3573660
15195687 3579780 15198651 3580380
15195687 3588420 15198651 3589020
15195687 3600900 15198537 3602460
15195915 3368580 15198423 3369180
15195915 3396420 15197853 3397020
15196143 3421380 15198651 3421980
15196143 3547140 15198651 3547740
15196257 3414180 15198651 3415740
15196371 3374340 15198651 3374940
15196371 3477060 15198651 3477660
15196371 3480900 15198651 3481500
15196485 3468420 15198423 3469020
15196485 3580740 15198423 3581340
15196599 3545220 15198651 3545820
15196827 3398340 15198651 3398940
15196827 3478980 15198651 3479580
15196827 3527940 15198651 3528540
15196827 3529860 15198651 3530460
15196827 3535620 15198651 3536220
15196827 3563460 15198651 3564060
15196941 3479940 15198651 3480540
15197055 3365700 15198651 3366300
15197055 3528900 15198651 3529500
15197055 3562500 15198651 3563100
15197055 3566340 15198651 3566940
15197169 3484740 15198651 3485340
15197283 3370500 15198651 3371100
15197283 3461700 15198651 3462300
15197283 3463620 15198651 3464220
15197283 3469380 15198651 3469980
15197511 3388740 15198651 3389340
15197511 3491460 15198651 3492060
15197511 3531780 15198651 3532380
15197511 3560580 15198651 3561180
15197511 3574020 15198651 3574620
15197511 3594180 15198651 3594780
15197511 3595140 15198651 3595740
15197625 3466500 15198651 3467100
15197625 3489540 15198651 3490140
15197739 3371460 15198651 3372060
15197739 3473220 15198651 3473820
15197739 3475140 15198651 3475740
15197739 3490500 15198651 3491100
15197739 3498180 15198651 3498780
15197739 3582660 15198651 3583260
15197853 3394500 15198651 3395100
15197853 3536580 15198651 3537180
15197853 3548100 15198651 3548700
15197967 3391620 15198651 3392220
15197967 3409860 15198651 3410460
15197967 3452100 15198651 3452700
15197967 3462660 15198651 3463260
15197967 3488580 15198651 3489180
15197967 3493380 15198651 3493980
15197967 3494340 15198651 3494940
15197967 3502980 15198651 3503580
15197967 3558660 15198651 3559260
15198081 3349860 15198651 3351420
15198081 3351780 15198651 3353340
15198081 3361380 15198651 3362940
15198081 3442980 15198651 3444540
15198081 3455460 15198651 3457020
15198081 3569220 15198651 3569820
15198081 3575460 15198651 3577020
15198081 3577380 15198651 3578940
15198195 3457860 15198651 3458460
15198195 3467460 15198651 3468060
15198195 3482820 15198651 3483420
15198195 3495300 15198651 3495900
15198195 3497220 15198651 3497820
15198195 3516420 15198651 3517020
15198195 3517380 15198651 3517980
15198195 3523140 15198651 3523740
15198195 3581700 15198651 3582300
15198195 3586500 15198651 3587100
15198309 3355140 15198651 3355740
15198309 3453060 15198651 3453660
15198423 3428100 15198651 3429660
15198423 3552900 15198651 3554460
15198423 3583620 15198651 3585180
15198423 3592260 15198651 3593820
15198423 3596100 15198651 3597660
15227493 3347940 15336135 3378780
15227493 3409380 15242085 3439740
15227493 3440100 15336135 3470940
15227493 3501540 15336135 3532380
15227493 3562980 15336135 3593820
15227493 3609060 15238551 3609660
15240261 3609060 15242085 3609660
15271155 3609060 15296805 3609660
15298401 3409380 15334995 3439740
15298401 3609060 15327699 3609660
15334881 3604740 15468375 3608700
15336021 3410820 15440559 3411420
15336021 3436740 15440559 3437340
15440445 3443460 15464271 3444060
15440445 3573060 15455151 3573660
15455037 3410820 15458799 3411420
15458685 3573060 15459369 3573660
15459369 3410820 15459597 3411420
15459939 3573060 15464613 3573660
15460167 3410820 15463929 3411420
15463473 3437220 15465411 3437820
15466095 3410820 15468375 3411420
15466095 3436740 15466893 3437340
15466095 3443460 15466893 3444060
15466095 3573060 15468375 3573660
15466893 3436740 15467577 3437340
15466893 3443460 15467577 3444060
15468147 3436740 15468375 3437340
15468147 3443460 15468375 3444060
