864747 1138020 865773 1139100
878199 1127940 878769 1128540
878541 1138980 880023 1139580
878655 1131300 878883 1131900
878883 1126500 880023 1127100
879567 1128420 881163 1129500
879681 1130340 881277 1131420
881619 1138980 883215 1140060
883671 1126980 884127 1127580
886065 1152900 886407 1153500
886065 1155780 886977 1156380
886293 1127460 887547 1128060
886293 1128420 887661 1130460
886293 1132260 887661 1134300
886293 1138020 887661 1139100
886293 1147620 887661 1148700
886293 1149540 887661 1151580
886293 1157220 887661 1158300
888117 1158180 888915 1158780
888687 1147140 889029 1147740
888801 1152420 890169 1153500
888801 1159140 890169 1160220
888915 1143780 890283 1144860
889257 1139940 890397 1140540
889371 1132260 890739 1133340
889713 1137060 891081 1138140
891195 1159140 891651 1159740
891309 1144740 892677 1145820
891423 1139940 892791 1141980
891423 1146180 892563 1146780
891879 1153380 893247 1154460
891993 1126980 893247 1127580
892107 1134660 892791 1135260
892221 1160100 893589 1161180
892335 1137060 893703 1138140
893361 1141380 894159 1141980
894387 1160100 895755 1161180
894843 1136100 896211 1137180
894957 1141860 896325 1142940
895299 1139460 895869 1140060
895755 1155300 896895 1155900
896097 1148580 897579 1149660
896325 1126500 897009 1127100
896325 1132260 897693 1133340
896325 1156260 897693 1157340
896325 1161060 897693 1162140
896553 1150500 897921 1151580
897009 1138020 898377 1139100
897465 1130340 898833 1131420
897579 1146660 898605 1147260
898719 1134180 899517 1134780
898833 1153380 900201 1155420
898947 1145700 900315 1146780
898947 1148580 900315 1149660
899631 1136100 900999 1137180
899745 1158180 900429 1158780
899859 1126500 901227 1127580
899859 1162020 901227 1163100
899973 1133220 901341 1134300
900315 1141860 900657 1142460
900657 1156740 901341 1157340
901227 1135140 901569 1135740
901227 1141860 902025 1142460
901341 1142820 902709 1143900
901683 1131300 903051 1132380
901911 1136100 903279 1137180
902025 1160100 903393 1161180
902139 1138020 903507 1140060
902139 1157700 902823 1158300
902367 1152420 903735 1153500
902481 1149540 903849 1150620
903051 1144740 904077 1145340
903735 1162020 904077 1162620
903963 1132260 905331 1133340
903963 1149540 905331 1150620
904077 1144740 905445 1145820
904191 1136100 905559 1137180
904191 1142820 905559 1143900
904419 1161060 904989 1161660
905787 1133220 906471 1134300
906243 1137060 906813 1138140
906243 1148580 906813 1149180
906243 1159140 907611 1159740
906357 1153380 907725 1154460
906927 1130340 908295 1131420
906927 1142820 908295 1143900
907383 1132260 908751 1133340
907383 1146180 907839 1146780
907383 1161060 908751 1162140
907497 1126500 908865 1127580
907611 1137540 908751 1138140
907839 1128420 908523 1129020
908295 1138980 908979 1140060
908751 1153380 909663 1153980
908751 1159140 910119 1160220
908865 1134180 910233 1135260
909549 1145700 910917 1146780
909891 1132260 911259 1133340
909891 1161060 911259 1162140
910005 1140900 911373 1142940
910005 1155300 911373 1156380
910119 1153860 911259 1154460
910233 1162500 911259 1163100
911601 1136100 912969 1137180
911601 1149540 912969 1150620
911715 1133220 913083 1134300
912969 1142820 913995 1143900
913653 1162020 915135 1162620
913995 1143780 915363 1144860
914337 1153380 915705 1154460
914907 1132260 916275 1133340
914907 1135140 916275 1136220
914907 1136580 915135 1137180
914907 1148580 916275 1149660
914907 1151460 916275 1152540
914907 1155300 916275 1156380
915021 1127460 916389 1128540
915021 1134180 915249 1134780
915135 1137540 915933 1138140
916161 1146660 916617 1147260
916503 1127460 917529 1128060
916503 1140900 917871 1141980
916845 1128900 917301 1129500
917301 1130340 918669 1131420
917301 1135140 918669 1136220
917415 1153860 917985 1154460
917529 1142820 918897 1143900
917529 1147620 918897 1148700
917529 1149540 918783 1150140
917529 1151460 918897 1152540
918897 1133220 920265 1134300
918897 1153380 919581 1153980
919467 1130340 920037 1131420
919467 1143780 920265 1144380
919695 1153380 921063 1154460
919923 1137060 921291 1138140
919923 1141860 921291 1142940
919923 1146660 921291 1148700
919923 1150500 921291 1152540
919923 1160100 921291 1162140
920151 1129860 921291 1130460
920379 1127940 921405 1128540
921633 1139460 922773 1140060
923799 1130340 924255 1130940
923799 1152900 924255 1153500
923913 1131300 925281 1132380
923913 1147620 925281 1149660
924369 1128420 925737 1129500
924369 1145220 924825 1145820
924369 1157220 924597 1157820
924483 1135140 925851 1136220
924711 1156260 926079 1157340
924825 1137060 926193 1138140
924825 1139940 926193 1141020
925053 1160100 926421 1161180
925167 1127460 926193 1128060
926421 1147620 927789 1149660
926535 1142820 927903 1143900
926649 1155300 928017 1156380
926763 1138020 928131 1139100
927219 1158180 928587 1159260
927333 1134180 928701 1135260
927447 1139940 928815 1141020
927561 1126500 927789 1127100
928815 1156260 929613 1156860
928929 1141860 930297 1143900
928929 1148580 930297 1149660
928929 1161060 930297 1162140
929043 1132260 929385 1132860
929499 1135140 930867 1136220
929499 1139940 930867 1141020
929727 1146660 931095 1147740
929955 1126500 930981 1127100
930411 1159620 931437 1160220
931323 1132740 932691 1133340
931323 1155300 932349 1156380
931437 1147620 932805 1148700
931437 1161060 932805 1162140
931551 1150500 932577 1151100
931665 1130340 933033 1131420
931779 1126500 933147 1127580
932235 1153380 933603 1154460
932463 1135140 933831 1137180
932463 1138020 933831 1139100
932463 1156740 933603 1157340
932577 1158660 932805 1159260
932691 1143300 934401 1143900
933945 1138980 935313 1140060
934059 1128420 935085 1129020
934059 1146660 935427 1147740
934743 1156260 936111 1157340
935085 1151460 936453 1152540
936111 1139460 936909 1140060
936339 1133220 937023 1133820
936453 1129380 937821 1131420
936453 1141860 937821 1143900
938619 1128420 939189 1129500
938961 1147620 940329 1148700
939075 1143780 940443 1144860
939075 1149540 939873 1150140
939303 1140900 940671 1141980
939417 1159620 940215 1160220
939645 1150980 940101 1151580
939873 1156740 941013 1157340
940101 1158660 940329 1159260
940215 1160100 941583 1161180
940671 1158180 941469 1158780
940899 1126980 941469 1127580
941469 1130340 942837 1131420
941469 1162020 942837 1163100
941925 1149060 942381 1149660
942039 1152900 943065 1153500
942723 1156260 943293 1156860
943407 1126020 943977 1126620
943977 1151460 944661 1152060
944547 1129380 945915 1130460
944547 1148580 946143 1149660
946257 1126980 957315 1127580
946599 1162020 947967 1163100
947055 1150500 947397 1151100
947055 1152900 958113 1153500
947055 1156260 947397 1156860
947283 1157220 947511 1157820
947739 1158660 948423 1159260
948081 1147140 959139 1147740
948651 1162500 949107 1163100
948879 1159620 949221 1160220
948993 1139460 951843 1140060
949335 1137060 949905 1137660
949563 1128420 951159 1129500
950019 1143300 951615 1143900
950703 1149540 951273 1150140
951045 1132740 958455 1133340
951843 1142820 952413 1143420
954009 1161060 955377 1162140
956859 1129380 958455 1129980
957999 1145220 959367 1145820
960621 1154340 960849 1154940
989691 1136100 991287 1137180
989919 1132260 990261 1132860
990603 1137540 991059 1138140
992655 1130340 994137 1131420
994251 1140900 995049 1141500
998583 1130340 1000065 1131420
999267 1138980 1000065 1139580
1000407 1134660 1000977 1135260
1001091 1136580 1001547 1137180
1001547 1126020 1002117 1126620
1001661 1135140 1003257 1136220
1001775 1127460 1002345 1128060
1002459 1132260 1003941 1133340
1002459 1138020 1004055 1139100
1004511 1133220 1005993 1134300
1004739 1137060 1006221 1138140
1006791 1130340 1008273 1131420
1007247 1126500 1008045 1127100
1009071 1128420 1009869 1129020
