857793 1129860 865203 1130460
857793 1130820 865203 1131420
857793 1134660 865203 1135260
857793 1135620 860643 1136220
858705 1126500 861555 1127100
860529 1127940 861441 1128540
861441 1136100 863151 1136700
862353 1127460 866115 1128060
862353 1137060 863835 1137660
862353 1138980 863949 1139580
862353 1144740 877059 1145340
862353 1149540 880707 1150140
862353 1154340 880707 1154940
862353 1159140 877059 1159740
862581 1126500 873639 1127100
864519 1137540 865089 1138140
865089 1131780 866685 1132380
865089 1133700 866685 1134300
865887 1137540 876945 1138140
866001 1132740 866343 1133340
866343 1127940 866685 1128540
866343 1135140 867369 1136220
867483 1127940 874893 1128540
867483 1131780 878541 1132380
868281 1135140 877515 1135740
872385 1140420 883443 1141020
873981 1136100 876831 1136700
874779 1133220 877629 1133820
876033 1126980 876831 1127580
876033 1130820 877287 1131420
876945 1129380 879795 1129980
876945 1136100 878541 1137180
876945 1143780 884355 1144380
876945 1158180 884355 1158780
876945 1162980 888003 1163580
877059 1138020 878655 1139100
877515 1127940 878313 1128540
877629 1134180 880479 1134780
877743 1133220 878313 1133820
878199 1126980 881049 1127580
878199 1135140 878769 1135740
878655 1130820 879795 1131420
878655 1137540 879225 1138140
879111 1131780 880137 1132380
879225 1137060 880593 1137660
879453 1138020 880935 1138620
879681 1148100 881619 1148700
879795 1132740 881391 1133340
880023 1138980 881733 1139580
880935 1137060 881505 1137660
881049 1126500 881391 1127100
881163 1131300 881391 1131900
881163 1134660 881733 1135260
881391 1130820 881961 1131420
881619 1138020 882189 1138620
881733 1128900 882873 1129500
881733 1134180 883101 1134780
881733 1135620 882873 1136220
881961 1127460 882189 1128060
881961 1130340 883329 1131420
882075 1154340 883443 1155420
882303 1125540 883671 1126620
882303 1127940 884127 1128540
882303 1131780 882759 1132380
882531 1138020 882987 1138620
882759 1126980 883101 1127580
882987 1135620 883785 1136220
883101 1128900 884127 1129500
883329 1133700 884127 1134300
883329 1141380 885495 1141980
883329 1147140 884127 1147740
883329 1149060 884127 1149660
883329 1152900 885495 1153500
883671 1126500 884013 1127100
883671 1139940 884241 1140540
883671 1155300 885153 1155900
883785 1131300 884925 1131900
883785 1137060 884925 1137660
883899 1130340 884925 1130940
884013 1132740 885495 1133340
884013 1135620 886407 1136220
884013 1150020 886407 1150620
884241 1144740 885381 1145340
884241 1146660 886179 1147260
884241 1151460 885381 1152060
884241 1159140 886179 1159740
884583 1129380 885381 1129980
884697 1128420 886293 1129020
884697 1147620 885723 1148220
884811 1138980 885609 1139580
885153 1154340 886407 1154940
885267 1137060 886293 1137660
885381 1126020 886749 1126620
885381 1129860 886407 1130460
885381 1130820 885609 1131420
885381 1134660 886863 1135260
885381 1143300 886749 1143900
885381 1151940 887091 1152540
885381 1155780 885609 1156380
885381 1156740 886749 1157340
885495 1145700 886179 1146300
885495 1153380 886293 1153980
885609 1139940 887091 1140540
885837 1127460 886407 1128060
885837 1138020 886407 1138620
886065 1132740 886407 1133340
886065 1155300 886977 1155900
886179 1131300 887433 1131900
886179 1144740 888003 1145340
886293 1141860 887661 1142940
886293 1146660 887661 1147740
886293 1159140 887661 1160220
886293 1161060 887661 1162140
886407 1145700 887433 1146300
886749 1137540 887547 1138140
886749 1140900 887205 1141500
887433 1153380 888801 1154460
887547 1126020 889485 1126620
887547 1126980 889029 1127580
887547 1135620 888687 1136220
887547 1136580 888345 1137180
887547 1145700 888687 1146300
887547 1158180 888231 1158780
887661 1131780 887889 1132380
887775 1129860 888801 1130460
887889 1131300 888345 1131900
887889 1156740 888573 1157340
888003 1161540 888687 1162140
888117 1134180 889371 1134780
888117 1146660 888801 1147260
888117 1155780 890055 1156380
888231 1138500 888915 1139100
888231 1140420 888801 1141020
888231 1150980 888801 1151580
888459 1159620 888915 1160220
888573 1133220 889029 1133820
888573 1152420 888915 1153020
888573 1160580 889029 1161180
888687 1132260 889485 1132860
888687 1137540 889827 1138140
888801 1135140 890169 1136220
888801 1141860 890169 1143900
888801 1146180 889485 1146780
888801 1157220 889485 1157820
888915 1147620 889941 1148220
888915 1149540 890283 1150620
889029 1144740 890397 1145820
889029 1162500 890625 1163100
889257 1139460 890055 1140060
889257 1154340 890625 1155420
889827 1158180 891765 1158780
889827 1160580 890055 1161180
889941 1127460 891309 1128540
889941 1147620 891309 1148700
890055 1130820 890853 1131420
890169 1128900 891423 1129500
890169 1133700 891423 1134300
890169 1146660 890397 1147260
890283 1149060 891423 1149660
890397 1161540 891993 1162140
890511 1134660 891195 1135260
890511 1145700 891195 1146300
890739 1159620 891651 1160220
890853 1141860 891423 1142460
891081 1151460 892449 1152540
891081 1156740 892107 1157340
891195 1126020 891765 1126620
891195 1138980 892449 1139580
891195 1139940 891537 1140540
891195 1145220 891423 1145820
891195 1146660 891651 1147260
891309 1154340 892677 1155420
891423 1134660 892107 1135260
891423 1137540 892449 1138140
891423 1143780 892791 1144860
891423 1149540 892791 1150620
891537 1129380 892905 1130460
891765 1162500 892791 1163100
891879 1155780 892221 1156380
891993 1126500 892791 1127100
892107 1134180 892791 1134780
892107 1160580 892335 1161180
892335 1135620 892677 1136220
892335 1156260 893931 1156860
892335 1158660 893133 1159260
892449 1127460 893817 1128540
892449 1132260 893817 1133340
892563 1138500 893703 1139100
892563 1146180 894273 1146780
892791 1126020 893817 1126620
892905 1149060 893589 1149660
893019 1144740 893703 1145340
893019 1162020 893703 1162620
893247 1143780 894045 1144380
893361 1140900 894159 1141500
893475 1129860 893931 1130460
893475 1142340 894273 1142940
893589 1128900 894159 1129500
893589 1139940 894501 1140540
893589 1151940 893931 1152540
893589 1152900 894273 1153500
893703 1148580 894273 1149180
893703 1153860 894045 1154460
893703 1157220 894045 1157820
893703 1160100 894501 1160700
893703 1161540 895527 1162140
893817 1132260 895185 1134300
893817 1144740 895185 1145820
893817 1150500 895185 1151580
893931 1126500 894615 1127100
893931 1135140 895299 1136220
893931 1147140 894615 1147740
893931 1158660 894501 1159260
894159 1157700 894843 1158300
894387 1148100 895527 1148700
894501 1153380 895071 1153980
894501 1162500 895071 1163100
894843 1130340 896211 1131420
894843 1142340 895071 1142940
894957 1126500 895641 1127100
894957 1127460 896325 1128540
894957 1138020 896325 1139100
894957 1157220 895299 1157820
895185 1139460 895413 1140060
895185 1143300 896439 1143900
895185 1144260 895641 1144860
895299 1129380 896325 1129980
895299 1132740 896097 1133340
895299 1134660 896325 1135260
895299 1150020 896781 1150620
895527 1152900 896325 1153500
895755 1131780 896439 1132380
895755 1154820 896553 1155420
895755 1157220 897237 1157820
895755 1158180 897693 1158780
895983 1161060 896439 1161660
896097 1144260 896667 1144860
896097 1147140 896781 1147740
896097 1148100 896667 1148700
896211 1140420 896781 1141020
896325 1126020 897237 1126620
896325 1129380 897693 1130460
896325 1130820 897009 1131420
896325 1145700 897693 1146780
896439 1134660 897009 1135260
896439 1151940 897237 1152540
896781 1128420 897579 1129020
896781 1139460 897465 1140060
896895 1138500 897123 1139100
896895 1153860 897123 1154460
897123 1155300 898149 1155900
897123 1159620 898263 1160220
897351 1126980 898035 1127580
897351 1152420 898719 1153500
897351 1162020 898719 1163100
897465 1126020 901227 1126620
897465 1137060 898833 1138140
897579 1133700 898149 1134300
897579 1143300 898149 1143900
897807 1134660 898833 1135260
897807 1147620 898719 1148220
897921 1150020 898947 1150620
898035 1157220 898719 1157820
898263 1133220 900087 1133820
898263 1145220 900087 1145820
898719 1136100 899745 1136700
898719 1139940 899745 1140540
898719 1143780 899517 1144380
898719 1147140 899517 1147740
898719 1148580 899061 1149180
898719 1155300 898947 1155900
898719 1159620 899517 1160220
898719 1160580 899175 1161180
898833 1141860 899973 1142460
898833 1152420 900087 1153020
898833 1161540 899517 1162140
898947 1129380 900315 1130460
898947 1158660 899517 1159260
899061 1157700 899859 1158300
899289 1138020 899973 1138620
899403 1134660 900201 1135260
899745 1161060 901113 1162140
899973 1138980 901341 1140060
900087 1141380 900429 1141980
900087 1150500 901455 1151580
900315 1135140 900771 1135740
900315 1143300 901455 1143900
900315 1146180 901113 1146780
900315 1160100 901341 1160700
900429 1128900 901569 1129500
900543 1142340 901227 1142940
900657 1156260 900885 1156860
900771 1130340 901797 1131420
900771 1132260 901341 1132860
900885 1140420 902025 1141020
900885 1155300 901455 1155900
900999 1151940 901797 1152540
901227 1127460 901911 1128540
901227 1134660 901797 1135260
901227 1141380 901455 1141980
901227 1145700 902025 1146300
901227 1146660 901569 1147260
901227 1157700 902253 1158300
901227 1161060 902253 1161660
901341 1153380 902709 1154460
901455 1132260 902481 1132860
901455 1137060 902253 1137660
901455 1138980 902253 1139580
901455 1162020 902595 1162620
901683 1144740 903051 1145340
901797 1149540 902595 1150140
901797 1159140 903393 1159740
901911 1151460 902481 1152060
901911 1152420 902481 1153020
902139 1135140 902595 1135740
902139 1145700 903507 1146780
902139 1148100 902481 1148700
902139 1156740 902481 1157340
902367 1130340 903735 1131420
902481 1139940 903849 1141020
902481 1141860 903849 1142940
902481 1162980 903849 1164060
902595 1150980 902823 1151580
902595 1155780 903735 1156380
902709 1128900 903735 1129500
902937 1134660 903393 1135260
902937 1154340 903963 1155420
902937 1157700 903621 1158300
903051 1127940 904419 1128540
903051 1144260 903735 1144860
903165 1162020 903849 1162620
903621 1133220 904647 1133820
903735 1126980 905103 1127580
903735 1129380 904077 1129980
903735 1130820 904761 1131420
903735 1135620 904761 1136220
903735 1143780 904533 1144380
903735 1159620 904875 1160220
903849 1139940 905217 1141980
903849 1147140 904533 1147740
903849 1148580 905217 1149660
903849 1158660 905103 1159260
903963 1145700 905331 1146780
903963 1153380 905331 1154460
903963 1156260 905331 1157340
904419 1134180 904989 1134780
904419 1160580 905559 1161180
904533 1152420 904875 1153020
904647 1162020 906015 1163100
904875 1131780 905901 1132380
904875 1138020 906243 1139100
904875 1151460 906243 1152540
904989 1135140 906357 1136220
905103 1128900 906585 1129500
905103 1147140 905787 1147740
905103 1157700 906471 1158300
905217 1129860 907155 1130460
905445 1153860 906129 1154460
905559 1160580 906357 1161180
905673 1136580 906357 1137180
905673 1156260 906357 1156860
905787 1132740 906813 1133340
905787 1155300 906927 1155900
906015 1149540 906699 1150140
906015 1152900 907611 1153500
906129 1144260 906699 1144860
906243 1148100 907611 1148700
906243 1158660 907383 1159260
906471 1127460 906699 1128060
906471 1140900 907497 1141500
906471 1151460 907839 1152540
906471 1162020 907155 1162620
906585 1135140 907725 1135740
906699 1138980 908409 1139580
906699 1141860 908067 1142940
906813 1128420 907953 1129020
906813 1146660 908181 1147740
906813 1156740 907611 1157340
906927 1126020 908067 1126620
906927 1144740 908295 1145820
906927 1160580 907497 1161180
907383 1131780 908067 1132380
907497 1149060 908637 1149660
907497 1162980 908865 1164060
907611 1137060 908979 1137660
907611 1138020 908409 1138620
907611 1157700 908637 1158300
907725 1134660 908523 1135260
907725 1154820 908751 1155420
908067 1155780 910005 1156380
908181 1153380 908865 1153980
908295 1151940 910005 1152540
908295 1160100 908751 1160700
908637 1143780 909435 1144380
908751 1135140 909549 1135740
908751 1145220 909777 1145820
908751 1148100 908979 1148700
908751 1150020 908979 1150620
908751 1158660 909093 1159260
908751 1162020 910347 1162620
908865 1126500 910233 1127100
908865 1128420 910233 1129500
908865 1138020 909549 1138620
908979 1131780 909663 1132380
909207 1130340 910575 1131420
909207 1141380 910005 1141980
909321 1127460 910119 1128060
909321 1142340 910119 1142940
909321 1157220 910119 1157820
909435 1144260 910461 1144860
909435 1158180 910233 1158780
909663 1132260 910005 1132860
909891 1139940 911259 1141020
910005 1154340 911373 1155420
910119 1137540 910917 1138140
910119 1143300 911715 1143900
910119 1148100 910917 1148700
910119 1150020 911715 1150620
910233 1149060 910689 1149660
910347 1128420 911373 1129020
910347 1134660 911373 1135260
910803 1156740 912513 1157340
911031 1129380 911829 1129980
911031 1133700 911829 1134300
911031 1136100 911715 1136700
911259 1131300 912171 1131900
911259 1138500 911487 1139100
911259 1144260 912513 1144860
911259 1147140 911487 1147740
911259 1157700 912057 1158300
911259 1159620 912513 1160220
911373 1140900 912741 1141980
911373 1151460 912057 1152060
911373 1152420 912741 1153500
911373 1160580 912057 1161180
911487 1125540 912855 1126620
911487 1162020 912627 1162620
911715 1142820 913083 1143900
911829 1137540 912627 1138140
911943 1138980 913311 1140060
911943 1163460 912627 1164060
912057 1158660 912741 1159260
912171 1145700 913539 1146780
912171 1150980 912513 1151580
912399 1132260 913767 1133340
912513 1128420 913881 1129500
912513 1147620 913881 1148700
912513 1153860 913767 1154460
912513 1155300 913881 1156380
912627 1126980 913653 1127580
912627 1162500 913767 1163100
913083 1152420 913767 1153020
913197 1158180 913995 1158780
913311 1138020 915021 1138620
913311 1139460 913881 1140060
913311 1150020 914109 1150620
913653 1126500 915135 1127100
913653 1144260 914109 1144860
913653 1151460 914679 1152060
913653 1159140 915021 1159740
913767 1130340 915135 1130940
913767 1149060 915021 1149660
913767 1160100 913995 1160700
913881 1133700 915135 1134300
913881 1138980 914679 1139580
913881 1140420 914565 1141020
913995 1132260 915021 1132860
913995 1136100 915021 1136700
914109 1157700 914907 1158300
914223 1128420 915591 1129500
914223 1131300 915249 1131900
914223 1137060 914793 1137660
914223 1152420 915591 1153500
914337 1145220 915135 1145820
914451 1146660 915249 1147260
914565 1162980 915135 1163580
914793 1138980 916161 1140060
914907 1154340 916275 1155420
914907 1158180 916731 1158780
915135 1137060 916845 1137660
915249 1150020 916845 1150620
915819 1128900 916959 1129500
916161 1129860 917643 1130460
916161 1138500 917301 1139100
916161 1143300 917187 1143900
916161 1146180 916503 1146780
916275 1126020 916617 1126620
916275 1130820 917073 1131420
916275 1140900 916617 1141500
916275 1151460 917073 1152060
916389 1132260 917757 1133340
916389 1148100 917643 1148700
916389 1157220 917529 1157820
916503 1126980 918213 1127580
916503 1127940 917871 1128540
916503 1135140 917073 1135740
916503 1139460 917073 1140060
916503 1153380 917529 1153980
916617 1152420 917301 1153020
916617 1162020 917985 1163100
916731 1141860 918099 1142940
916731 1158180 917757 1158780
916845 1134180 917643 1134780
916845 1160580 917301 1161180
917187 1136100 918555 1137180
917187 1146660 917643 1147260
917187 1149060 917643 1149660
917415 1139940 918783 1141020
917415 1150500 918783 1151580
917529 1144740 918897 1145820
917529 1160100 917757 1160700
917643 1134180 918669 1134780
917643 1157220 919239 1157820
917757 1126020 919011 1126620
917985 1153380 919011 1153980
918213 1158180 919353 1158780
918213 1160580 918441 1161180
918327 1127940 918897 1128540
918327 1132260 919923 1132860
918555 1155300 920037 1156380
918555 1160100 919353 1160700
918783 1129860 919581 1130460
918783 1134180 919581 1134780
918783 1138980 920151 1140060
918783 1141860 920037 1142460
918783 1149060 919923 1149660
918783 1161540 919467 1162140
918897 1136580 920037 1137180
919011 1126500 920037 1127100
919011 1127460 920037 1128060
919011 1135140 919695 1135740
919011 1144260 919695 1144860
919011 1150020 919239 1150620
919011 1152420 920037 1153020
919239 1145220 920037 1145820
919353 1160580 920037 1161180
919467 1142820 919695 1143420
919467 1153380 919809 1153980
919467 1156740 920265 1157340
919581 1148100 920037 1148700
919809 1158180 920265 1158780
919809 1159140 921177 1160220
919923 1162020 920379 1162620
920037 1131300 921405 1132380
920037 1136100 920379 1136700
920151 1129380 921291 1129980
920151 1140420 920835 1141020
920265 1127940 920493 1128540
920379 1156260 921405 1156860
920607 1126500 921633 1127100
920721 1145700 921405 1146300
920835 1154820 922089 1155420
920835 1158180 921633 1158780
921063 1132740 921633 1133340
921177 1152900 921633 1153500
921291 1127940 921633 1128540
921291 1128900 921975 1129500
921291 1135620 922089 1136220
921291 1139460 921747 1140060
921405 1136580 922089 1137180
921405 1137540 922089 1138140
921405 1138500 922545 1139100
921405 1142340 922089 1142940
921405 1149540 923115 1150140
921405 1161540 922089 1162140
921519 1129860 922203 1130460
921633 1127460 924027 1128060
921633 1132260 923115 1132860
921633 1133220 923115 1133820
921633 1134660 922317 1135260
921633 1159140 924027 1159740
921861 1146180 922659 1146780
921975 1140420 922773 1141020
921975 1157700 922773 1158300
922089 1155780 923343 1156380
922431 1128900 923457 1129500
922431 1152900 922887 1153500
922545 1148100 923685 1148700
922545 1154820 924027 1155420
922659 1126020 923685 1126620
922659 1146180 923343 1146780
922773 1129860 923913 1130460
922773 1134660 924141 1135260
923001 1137060 923799 1137660
923001 1138020 923229 1138620
923001 1140900 923685 1141500
923001 1141860 923343 1142460
923001 1142820 924255 1143420
923001 1144740 924483 1145340
923001 1150500 924027 1151100
923001 1157220 923799 1157820
923001 1158180 924255 1158780
923001 1160100 923457 1160700
923001 1162980 924483 1163580
923229 1132740 923913 1133340
923229 1135620 924597 1136220
923343 1139940 923913 1140540
923343 1149540 924483 1150140
923343 1155780 924483 1156380
923571 1151460 924027 1152060
923799 1128420 924483 1129020
923799 1131780 924027 1132380
923799 1133700 924597 1134300
923799 1152420 924597 1153020
923799 1153860 924255 1154460
923799 1160580 925167 1161180
923799 1161540 924255 1162140
923913 1140900 925281 1141980
924369 1137540 924939 1138140
924369 1156740 924825 1157340
924711 1144740 926079 1145820
924711 1149540 926079 1150620
924939 1146660 925167 1147260
924939 1155780 925395 1156380
925053 1127460 925281 1128060
925053 1152420 925737 1153020
925167 1138500 925965 1139100
925167 1142340 926193 1142940
925167 1151460 927105 1152060
925167 1154340 926535 1155420
925395 1143300 926649 1143900
925395 1158660 925965 1159260
925395 1161540 926763 1162140
925737 1133700 927333 1134300
925737 1157700 926877 1158300
925965 1132740 926649 1133340
926079 1128900 927561 1129500
926193 1130820 926535 1131420
926193 1139460 926649 1140060
926193 1141380 929955 1141980
926307 1126020 927675 1126620
926307 1147140 927561 1147740
926307 1152420 927333 1153020
926421 1127460 927789 1128540
926421 1135140 927789 1137180
926421 1156260 927789 1157340
926421 1159620 927561 1160220
926535 1140420 927561 1141020
926535 1145700 927903 1146780
926649 1138980 927789 1139580
926649 1153860 927789 1154460
926763 1131300 928131 1132380
926877 1158660 927333 1159260
927219 1149540 928587 1150620
927675 1129860 928017 1130460
927903 1152420 928929 1153020
927903 1156260 928929 1156860
927903 1157220 928929 1157820
928359 1139460 929499 1140060
928359 1159620 929043 1160220
928473 1129860 929043 1130460
928587 1127460 929385 1128060
928701 1128420 929385 1129500
928815 1132740 929385 1133340
928815 1138500 929271 1139100
928815 1161060 929043 1161660
928929 1136100 930297 1138140
928929 1140420 929613 1141020
928929 1147620 930297 1148700
928929 1162020 930297 1163100
929043 1126020 930069 1126620
929043 1146660 929841 1147260
929043 1150500 930411 1151580
929043 1154340 930411 1155420
929385 1130340 930753 1131420
929385 1145220 929841 1145820
929499 1138980 930069 1139580
929499 1156260 930867 1157340
929727 1133700 930753 1134300
930183 1144260 931209 1144860
930183 1151940 930981 1152540
930297 1145700 931437 1146300
930411 1159140 930981 1159740
930525 1128900 932349 1129500
930525 1132740 930867 1133340
930639 1154820 931437 1155420
930867 1148580 931893 1149180
930981 1133220 931551 1133820
931095 1142820 931893 1143420
931095 1147620 931551 1148220
931095 1161060 931551 1161660
931209 1134660 932691 1135260
931323 1127940 931551 1128540
931323 1135620 931779 1136220
931323 1138500 932349 1139100
931323 1150980 932349 1151580
931323 1158660 931665 1159260
931437 1137060 932805 1138140
931437 1139940 932805 1141020
931551 1131300 932919 1132380
931551 1153380 932349 1153980
931551 1156740 932577 1157340
931779 1126020 932577 1126620
931779 1143780 933147 1144860
931779 1160100 933147 1161180
931893 1152420 933033 1153020
931893 1159140 932121 1159740
932007 1133220 933375 1134300
932235 1135620 932577 1136220
932235 1149060 932577 1149660
932349 1162980 933717 1164060
932577 1158180 933717 1158780
932691 1141860 933831 1142460
932691 1149540 932919 1150140
933033 1152420 933945 1153020
933033 1159140 933489 1159740
933147 1144260 933945 1144860
933147 1146180 933945 1146780
933147 1150020 933945 1150620
933147 1150980 933831 1151580
933375 1126500 934515 1127100
933375 1127940 934173 1128540
933489 1155780 934857 1156380
933717 1149060 934743 1149660
933717 1158660 934401 1159260
933831 1132740 935199 1133340
933831 1142340 934173 1142940
933945 1137060 935313 1138140
933945 1138500 934629 1139100
933945 1150500 935313 1151580
933945 1154340 935313 1155420
933945 1161060 935313 1162140
934059 1131780 935085 1132380
934059 1146180 934857 1146780
934059 1147620 935427 1148700
934059 1159620 935199 1160220
934515 1140420 934857 1141020
934515 1158180 935655 1158780
934971 1135140 936339 1136220
934971 1162980 936339 1164060
935085 1134180 935427 1134780
935085 1153380 935541 1153980
935199 1127460 936225 1128060
935199 1130340 936567 1131420
935199 1140900 935427 1141500
935199 1144740 936567 1145820
935199 1159140 936225 1159740
935427 1128420 936453 1129020
935427 1155780 935769 1156380
935541 1141380 936225 1141980
935655 1133700 937023 1134300
935655 1143780 936453 1144380
935655 1158180 936681 1158780
935769 1153380 936681 1153980
935883 1146180 936681 1146780
935883 1148100 936453 1148700
935883 1149060 937137 1149660
935883 1160100 937023 1160700
936111 1138980 936909 1139580
936339 1126020 936567 1126620
936339 1142340 936567 1142940
936339 1155780 937935 1156380
936339 1162500 936567 1163100
936453 1131780 937593 1132380
936453 1147620 937821 1148700
936453 1154340 937821 1155420
936453 1161060 937821 1162140
936567 1127940 937593 1128540
936567 1137060 937935 1138140
936567 1150500 937935 1151580
936909 1152900 937821 1153500
937023 1160100 938163 1160700
937137 1126500 938391 1127100
937137 1134180 955491 1134780
937251 1128900 937479 1129500
937479 1144260 937821 1144860
937593 1127940 938733 1128540
937707 1131300 938733 1131900
937707 1157700 938049 1158300
937821 1140420 939417 1141020
938049 1136100 949107 1136700
938049 1139460 949107 1140060
938049 1145700 938277 1146300
938049 1155300 939189 1155900
938163 1148100 938961 1148700
938277 1138020 938505 1138620
938277 1149060 939189 1149660
938391 1143300 939189 1143900
938391 1147140 939075 1147740
938391 1157220 939531 1157820
938391 1158660 939531 1159260
938391 1159620 939531 1160220
938391 1162500 939873 1163100
938505 1145700 939075 1146300
938619 1129860 939417 1130460
938619 1153380 939189 1154460
938961 1142340 940101 1142940
938961 1161060 940329 1162140
939075 1137060 940443 1138140
939189 1154340 940557 1155420
939417 1150980 939759 1151580
939417 1152420 940557 1153020
939531 1126500 940899 1127580
939531 1157700 939759 1158300
939759 1127940 940557 1128540
939759 1157220 940329 1157820
940101 1144740 941469 1145820
940101 1158180 940785 1158780
940215 1146180 941013 1146780
940329 1128900 941583 1129500
940329 1155780 941583 1156380
940443 1150500 941013 1151100
940443 1162500 941013 1163100
940557 1129860 941583 1130460
940785 1152900 941013 1153500
940785 1159140 941013 1159740
940899 1126500 941469 1127100
941013 1141860 948423 1142460
941241 1127940 942381 1128540
941241 1132260 948651 1132860
941241 1157220 941925 1157820
941355 1154820 941583 1155420
941355 1159140 941925 1159740
941355 1162500 941583 1163100
941469 1142820 942837 1143900
941469 1153380 942837 1154460
941583 1156260 942153 1156860
941811 1145700 942381 1146300
941925 1148580 942381 1149180
941925 1149540 943521 1150620
942039 1158180 943407 1159260
942153 1126500 943521 1127580
942153 1151940 943407 1152540
942267 1156740 943407 1157340
942495 1150980 943293 1151580
942609 1129380 943521 1129980
942723 1154820 943293 1155420
942723 1160100 943407 1160700
942723 1161060 943407 1161660
943065 1138020 945915 1138620
943065 1145220 946827 1145820
943179 1152900 943977 1153500
943293 1143780 947055 1144380
943293 1153860 943977 1154460
943293 1162500 943521 1163100
943407 1155780 944547 1156380
943407 1156740 944547 1157340
943521 1127940 945117 1128540
943749 1149060 944661 1149660
943863 1160100 944547 1160700
943863 1162500 944091 1163100
943977 1150980 944661 1151580
943977 1159140 944433 1159740
943977 1161060 945345 1162140
944091 1125540 945459 1126620
944091 1150020 944775 1150620
944319 1129380 944661 1129980
944319 1152900 944661 1153500
944319 1158180 945801 1158780
944547 1126980 944889 1127580
944547 1156260 946143 1157340
944775 1151460 945231 1152060
944775 1155300 945345 1155900
945003 1159140 945345 1159740
945231 1126980 946029 1127580
945231 1150500 945573 1151100
945231 1151940 945801 1152540
945231 1162500 946713 1163100
945573 1150020 945801 1150620
945573 1152900 945801 1153500
945687 1159140 946029 1159740
945801 1153860 946485 1154460
945915 1155300 946941 1155900
945915 1160580 947055 1161180
945915 1161540 946371 1162140
946029 1150020 947169 1150620
946029 1158180 946713 1158780
946143 1148100 946941 1148700
946257 1126500 946713 1127100
946257 1127940 957315 1128540
946257 1152900 946599 1153500
946371 1130820 949221 1131420
946371 1159620 946941 1160220
946599 1138020 947625 1138620
946713 1157220 947397 1157820
946827 1153380 948423 1154460
947055 1143780 948423 1144860
947055 1155780 948993 1156380
947169 1135140 949107 1135740
947283 1158180 947853 1158780
947397 1159620 948651 1160220
947625 1150020 949563 1150620
947853 1140900 949221 1141500
947967 1162020 948765 1162620
948081 1146660 949677 1147260
948081 1154820 949221 1155420
948423 1144260 948993 1144860
948537 1145220 949335 1145820
948765 1158660 950361 1159260
948765 1160100 949449 1161180
948879 1128900 949449 1129500
948879 1157700 956289 1158300
948993 1162020 950361 1163100
949107 1156740 949563 1157340
949221 1148580 950817 1149660
949335 1136100 950931 1137180
949335 1140420 950361 1141020
949335 1155780 950019 1156380
949449 1130340 951045 1131420
949563 1132260 950133 1132860
949563 1143780 951159 1144860
949563 1150020 950361 1150620
949791 1141860 951387 1142940
949791 1159620 951615 1160220
950133 1155300 957543 1155900
950703 1145220 958113 1145820
950817 1148580 951501 1149180
950817 1160580 951045 1161180
950931 1138500 954693 1139100
951045 1132260 958455 1132860
951273 1160580 951615 1161180
951501 1162020 952869 1163100
951729 1159140 952413 1159740
951843 1141860 953439 1142940
951957 1130340 955719 1130940
952071 1140420 953325 1141020
952071 1144260 955833 1144860
952071 1160100 952413 1160700
952299 1143300 952641 1143900
952527 1128900 953553 1129500
952527 1135620 953553 1136220
952527 1136580 953553 1137180
952527 1160580 954009 1161180
952755 1126020 953781 1126620
952983 1143300 959367 1143900
952983 1159620 953553 1160220
952983 1162500 953553 1163100
953553 1139460 954009 1140060
953667 1162020 954123 1162620
953895 1142340 954921 1142940
954009 1162980 955605 1164060
954465 1140900 961875 1141500
954579 1139940 961989 1140540
955719 1138020 956631 1138620
955833 1160580 956061 1161180
956061 1150980 960735 1151580
956175 1128900 956973 1129500
956175 1130820 956745 1131420
956175 1135620 957087 1136220
956403 1126020 956859 1126620
956403 1160580 959253 1161180
956631 1134180 957201 1134780
956631 1162020 958227 1163100
956745 1156740 958683 1157340
956859 1137060 957429 1137660
957201 1134660 957885 1135260
957543 1150020 959367 1150620
957885 1154340 960735 1154940
958113 1131300 972819 1131900
958113 1148100 959367 1148700
958227 1126020 959253 1126620
958341 1133700 959367 1134300
958341 1137060 973047 1137660
958455 1129860 959367 1130460
958455 1142340 959367 1142940
958683 1158180 987981 1158780
959025 1155780 960735 1156380
959253 1138500 975327 1139100
959253 1162500 960735 1163100
959481 1136100 988779 1136700
960279 1142820 989577 1143420
960393 1143780 989691 1144380
960621 1129860 968031 1130460
960621 1141860 975327 1142460
960621 1145220 989919 1145820
960621 1147140 989919 1147740
960621 1148100 989919 1148700
960621 1156740 989919 1157340
960621 1159620 989919 1160220
960621 1160580 989919 1161180
961191 1154340 990489 1154940
961647 1127460 990945 1128060
963471 1150500 992769 1151100
964725 1155300 979431 1155900
967917 1139460 975327 1140060
967917 1149060 982623 1149660
972933 1128420 983991 1129020
973389 1129380 980799 1129980
973503 1126500 984561 1127100
975213 1132740 982623 1133340
976467 1139940 987525 1140540
979203 1153380 993909 1153980
982509 1129860 997215 1130460
983877 1133220 986727 1133820
983877 1137060 986727 1137660
986157 1131780 987069 1132380
986157 1138500 986841 1139100
986157 1141860 989007 1142460
986157 1162980 993567 1163580
986727 1135140 987069 1135740
986727 1137060 987753 1138140
986955 1128420 987981 1129500
986955 1133220 987981 1134300
987297 1140900 989235 1141500
987297 1162020 994707 1162620
987867 1131780 989805 1132380
988893 1128420 992655 1129020
988893 1133220 990033 1133820
988893 1136580 989805 1137180
989235 1140900 989805 1141500
989691 1135140 991287 1136220
989691 1141860 991287 1142940
989805 1126020 997215 1126620
989805 1130820 992655 1131420
989805 1144260 1004511 1144860
989805 1146180 992655 1146780
989805 1149060 1004511 1149660
989805 1157700 997215 1158300
989919 1131780 990375 1132380
990033 1137540 990717 1138140
990147 1140900 990717 1141500
990603 1132260 990945 1132860
990831 1138500 991287 1139100
990945 1160100 996531 1160700
991287 1137540 991857 1138140
991401 1132260 991857 1132860
991629 1134660 992313 1135260
991629 1140420 992085 1141020
991629 1141380 992541 1141980
991629 1142820 993225 1143900
991629 1145220 991857 1145820
991743 1136100 992541 1136700
992199 1154340 992997 1154940
992427 1134660 993225 1135260
992427 1139460 993111 1140060
992541 1136100 992997 1136700
992769 1140900 992997 1141500
992883 1150500 993681 1151100
992997 1141860 993225 1142460
993111 1137540 994935 1138140
993339 1133700 997101 1134300
993339 1136580 994137 1137180
993339 1139460 993909 1140060
993339 1140900 994365 1141500
993567 1135140 995049 1136220
993567 1154340 995505 1154940
993795 1141860 996645 1142460
993795 1146660 996645 1147260
993909 1155300 995847 1155900
994023 1132260 994821 1132860
994023 1161060 995961 1161660
994251 1126980 994593 1127580
994251 1156260 996189 1156860
994593 1139460 995277 1140060
994593 1140420 994821 1141020
994593 1147620 996531 1148220
994707 1128420 996303 1129500
994935 1138500 995619 1139100
995619 1132260 996645 1132860
995619 1138500 996189 1139100
995619 1153380 996987 1153980
996189 1138020 996645 1138620
996189 1162980 998355 1163580
996303 1142820 996987 1143420
996303 1150500 996987 1151100
996417 1162020 998355 1162620
996531 1136580 997101 1137180
996531 1139940 996987 1140540
996759 1145700 998355 1146300
996759 1161060 998355 1161660
996873 1132260 998355 1132860
996873 1135140 998355 1135740
996873 1138020 998355 1138620
996873 1154340 998355 1154940
996873 1155300 998355 1155900
996873 1156260 998355 1156860
998013 1129860 998697 1130460
998127 1130820 998697 1131420
998127 1136580 999153 1137180
998241 1127460 1000179 1128060
998241 1138980 999381 1139580
998241 1139940 998469 1140540
998241 1140900 999267 1141980
998241 1147620 1012947 1148220
998241 1150500 1012947 1151100
998241 1153380 1012947 1153980
998241 1158180 1012947 1158780
998241 1160100 1012947 1160700
998355 1133700 999609 1134300
998583 1126500 999723 1127100
998811 1131780 999609 1132380
999039 1137540 999381 1138140
999039 1139940 999837 1140540
999039 1142340 999381 1142940
999495 1129380 999951 1129980
999495 1136100 1000293 1136700
999723 1132260 1000293 1132860
999837 1126020 1000521 1126620
999951 1128900 1000179 1129500
999951 1138980 1000179 1139580
1000065 1134180 1000521 1134780
1000065 1138020 1001775 1138620
1000065 1139940 1000521 1140540
1000179 1127460 1000977 1128060
1000179 1129860 1000863 1130460
1000407 1132260 1000863 1132860
1000407 1136100 1001205 1136700
1000635 1141860 1015341 1142460
1000863 1129860 1001661 1130460
1000863 1132740 1001661 1133340
1000863 1134660 1002801 1135260
1000863 1140420 1001433 1141020
1000977 1126020 1001661 1126620
1000977 1133700 1001775 1134300
1001091 1127940 1002801 1128540
1001547 1128900 1008957 1129500
1001661 1136100 1003257 1137180
1001661 1140420 1002801 1141020
1001775 1130340 1003257 1131420
1002003 1132740 1002459 1133340
1002003 1139460 1002231 1140060
1002117 1126500 1002345 1127100
1002231 1133700 1002915 1134300
1002345 1126980 1004283 1127580
1002459 1131780 1003599 1132380
1002459 1137540 1002801 1138140
1002915 1126020 1003599 1126620
1003257 1127940 1005195 1128540
1003257 1137540 1004853 1138140
1003371 1136580 1003941 1137180
1003599 1130340 1005081 1131420
1003599 1134180 1004739 1134780
1003599 1139940 1018305 1140540
1004283 1138500 1004853 1139100
1004397 1151940 1015455 1152540
1004397 1154820 1015455 1155420
1004397 1156740 1015455 1157340
1004739 1126980 1005537 1127580
1004739 1135140 1005309 1135740
1004739 1136100 1006221 1137180
1005537 1148580 1020243 1149180
1005651 1126500 1006791 1127100
1006107 1127460 1006905 1128060
1006221 1129860 1006905 1130460
1007247 1125540 1008843 1126620
1007475 1127460 1008045 1128060
1008615 1127940 1009185 1128540
1008615 1130340 1010097 1131420
1008615 1146180 1016025 1146780
1010211 1128420 1011693 1129500
1011807 1145220 1017393 1145820
1012263 1128420 1013745 1129500
1012833 1143780 1022751 1144380
1012833 1149540 1022751 1150140
1012833 1161060 1022751 1161660
1012833 1162020 1022751 1162620
1014087 1135620 1018761 1136220
1015341 1147140 1018761 1147740
1015341 1150980 1018761 1151580
1015341 1152900 1018761 1153500
1015341 1158660 1018761 1159260
1015341 1159620 1018761 1160220
1015569 1126500 1019331 1127100
1015683 1138500 1016709 1139100
1015911 1134660 1017393 1135260
1018647 1128900 1022751 1129500
1018647 1134660 1022751 1135260
1018647 1137540 1022751 1138140
1018647 1138500 1022751 1139100
1018647 1140420 1022409 1141020
1018647 1145220 1022409 1145820
1018647 1154820 1022409 1155420
1018647 1156740 1022751 1157340
1020129 1142820 1022067 1143420
1020243 1132260 1022751 1132860
1021041 1126500 1022067 1127100
1021725 1127460 1022751 1128060
1022295 1130340 1022751 1130940
1022295 1139460 1022751 1140060
1022295 1141380 1022751 1141980
1022295 1150980 1022751 1151580
1022295 1159620 1022751 1160220
1840929 1126500 1865439 1127100
1840929 1127460 1865439 1128060
1840929 1129860 1855635 1130460
1840929 1130820 1859283 1131420
1840929 1131780 1859283 1132380
1840929 1134660 1855635 1135260
1840929 1135620 1859283 1136220
1840929 1136580 1859283 1137180
1840929 1139460 1855635 1140060
1840929 1140420 1859283 1141020
1840929 1141380 1859283 1141980
1840929 1144260 1855635 1144860
1840929 1145220 1859283 1145820
1840929 1146180 1859283 1146780
1840929 1149060 1855635 1149660
1840929 1150020 1859283 1150620
1840929 1150980 1859283 1151580
1840929 1153860 1855635 1154460
1840929 1154820 1859283 1155420
1840929 1155780 1859283 1156380
1840929 1158660 1855635 1159260
1840929 1159620 1859283 1160220
1840929 1160580 1859283 1161180
