847761 1125540 862467 1126140
847761 1126500 858819 1127100
847761 1127460 862467 1128060
847761 1128420 858819 1129020
847761 1129380 862467 1129980
847761 1130340 855171 1130940
847761 1131300 858819 1131900
847761 1132260 862467 1132860
847761 1133220 858819 1133820
847761 1134180 858819 1134780
847761 1135140 855171 1135740
847761 1136100 858819 1136700
847761 1137060 862467 1137660
847761 1138020 862467 1138620
847761 1138980 862467 1139580
847761 1139940 862467 1140540
847761 1140900 877059 1141500
847761 1141860 877059 1142460
847761 1142820 877059 1143420
847761 1143780 862467 1144380
847761 1144740 862467 1145340
847761 1145700 877059 1146300
847761 1146660 877059 1147260
847761 1147620 880707 1148220
847761 1148580 862467 1149180
847761 1149540 862467 1150140
847761 1150500 877059 1151100
847761 1151460 877059 1152060
847761 1152420 877059 1153020
847761 1153380 862467 1153980
847761 1154340 862467 1154940
847761 1155300 877059 1155900
847761 1156260 877059 1156860
847761 1157220 877059 1157820
847761 1158180 862467 1158780
847761 1159140 862467 1159740
847761 1160100 877059 1160700
847761 1161060 877059 1161660
847761 1162020 877059 1162620
847761 1162980 862467 1163580
860529 1133220 860757 1133820
860643 1135620 862125 1136220
861099 1131300 862581 1131900
861441 1126500 862695 1127100
861441 1128420 862695 1129020
861441 1134180 863151 1134780
862011 1133220 865773 1133820
862695 1126020 866457 1126620
862695 1127940 866457 1128540
862695 1137540 864633 1138140
863493 1132260 874551 1132860
863835 1138980 864975 1139580
864747 1137060 865089 1137660
865089 1128900 876147 1129500
865089 1129860 879795 1130460
865089 1130820 876147 1131420
865089 1134660 879795 1135260
865089 1144260 883443 1144860
865089 1149060 879795 1149660
865089 1153860 872499 1154460
865089 1158660 883443 1159260
865089 1163460 883443 1164060
865659 1135620 866457 1136220
865659 1138500 876717 1139100
865887 1137060 867483 1137660
866571 1125540 867597 1126620
866571 1127460 867597 1128540
866571 1133220 867597 1134300
868167 1125540 877401 1126140
868509 1127460 875919 1128060
872385 1136580 876147 1137180
872385 1139460 879795 1140060
873525 1126500 876375 1127100
874551 1132740 877059 1133340
876489 1137060 877857 1137660
876717 1126500 878313 1127580
876717 1136100 877059 1136700
876717 1138020 877173 1138620
876945 1153380 884355 1153980
877173 1128420 879681 1129020
877515 1133220 877857 1133820
877743 1125540 878313 1126140
878199 1131300 878769 1131900
878199 1133220 879795 1133820
878199 1135620 878883 1136220
878199 1137060 879339 1137660
878427 1126020 878997 1126620
878427 1132260 881277 1132860
879111 1138500 880137 1139100
879225 1127460 882075 1128060
879681 1136100 881277 1137180
879681 1154820 882189 1155420
879795 1126020 881733 1126620
879795 1129380 880365 1129980
880251 1135140 881277 1135740
880593 1139940 881505 1140540
880593 1148580 883443 1149180
880707 1131300 881277 1131900
881049 1128900 881847 1129500
881163 1129860 882417 1130460
881163 1133700 882189 1134300
881277 1131300 882417 1131900
881277 1132260 882873 1133340
881391 1136100 882189 1136700
881391 1137060 882987 1138140
881505 1139460 881733 1140060
881505 1147620 881733 1148220
881619 1149540 882189 1150140
881847 1125540 882417 1126140
882075 1127460 882645 1128060
882417 1140900 883671 1141500
882417 1155300 882759 1155900
882531 1135140 882987 1135740
882645 1127460 883785 1128060
882759 1128900 883215 1129500
882759 1131300 883557 1131900
882873 1147620 884811 1148220
882987 1135140 883443 1135740
882987 1138020 883785 1138620
883101 1139460 884127 1140060
883329 1133220 885039 1133820
883329 1136580 884127 1137180
883329 1142340 885495 1142940
883329 1143300 885495 1143900
883329 1145220 885495 1145820
883329 1146180 885495 1146780
883329 1150020 884127 1150620
883329 1150980 884127 1151580
883329 1151940 885495 1152540
883329 1154340 885267 1154940
883329 1155780 885495 1156380
883329 1156740 885495 1157340
883329 1157700 885495 1158300
883329 1159620 885495 1160220
883329 1160580 885495 1161180
883329 1161540 885495 1162140
883329 1162500 885495 1163100
883557 1126020 885495 1126620
883557 1129860 885495 1130460
883671 1131780 884127 1132380
883671 1134180 885381 1134780
883671 1135620 884127 1136220
883671 1140900 884697 1141500
883899 1148580 884925 1149180
884013 1126980 886407 1127580
884013 1127940 885495 1128540
884013 1137540 885495 1138140
884013 1138500 886407 1139100
884241 1132260 884469 1132860
884241 1150500 885153 1151100
884469 1139940 885723 1140540
884583 1149540 885267 1150140
884811 1131300 885723 1131900
885039 1148580 886179 1149180
885153 1135140 885951 1135740
885153 1136100 886407 1136700
885267 1132260 886407 1132860
885267 1149540 886293 1150140
885381 1128900 886407 1129500
885381 1144260 886407 1144860
885381 1153860 887319 1154460
885381 1154820 886065 1155420
885381 1158660 887319 1159260
885495 1145220 886179 1145820
885495 1146180 886179 1146780
885495 1152900 886179 1153500
885495 1155780 886179 1156380
885609 1140900 885837 1141500
885609 1147620 886407 1148220
885609 1150500 886407 1151100
886065 1130820 886407 1131420
886065 1141860 886407 1142460
886065 1157220 886407 1157820
886065 1160100 887433 1160700
886065 1161060 886407 1161660
886179 1134180 886977 1134780
886179 1137060 886863 1137660
886179 1146180 886977 1146780
886179 1151460 887091 1152060
886293 1140420 887091 1141020
886293 1149060 887091 1149660
886293 1152420 887661 1153500
886521 1138980 887889 1140060
886635 1126020 887661 1126620
886635 1142820 888003 1143900
886749 1141380 887205 1141980
886977 1126980 887661 1127580
886977 1162020 887433 1162620
887319 1131300 888003 1131900
887319 1137060 887547 1137660
887319 1145700 887661 1146300
887433 1134180 888231 1134780
887547 1130340 888915 1130940
887547 1135140 888459 1135740
887547 1136100 887889 1136700
887547 1144260 889029 1144860
887547 1154820 888687 1155420
887547 1157700 888231 1158300
887547 1159620 888573 1160220
887547 1161540 888117 1162140
887775 1132260 888801 1132860
887775 1146180 888117 1146780
887775 1147140 888801 1147740
887889 1156260 888573 1156860
888003 1133220 888687 1133820
888003 1149540 888687 1150140
888003 1152420 888687 1153020
888117 1138020 888915 1138620
888231 1131300 889371 1131900
888231 1136580 889941 1137180
888231 1139940 889371 1140540
888231 1148580 889143 1149180
888231 1150500 889371 1151100
888231 1151460 889029 1152060
888231 1157220 888915 1157820
888231 1161060 889257 1161660
888345 1140900 888915 1141980
888459 1128900 889029 1129500
888459 1145220 889143 1145820
888573 1135620 888915 1136220
888573 1146180 888915 1146780
888687 1127940 890055 1128540
888687 1134660 889827 1135260
888687 1153380 889713 1154460
888687 1155300 889485 1155900
888687 1156260 889485 1156860
888801 1158660 889485 1159260
888915 1126500 890283 1127580
888915 1133220 890283 1134300
888915 1146660 890283 1147740
888915 1162020 889599 1162620
889029 1163460 890055 1164060
889257 1138980 890055 1139580
889257 1148100 890055 1148700
889371 1129380 890739 1130460
889371 1150980 890055 1151580
889371 1151940 889941 1152540
889371 1157220 890739 1158300
889371 1160100 890055 1160700
889485 1125540 890169 1126140
889599 1140420 891195 1141020
889599 1156260 891423 1156860
889827 1145700 890625 1146300
889941 1131300 891309 1132380
890055 1135620 891537 1136220
890055 1138500 890739 1139100
890055 1141380 891081 1141980
890055 1152420 891423 1153500
890169 1149540 891537 1150620
890283 1126020 891309 1126620
890283 1134660 890625 1135260
890283 1144260 891309 1144860
890283 1146660 891309 1147260
890397 1161060 891081 1161660
890511 1162500 890853 1163100
890625 1159140 891309 1159740
890853 1153860 891993 1154460
890967 1137540 891537 1138140
891081 1126980 892107 1127580
891081 1134660 891537 1135260
891081 1136580 891765 1137180
891081 1145700 891537 1146300
891195 1127940 892563 1128540
891195 1130340 892563 1130940
891195 1138500 891765 1139100
891195 1139460 891765 1140060
891195 1148100 892221 1148700
891195 1150980 891423 1151580
891195 1155300 892107 1155900
891195 1157220 892905 1157820
891195 1160580 891537 1161180
891195 1162020 891537 1162620
891195 1162980 892563 1163580
891309 1131300 892677 1132380
891309 1133220 892677 1134300
891309 1141860 892677 1143900
891537 1146660 892905 1147740
891651 1135140 892677 1135740
891651 1158180 892905 1158780
891879 1161060 893247 1162140
892107 1155300 893475 1156380
892335 1125540 893361 1126140
892335 1136580 892563 1137180
892449 1138020 892677 1138620
892563 1128900 893703 1129500
892563 1148580 893247 1149180
892563 1150500 893931 1151580
892563 1152420 893703 1153020
892791 1129860 893589 1130460
892791 1134180 893817 1134780
892791 1135140 893589 1135740
892791 1140420 893817 1141020
892791 1159620 894387 1160220
892905 1144260 893589 1144860
892905 1145700 893133 1146300
893133 1146660 893817 1147260
893133 1156740 893817 1157340
893247 1131780 895071 1132380
893247 1141860 895071 1142460
893361 1147620 893931 1148700
893361 1158180 895299 1158780
893475 1142820 894045 1143420
893589 1126500 894045 1127100
893589 1135620 894045 1136220
893589 1137540 894615 1138140
893589 1138500 895071 1139100
893589 1139460 894045 1140060
893589 1144740 893931 1145340
893589 1154340 894615 1154940
893703 1130820 894957 1131420
893703 1136580 894957 1137180
893703 1145700 894273 1146300
893703 1153380 894615 1153980
893703 1161060 894729 1161660
893703 1162980 894729 1164060
893817 1155300 895185 1157340
893931 1143780 895299 1144860
893931 1146660 894957 1147260
894045 1128420 895413 1129500
894045 1149540 895413 1150620
894159 1148580 894957 1149180
894273 1125540 895413 1126140
894273 1134660 895413 1135260
894387 1139940 895755 1141020
894387 1147620 895185 1148220
894387 1151940 894729 1152540
894387 1159620 895185 1160220
894501 1126500 895071 1127100
894501 1127460 895071 1128060
894615 1153860 895071 1154460
894729 1152900 894957 1153500
895071 1129860 896439 1130460
895071 1131780 895869 1132380
895071 1133220 896439 1134300
895071 1150980 896667 1151580
895185 1152420 895869 1153020
895299 1141380 895641 1141980
895299 1144740 896325 1145340
895413 1126020 896439 1126620
895413 1145700 896439 1146780
895413 1157700 899175 1158300
895641 1126980 895869 1127580
895641 1155780 896325 1156380
895641 1159620 896325 1160220
895641 1160580 896325 1161180
895755 1139460 896895 1140060
895755 1140900 897465 1141500
895755 1154340 896553 1154940
895869 1151940 896553 1152540
895869 1162980 896895 1163580
895983 1147620 896667 1148220
895983 1149540 896781 1150140
896097 1130820 896439 1131420
896097 1136580 896895 1137180
896097 1156740 896439 1157340
896211 1134660 896553 1135260
896211 1138500 897009 1139100
896211 1153380 897009 1153980
896211 1162020 897465 1162620
896325 1127460 897693 1128540
896325 1131780 897009 1132380
896325 1141860 897693 1143900
896325 1160100 897579 1160700
896439 1135620 897009 1136220
896553 1144740 897237 1145340
896667 1137540 897579 1138140
896667 1147140 897351 1147740
896781 1128900 897579 1129500
896781 1155300 897237 1155900
896895 1134180 897465 1134780
897009 1153380 898377 1154460
897123 1126020 897579 1126620
897123 1131300 898491 1132380
897123 1135140 898491 1136220
897465 1138980 898833 1140060
897465 1162980 898833 1164060
897579 1133220 898377 1133820
897579 1146180 899061 1146780
897693 1154820 898947 1155420
897693 1155780 898491 1156380
897807 1127460 898833 1128060
897807 1142340 898491 1142940
897807 1144260 898947 1144860
897807 1147140 898833 1147740
897807 1148100 898149 1148700
897921 1140420 899403 1141020
897921 1145220 898377 1145820
897921 1149540 898149 1150140
898035 1126500 898719 1127100
898035 1134180 898833 1134780
898035 1136580 899061 1137180
898035 1158660 899061 1159260
898149 1159620 898833 1160220
898263 1161060 899859 1161660
898377 1151460 899859 1152540
898377 1156740 898947 1157340
898491 1150500 898947 1151100
898605 1141380 898947 1141980
898605 1149540 898947 1150140
898719 1128420 899289 1129500
898719 1148100 899517 1148700
898947 1132260 900315 1133340
898947 1138500 899973 1139100
898947 1144740 899517 1145340
899061 1135140 900429 1136220
899061 1142820 900429 1143900
899289 1127940 900087 1128540
899403 1137060 899631 1137660
899403 1158660 900657 1159260
899403 1159620 900429 1160220
899517 1126500 899973 1127100
899517 1130340 900885 1131420
899631 1139940 900999 1141020
899631 1162980 899973 1163580
899859 1141860 900429 1142460
899859 1144260 900087 1144860
899859 1146660 900087 1147260
899973 1134180 900657 1134780
899973 1152420 901341 1153500
900087 1150020 900885 1150620
900087 1156740 900771 1157340
900201 1146180 900429 1146780
900315 1132740 901113 1133340
900315 1149060 900999 1149660
900429 1128420 901569 1129020
900429 1142340 900657 1142940
900543 1154340 901569 1154940
900657 1135140 901341 1135740
900657 1157700 901341 1158300
900771 1137540 902367 1138140
900771 1155780 901455 1156380
900885 1136100 901455 1137180
900885 1159620 901797 1160220
900999 1131780 901797 1132380
900999 1140900 901455 1141500
901113 1138500 902253 1139100
901113 1142340 901455 1142940
901113 1158660 902139 1159260
901113 1162500 902139 1163100
901113 1163460 902595 1164060
901227 1133700 902823 1134300
901227 1144260 901569 1144860
901227 1145220 902253 1145820
901227 1146180 902253 1146780
901227 1147140 901569 1147740
901227 1160580 902139 1161180
901341 1129380 902709 1130460
901341 1148580 902709 1149660
901455 1126020 902481 1126620
901455 1132740 902481 1133340
901569 1157220 902253 1157820
901683 1151940 902481 1152540
901683 1154340 903051 1155420
901797 1135620 902595 1136220
901797 1139940 902595 1140540
901911 1141860 902595 1142460
902025 1159620 902253 1160220
902139 1147620 902481 1148220
902253 1161060 903621 1162140
902367 1156260 903735 1157340
902481 1126500 903849 1127580
902481 1132260 903849 1133340
902481 1137060 903849 1138140
902481 1151460 903849 1152540
902481 1158660 903165 1159260
902709 1125540 903507 1126140
902709 1128420 903735 1129020
902709 1143780 902937 1144380
902709 1147140 903963 1147740
902709 1157700 903051 1158300
902823 1129380 903849 1129980
902823 1149060 903849 1149660
902937 1134180 903963 1134780
902937 1144740 903165 1145340
903165 1150500 904419 1151100
903279 1159140 904419 1159740
903393 1153860 904077 1154460
903507 1143300 904305 1143900
903621 1130820 903849 1131420
903621 1148100 905103 1148700
903621 1152900 904875 1153500
903735 1135140 904647 1135740
903735 1140420 903963 1141020
903735 1145220 904191 1145820
903735 1161540 904761 1162140
903849 1128420 905217 1129500
903849 1130340 904533 1130940
903849 1131780 904989 1132380
903849 1157220 905217 1158300
903849 1162500 904761 1163100
903963 1126500 904989 1127100
903963 1137060 904989 1137660
903963 1139460 904647 1140060
903963 1160100 904647 1160700
904191 1138500 904989 1139100
904191 1141860 905559 1142940
904305 1125540 904533 1126140
904419 1133700 904647 1134300
904419 1147140 905217 1147740
904647 1130340 906015 1131420
904761 1150500 906129 1151580
904875 1134180 906243 1135260
904875 1143780 906243 1144860
904989 1126500 906357 1127580
904989 1137060 906357 1138140
904989 1155780 905787 1156380
904989 1162980 906357 1164060
905103 1154340 906585 1155420
905217 1146180 906927 1146780
905217 1159140 906357 1159740
905331 1125540 907269 1126140
905331 1148580 906357 1149180
905331 1149540 906129 1150140
905445 1160100 907383 1160700
905559 1127940 906585 1128540
905559 1153380 906357 1153980
905673 1147140 906927 1147740
905787 1132260 907497 1132860
905787 1138980 906813 1140060
905787 1140900 906585 1141500
906129 1151940 906585 1152540
906129 1161540 907497 1162140
906243 1142340 906813 1142940
906243 1145220 907041 1145820
906357 1131300 907497 1131900
906357 1157220 907725 1158300
906471 1134180 907839 1135260
906471 1143780 907611 1144380
906585 1127460 907953 1128540
906585 1138020 907725 1138620
906585 1149540 907953 1150620
906699 1135620 907839 1136220
906699 1136580 908067 1137180
906699 1163460 907497 1164060
906813 1155300 908181 1156380
907041 1129380 908409 1130460
907383 1140900 908751 1141980
907383 1145700 908409 1146300
907383 1160580 907839 1161180
907497 1147620 908865 1148700
907497 1159140 908865 1160220
907497 1162500 907725 1163100
907611 1139940 908295 1140540
907611 1143780 908751 1144380
907611 1153860 908751 1154460
907839 1134180 908865 1134780
908067 1125540 908409 1126140
908067 1158180 908865 1158780
908067 1162020 908865 1162620
908181 1135140 908865 1135740
908181 1144740 909777 1145340
908295 1138500 910119 1139100
908295 1139940 910005 1140540
908295 1151460 910005 1152060
908295 1160580 910005 1161180
908409 1128420 908979 1129020
908409 1136100 909207 1136700
908523 1149060 909093 1149660
908637 1150500 909093 1151100
908751 1125540 909093 1126140
908751 1126980 910689 1127580
908751 1131300 910347 1131900
908751 1140900 909549 1141500
908751 1146180 909663 1146780
908751 1152900 909093 1153500
908751 1154340 910119 1154940
908751 1156740 909093 1157340
908865 1129380 910233 1130460
908865 1133220 910233 1134300
908865 1137060 910233 1138140
908865 1142820 910233 1143900
908865 1147620 910233 1148700
908865 1155300 910119 1155900
908865 1157700 910119 1158300
909207 1132260 909777 1132860
909207 1162980 910575 1164060
909321 1141860 909549 1142460
909777 1126020 910119 1126620
909891 1135140 911259 1136220
909891 1141380 910119 1141980
910005 1159140 911373 1160220
910119 1127940 910461 1128540
910119 1138980 912057 1139580
910119 1149540 910917 1150140
910119 1153380 911259 1153980
910233 1150980 910803 1151580
910233 1152420 910461 1153020
910233 1156740 910917 1157340
910347 1131300 911373 1131900
910347 1133220 911373 1133820
910347 1136580 910917 1137180
910347 1144260 911373 1144860
910575 1129860 911259 1130460
910689 1147140 911373 1147740
910689 1158180 911373 1158780
910689 1163460 911373 1164060
910803 1137540 911943 1138140
910803 1145700 912285 1146780
910803 1148100 912627 1148700
910803 1150500 912513 1151100
910803 1152420 911487 1153020
911145 1126980 911829 1127580
911145 1149060 911487 1149660
911145 1151460 911487 1152060
911145 1160580 911487 1161180
911145 1161540 911943 1162140
911259 1126020 911601 1126620
911259 1127940 911715 1128540
911259 1136580 911715 1137180
911259 1141860 911829 1142940
911259 1153860 912057 1154460
911259 1156260 911829 1156860
911373 1131780 912513 1132380
911373 1134180 912057 1134780
911373 1158660 912171 1159260
911601 1130340 912969 1131420
911601 1143300 911829 1143900
911829 1162980 912057 1163580
911943 1128900 912627 1129500
911943 1157220 913311 1158300
911943 1161060 912513 1161660
912057 1135140 912513 1135740
912057 1153380 912741 1153980
912057 1162500 912741 1163100
912285 1126500 913767 1127100
912285 1139940 913653 1141020
912285 1156260 912513 1156860
912399 1151460 913767 1152540
912399 1159140 913767 1160220
912513 1134180 913881 1135260
912513 1137060 913881 1138140
912513 1154340 913881 1155420
912627 1138500 912969 1139100
912627 1147140 913425 1147740
912627 1149060 912969 1149660
912855 1127940 913653 1128540
912855 1150020 913425 1150620
912969 1129860 914337 1130460
912969 1141860 913995 1142940
913083 1148580 913881 1149180
913197 1131300 913881 1131900
913197 1153380 914451 1153980
913197 1160580 913881 1161180
913311 1125540 913995 1126140
913311 1133220 914451 1133820
913425 1144740 914451 1145820
913653 1135620 914109 1136220
913653 1156740 914109 1157340
913653 1161540 914337 1162140
913653 1162500 914679 1163100
913767 1127460 915135 1128060
913767 1128420 914337 1129500
913767 1138500 914679 1139100
913767 1146660 914565 1147260
913767 1155780 915021 1156380
913767 1163460 915135 1164060
913881 1139940 915021 1140540
913881 1158180 914109 1158780
913881 1160100 915249 1161180
913995 1126020 915135 1126620
913995 1131780 915819 1132380
913995 1147620 914793 1148220
913995 1148580 915021 1149180
914109 1134660 915249 1135260
914109 1137540 915249 1138140
914109 1157220 914907 1157820
914451 1158660 915477 1159260
914565 1151460 915021 1152060
914679 1154340 915021 1154940
914907 1129380 916275 1130460
914907 1136100 915135 1136700
914907 1145700 916275 1146780
914907 1156740 915135 1157340
914907 1161540 915135 1162140
915021 1150500 916389 1151580
915135 1141860 916161 1142940
915135 1143300 916275 1143900
915249 1126020 916389 1126620
915249 1139940 916389 1140540
915249 1144260 916731 1144860
915363 1140900 916389 1141500
915477 1147140 915819 1147740
915705 1134180 915933 1134780
915705 1160100 916389 1160700
915819 1128420 916959 1129020
915819 1152900 916959 1153500
915933 1147620 916617 1148220
915933 1158660 916503 1159260
916047 1157220 916503 1157820
916161 1131300 917643 1131900
916161 1132740 916503 1133340
916161 1135620 917415 1136220
916161 1138020 917301 1138620
916275 1126980 916617 1127580
916275 1133700 916503 1134300
916275 1142820 917073 1143420
916275 1145220 917643 1145820
916275 1153860 916503 1154460
916275 1156260 917073 1156860
916275 1162500 916731 1163100
916389 1138980 917073 1139580
916503 1126020 917871 1126620
916503 1140420 917529 1141020
916503 1160100 917643 1160700
916617 1149060 917301 1149660
916731 1134660 917415 1135260
916731 1150020 917415 1150620
916731 1157700 917415 1158300
916959 1147140 917643 1147740
916959 1158660 917757 1159260
916959 1161060 917643 1161660
917073 1143300 917643 1143900
917073 1150980 917529 1151580
917187 1128420 918555 1129500
917187 1152420 919125 1153020
917301 1155300 918669 1156380
917415 1153380 918099 1153980
917415 1157220 917757 1157820
917529 1138980 918897 1140060
917529 1148580 918897 1149660
917643 1132740 918783 1133340
917643 1133700 919011 1134300
917643 1146180 918441 1146780
917643 1160100 918669 1160700
917871 1144260 919125 1144860
917871 1157700 918555 1158300
917985 1137540 918669 1138140
918099 1126980 919125 1127580
918213 1141860 918897 1142460
918213 1156740 919011 1157340
918327 1162500 919467 1163100
918441 1136580 919011 1137180
918555 1135620 920151 1136220
918555 1153860 919809 1154460
918669 1145700 919695 1146300
918669 1158660 919125 1159260
918783 1127940 919809 1128540
918783 1129380 920265 1129980
918783 1130340 919581 1130940
918783 1131300 920151 1131900
918783 1143300 919581 1143900
918783 1146660 920037 1147260
918783 1147620 920037 1148220
918783 1154820 919695 1155420
918783 1159620 919923 1160220
918783 1161060 920037 1161660
918783 1163460 919923 1164060
918897 1138020 920265 1139100
918897 1140900 919581 1141500
919011 1139940 920037 1140540
919011 1149540 920037 1150140
919011 1150500 920037 1151100
919011 1151460 919695 1152060
919125 1156260 919923 1156860
919353 1137060 920037 1137660
919467 1157700 920037 1158300
919695 1134180 921063 1135260
919695 1144260 920379 1144860
919695 1145700 920379 1146300
919695 1151940 920037 1152540
919695 1162500 920835 1163100
919923 1126980 921861 1127580
919923 1140900 921291 1141980
919923 1155300 921291 1156380
920037 1148580 921405 1149660
920151 1126020 920721 1126620
920151 1128420 921747 1129020
920151 1150020 921519 1150620
920151 1152420 921291 1153020
920379 1144260 921405 1144860
920379 1146180 921975 1146780
920607 1136580 921291 1137180
920607 1158660 921861 1159260
920721 1133220 921405 1133820
920721 1156740 920949 1157340
920835 1143300 921861 1143900
921063 1162980 921747 1163580
921177 1130340 923115 1130940
921177 1137540 921519 1138140
921177 1142340 921519 1142940
921177 1145220 921975 1145820
921177 1157220 923115 1157820
921291 1135140 921747 1135740
921291 1136100 921747 1136700
921291 1138980 921747 1139580
921291 1140420 922089 1141020
921291 1162020 921747 1162620
921519 1126020 922773 1126620
921519 1132740 922545 1133340
921519 1154340 923115 1154940
921633 1131300 924027 1131900
921633 1134180 923115 1134780
921633 1144260 922773 1144860
921633 1148580 924027 1149180
921633 1151940 922773 1152540
921633 1153380 923115 1153980
921633 1156260 923115 1156860
921747 1150980 922431 1151580
921861 1128900 922545 1129500
921861 1162500 922089 1163100
921975 1127940 923001 1128540
921975 1136580 923571 1137180
921975 1150020 922545 1150620
921975 1159620 923115 1160220
922089 1147140 923343 1147740
922203 1163460 923229 1164060
922431 1138500 924027 1139100
922431 1145220 923457 1145820
922431 1150980 923001 1151580
922545 1142340 923229 1142940
922545 1146180 922773 1146780
922545 1160580 922887 1161180
922659 1135620 923343 1136220
922659 1140420 923343 1141020
922659 1143300 922887 1143900
922659 1161540 922887 1162140
922773 1139460 923913 1140060
922773 1141380 923001 1141980
922773 1150020 923913 1150620
922773 1158660 923913 1159260
922887 1126980 923913 1127580
923001 1128420 923343 1129020
923001 1132260 923457 1132860
923001 1137540 924483 1138140
923001 1143780 924027 1144380
923001 1151460 923229 1152060
923001 1152420 923343 1153020
923001 1161060 924255 1161660
923001 1162500 924027 1163100
923115 1130340 923913 1130940
923115 1134180 923685 1134780
923115 1153380 923913 1153980
923229 1133220 923913 1133820
923229 1155780 923457 1156380
923343 1147140 924483 1147740
923343 1151940 924027 1152540
923343 1156740 924483 1157340
923571 1141380 924027 1141980
923685 1142340 924027 1142940
923799 1127940 924825 1128540
923913 1125540 925281 1127580
923913 1136100 925281 1137180
923913 1145700 925281 1146780
923913 1150500 925281 1151580
923913 1159140 925281 1160220
924141 1130340 925509 1131420
924141 1140420 924939 1141020
924141 1142820 925509 1143900
924141 1153380 925509 1154460
924369 1129380 924825 1129980
924369 1132260 924825 1132860
924369 1155300 925053 1155900
924369 1157700 924597 1158300
924483 1133220 925851 1134300
924483 1141860 925167 1142460
924483 1152420 925167 1153020
924483 1156260 924825 1156860
924939 1138980 926307 1140060
925053 1162980 926421 1164060
925167 1141380 926307 1141980
925167 1144260 926193 1144860
925167 1162020 926193 1162620
925281 1134660 926877 1135260
925395 1126020 926421 1126620
925395 1126980 926421 1127580
925395 1148100 926421 1148700
925395 1155300 926079 1155900
925395 1158180 926991 1158780
925623 1145700 926421 1146300
925737 1127940 926535 1128540
925737 1136580 926421 1137180
925737 1149060 926535 1149660
925965 1129380 926535 1130460
925965 1132260 927675 1132860
925965 1150020 927333 1150620
926079 1131300 926877 1131900
926079 1140420 926649 1141020
926079 1142340 926535 1142940
926079 1159140 927675 1159740
926307 1143780 926877 1144380
926307 1146660 927561 1147260
926307 1151940 927105 1152540
926307 1153380 927333 1153980
926307 1155780 926763 1156380
926307 1161060 926763 1161660
926421 1126980 927561 1127580
926535 1137060 927903 1138140
926535 1139460 927561 1140060
926535 1162020 927903 1163100
926763 1160100 928131 1161180
927219 1133220 928587 1134300
927333 1130340 928815 1130940
927447 1128420 928815 1129500
927447 1157220 928017 1157820
927561 1125540 928929 1126620
927675 1142340 929043 1142940
927675 1152900 929499 1153500
927675 1153860 929385 1154460
927675 1159140 929499 1159740
927789 1150980 929157 1151580
927903 1126980 928929 1127580
927903 1146180 928929 1146780
927903 1155780 928929 1156380
927903 1161540 929043 1162140
928017 1131300 929955 1131900
928017 1145220 929499 1145820
928017 1162980 928473 1163580
928131 1132260 929157 1132860
928131 1135620 928815 1136220
928131 1138500 928929 1139100
928131 1139460 928473 1140060
928245 1151940 929043 1152540
928587 1148100 929043 1148700
928701 1137540 929043 1138140
928701 1140420 929043 1141020
928701 1147140 928929 1147740
928701 1157700 930183 1158300
928929 1126500 930069 1127100
928929 1133220 930069 1133820
928929 1143780 930297 1144860
928929 1160100 930297 1161180
929043 1146180 929613 1146780
929043 1155780 930069 1156380
929043 1163460 930069 1164060
929271 1127460 930639 1129500
929385 1139460 930069 1140060
929499 1134660 930069 1135260
929499 1159140 930525 1159740
929613 1149540 930981 1150620
929727 1146180 930411 1146780
929955 1131300 931323 1132380
930069 1140900 931437 1141980
930069 1152420 931437 1153500
930069 1155300 931437 1156380
930069 1162980 931437 1164060
930183 1129860 932007 1130460
930183 1137540 931551 1138140
930183 1158180 931551 1158780
930411 1133220 931095 1133820
930411 1138500 931437 1139100
930525 1139460 930753 1140060
930525 1153860 932007 1154460
930639 1127940 931437 1128540
930639 1143780 931437 1144380
930639 1160580 931665 1161180
930753 1148100 931551 1148700
930753 1156740 931665 1157340
930867 1136100 931551 1136700
930867 1151460 932007 1152060
930981 1150020 931437 1150620
931095 1142340 932919 1142940
931209 1126020 931893 1126620
931209 1134180 932235 1134780
931323 1132260 932691 1132860
931323 1139460 932121 1140060
931323 1146180 932349 1146780
931437 1127940 932577 1128540
931437 1144740 932805 1145820
931437 1159620 932577 1160220
931437 1162020 932805 1163100
931551 1149060 932349 1149660
931551 1150020 932577 1150620
931551 1152420 932007 1153020
931665 1135620 932349 1136220
931665 1143300 932805 1143900
931779 1141380 932577 1141980
931893 1136580 932577 1137180
932007 1151460 933375 1152540
932007 1154340 933375 1155420
932121 1138980 933489 1140060
932463 1129380 932919 1129980
932463 1148580 933831 1149660
932463 1156260 933261 1156860
932463 1158180 932691 1158780
932577 1125540 933945 1126620
932577 1150500 933261 1151100
932691 1146660 933489 1147260
932691 1147620 934173 1148220
932805 1127460 933945 1128060
932919 1129860 933945 1130460
932919 1159620 933945 1160220
933033 1144260 933261 1144860
933147 1130820 933603 1131420
933147 1134180 934173 1134780
933375 1145700 934515 1146300
933489 1128900 935427 1129500
933489 1155300 934173 1155900
933603 1158180 934629 1158780
933717 1136580 934173 1137180
933717 1138500 934059 1139100
933717 1140900 935313 1141500
933717 1141860 935199 1142460
933717 1150980 934059 1151580
933717 1156260 934857 1156860
933831 1132260 935199 1132860
933831 1144260 934173 1144860
933831 1150020 935085 1150620
933831 1157220 934287 1157820
933831 1163460 934629 1164060
933945 1130340 935313 1131420
933945 1152420 935313 1153500
933945 1153860 935085 1154460
933945 1160100 935313 1161180
933945 1162020 935313 1163100
934059 1125540 935427 1126620
934059 1135620 935085 1136220
934287 1126980 935199 1127580
934287 1142820 935655 1143900
934401 1133220 935769 1134300
934401 1159140 935313 1159740
934515 1139940 934857 1140540
934629 1148580 935997 1149660
934743 1145700 935883 1146300
934971 1127940 935997 1128540
934971 1138020 936339 1139100
934971 1155300 935541 1155900
935085 1136580 936681 1137180
935313 1140900 936453 1141500
935313 1144260 936567 1144860
935313 1153860 935997 1154460
935427 1126020 936453 1126620
935427 1126980 936453 1127580
935427 1131300 936453 1131900
935427 1157700 936567 1158300
935427 1159620 936453 1160220
935541 1146660 936225 1147260
935655 1129380 936567 1129980
935769 1162500 936453 1163100
935883 1145700 937023 1146300
935883 1152900 937023 1153500
935883 1160580 937023 1161180
935997 1139940 937593 1140540
935997 1156260 936681 1157340
936225 1135620 947283 1136220
936225 1150020 937707 1150620
936225 1158660 936453 1159260
936339 1128420 937365 1129020
936339 1132260 936909 1133340
936339 1134180 936681 1134780
936339 1141860 936567 1142460
936339 1155300 937137 1155900
936453 1125540 937821 1126620
936453 1146660 937821 1147740
936453 1159140 937821 1160220
936453 1162020 937821 1163100
936567 1143780 937707 1144380
936567 1151940 937365 1152540
936795 1136580 937821 1137180
936795 1140900 938163 1141980
936909 1133220 938277 1134300
936909 1153860 937479 1154460
937023 1127460 938049 1128060
937023 1145700 938163 1146300
937023 1148580 938391 1149660
937023 1158180 937593 1158780
937137 1138500 937821 1139100
937365 1151460 938733 1152540
937707 1130820 939075 1131420
937707 1143780 938847 1144380
937707 1144740 939189 1145340
937707 1152900 938847 1153500
937707 1154820 939303 1155420
937707 1157220 938505 1157820
937821 1137540 939189 1138140
937821 1156260 939531 1156860
937935 1126020 938847 1126620
937935 1146660 938847 1147260
937935 1158180 939531 1158780
938049 1132260 939987 1132860
938049 1138980 949107 1139580
938049 1160100 939075 1161180
938049 1162980 939075 1164060
938163 1129380 939189 1129980
938163 1145700 938619 1146300
938391 1141860 940101 1142460
938391 1147620 939075 1148220
938391 1159140 939531 1159740
938391 1162020 940101 1162620
938847 1146180 939075 1146780
938847 1150020 939189 1150620
938847 1151460 939873 1152060
938847 1152900 939873 1153500
938961 1125540 940329 1126620
938961 1127940 939873 1128540
939075 1142820 940443 1143900
939189 1131300 939873 1131900
939303 1126980 939645 1127580
939303 1129380 940671 1130460
939417 1138020 943179 1138620
939417 1157220 939873 1157820
939531 1140420 940329 1141020
939531 1146660 940899 1147740
939531 1150020 939873 1150620
939531 1156260 939987 1156860
939531 1158660 940215 1159260
939759 1144740 940215 1145340
939987 1150980 941013 1151580
939987 1156260 941697 1156860
940101 1149060 942039 1149660
940215 1130820 941583 1131420
940215 1159620 941355 1160220
940215 1162980 941583 1164060
940329 1153380 941583 1153980
940443 1143780 941127 1144380
940443 1154820 941013 1155420
940557 1141380 947967 1141980
940671 1125540 941241 1126140
940671 1157700 941925 1158300
940785 1126980 941013 1127580
940899 1146180 955605 1146780
941013 1131780 948423 1132380
941013 1142340 941811 1142940
941127 1152420 941697 1153020
941127 1155300 941583 1155900
941241 1127460 942381 1128060
941241 1150020 942039 1150620
941241 1158660 942153 1159260
941355 1154340 941583 1154940
941469 1150980 942609 1151580
941469 1161060 942837 1162140
941583 1125540 942951 1126620
941583 1159620 942723 1160220
941811 1144740 943179 1145820
942039 1148100 942609 1148700
942039 1152420 942837 1153020
942039 1156260 942837 1156860
942267 1143780 943407 1144380
942495 1129860 943179 1130460
942723 1128420 943749 1129020
942723 1154340 944091 1154940
942723 1155300 944205 1155900
942723 1159620 943521 1160220
942723 1162500 943407 1163100
942723 1163460 944661 1164060
943065 1125540 943521 1126140
943065 1152420 943407 1153020
943065 1157700 944547 1158300
943179 1150980 944091 1151580
943293 1156740 943521 1157340
943293 1158660 944205 1159260
943407 1126980 943977 1127580
943407 1150020 944205 1150620
943407 1151940 943863 1152540
943407 1160580 944547 1161180
943407 1162500 943977 1163100
943749 1148580 944661 1149180
943863 1126020 944205 1126620
943863 1129860 944661 1130460
943863 1147620 944889 1148220
943863 1152420 944547 1153020
943977 1144260 946827 1144860
943977 1162020 945345 1163100
944091 1126980 944661 1127580
944319 1128420 944889 1129020
944319 1153380 945915 1154460
944547 1150980 945231 1151580
944547 1155780 945003 1156380
944547 1157220 946143 1158300
944661 1158660 945003 1159260
944661 1159620 945801 1160220
944775 1126980 945345 1127580
945003 1150020 945687 1150620
945003 1152420 945687 1153020
945231 1147620 948993 1148220
945231 1154820 945801 1155420
945459 1126500 946371 1127100
945459 1133700 948309 1134300
945459 1158660 945801 1159260
945687 1155780 946599 1156380
945687 1162020 946485 1162620
945801 1138020 946713 1138620
945801 1149540 946485 1150140
945801 1163460 946599 1164060
945915 1151460 946485 1152060
945915 1152420 946371 1153020
945915 1160100 946485 1160700
946143 1150500 946599 1151100
946257 1127460 946485 1128060
946371 1130340 949221 1130940
946371 1142820 949221 1143420
946371 1153860 946941 1154460
946371 1154820 946713 1155420
946371 1158660 946941 1159260
946485 1161060 947853 1162140
946599 1125540 947967 1126620
946599 1156260 947169 1156860
946599 1157700 947397 1158300
946713 1145220 948651 1145820
946827 1148580 948423 1149660
946941 1143780 947169 1144380
946941 1159140 947853 1159740
947055 1150020 947739 1150620
947055 1152420 947625 1153020
947055 1160100 947397 1160700
947169 1134660 954579 1135260
947283 1155300 948309 1155900
947511 1138020 949449 1138620
947625 1137060 949449 1137660
947739 1163460 948309 1164060
947853 1162500 948309 1163100
947967 1150500 948309 1151100
948195 1128900 948993 1129500
948309 1144260 948537 1144860
948309 1158660 948537 1159260
948423 1153860 948879 1154460
948537 1149540 949107 1150140
948537 1159620 948993 1160220
948651 1158180 948993 1158780
948651 1162020 949107 1162620
948765 1156740 949221 1157340
948879 1133700 949449 1134300
948879 1150500 963585 1151100
948879 1155780 949449 1156380
948879 1163460 949221 1164060
948993 1132740 950019 1133340
948993 1136100 949449 1136700
949107 1126020 949677 1126620
949107 1140900 950475 1141980
949107 1148100 949449 1148700
949107 1154340 950703 1155420
949107 1159620 949905 1160220
949221 1144740 950817 1145820
949335 1128900 949677 1129500
949449 1129860 950817 1130460
949449 1138020 951045 1139100
949563 1142820 950133 1143420
949563 1149540 950247 1150140
949563 1153380 950133 1153980
949791 1131300 951387 1132380
949905 1157220 957315 1157820
950019 1156260 950589 1156860
950247 1158660 950703 1159260
950247 1161060 951615 1162140
950361 1162980 951729 1163580
950703 1149060 958113 1149660
950817 1133220 952641 1133820
950817 1136580 952641 1137180
950817 1148100 958227 1148700
950817 1159140 951843 1159740
950931 1135620 952641 1136220
950931 1158180 951501 1158780
951045 1126020 952869 1126620
951159 1129860 958569 1130460
951387 1144260 952185 1144860
951501 1140900 952869 1141980
951501 1143300 952413 1143900
951501 1160100 952185 1160700
951729 1139460 952413 1140060
951843 1138020 952983 1138620
952071 1128420 952641 1129020
952299 1160100 953097 1160700
952527 1130820 953553 1131420
952527 1143300 953097 1143900
952755 1161540 954123 1162140
952755 1162500 953097 1163100
952869 1139940 954237 1140540
952983 1138020 954009 1138620
953097 1163460 954123 1164060
953325 1142340 954009 1142940
953439 1128900 956289 1129500
953439 1133220 956289 1133820
953439 1136100 954579 1136700
953439 1137060 954579 1137660
953439 1140900 954579 1141500
953439 1160100 954579 1160700
954351 1138980 955947 1140060
954465 1126500 957315 1127100
954807 1142340 958569 1142940
954807 1160580 955947 1161180
954921 1131300 956517 1131900
954921 1137540 958683 1138140
955035 1135140 956973 1135740
955263 1136580 956973 1137180
955719 1144260 958569 1144860
955947 1160580 956517 1161180
955947 1162980 957087 1163580
956061 1153860 960735 1154460
956289 1133700 956973 1134300
956403 1138500 956631 1139100
956403 1141380 959253 1141980
956631 1151940 958569 1152540
956631 1161060 958227 1162140
956859 1131300 957201 1131900
956973 1135140 958569 1136220
957087 1163460 959025 1164060
957201 1127940 959139 1128540
957315 1126500 957885 1127100
957315 1134180 958455 1134780
957315 1138980 957885 1139580
957315 1146660 986613 1147260
957771 1145700 972477 1146300
957771 1156260 987069 1156860
957885 1126500 959025 1127100
957885 1154820 959367 1155420
957885 1158660 959367 1159260
957999 1138500 959367 1139100
958113 1130820 959367 1131420
958113 1162500 959367 1163100
958341 1128900 959367 1129500
958341 1132740 959367 1133340
958341 1136580 959367 1137180
958455 1149540 965865 1150140
958569 1131780 960735 1132380
958569 1139460 960735 1140060
958683 1148580 973389 1149180
958911 1134660 959367 1135260
958911 1157700 959367 1158300
958911 1159620 959367 1160220
959025 1126980 960735 1127580
959139 1160580 960735 1161180
959253 1129860 960735 1130460
959253 1135620 960735 1136220
959253 1142340 975327 1142940
959253 1144260 960735 1144860
959253 1151940 960735 1152540
959253 1152900 960735 1153500
959253 1161540 960735 1162140
959253 1163460 960735 1164060
959595 1159140 967005 1159740
960621 1126020 989919 1126620
960621 1127940 993567 1128540
960621 1130820 989919 1131420
960621 1137540 975327 1138140
960621 1141380 989919 1141980
960621 1154820 989919 1155420
960621 1157700 989919 1158300
960621 1162500 989919 1163100
960963 1151460 990261 1152060
961761 1161060 963699 1161660
962103 1152420 991401 1153020
963927 1161060 964953 1161660
965751 1135140 980457 1135740
966093 1138980 980799 1139580
967917 1129860 982623 1130460
967917 1163460 982623 1164060
969627 1159140 970311 1159740
971907 1153380 979317 1153980
972591 1144740 980001 1145340
972933 1133220 983991 1133820
972933 1134180 987639 1134780
975213 1131780 986271 1132380
975213 1136580 986271 1137180
975213 1140420 986271 1141020
975213 1158660 982623 1159260
979659 1145700 990717 1146300
980343 1149540 991401 1150140
983535 1138020 986385 1138620
983991 1135140 986841 1135740
986157 1126980 987069 1127580
986157 1128900 987069 1129500
986157 1142340 989007 1142940
986613 1137060 986841 1137660
986727 1138020 987753 1139100
986955 1135140 987981 1136220
987411 1139940 989349 1140540
987525 1132260 989349 1132860
987867 1126980 991629 1127580
987867 1133700 989577 1134300
987981 1129380 989919 1129980
987981 1138980 990831 1139580
988665 1137060 989805 1137660
988665 1138020 992427 1138620
988893 1135140 989121 1135740
989463 1135140 989805 1135740
989463 1139940 991059 1141020
989577 1143780 991515 1144380
989691 1131780 990033 1132380
989805 1134660 991743 1135260
989805 1155780 1004511 1156380
989805 1158660 1004511 1159260
989805 1159620 1004511 1160220
989805 1161540 1004511 1162140
989919 1133220 991515 1134300
989919 1142820 991743 1143420
990147 1129380 990603 1129980
990261 1131780 991857 1132380
990375 1154340 992313 1154940
990831 1144740 991857 1145340
990831 1145700 991401 1146300
991059 1138980 992541 1140060
991059 1140900 992313 1141500
991173 1136580 992199 1137180
991515 1128900 994365 1129500
991743 1135620 992541 1136220
991971 1133220 993453 1134300
991971 1151460 992541 1152060
992085 1132260 993225 1132860
992199 1134660 992541 1135260
992199 1136580 992997 1137180
992427 1140420 993225 1141020
992541 1126500 993453 1127100
992541 1130820 992769 1131420
992541 1148100 992997 1148700
992655 1138500 993453 1139100
992655 1150500 992997 1151100
992883 1149540 993681 1150140
992883 1154340 993681 1154940
992997 1139460 993453 1140060
992997 1141380 993453 1141980
992997 1142340 993225 1142940
993111 1134660 996873 1135260
993111 1137060 994935 1137660
993111 1143300 994593 1143900
993111 1151460 996873 1152060
993225 1131780 994821 1132380
993225 1145220 993681 1145820
993339 1135620 993681 1136220
993339 1140420 994137 1141020
993339 1146180 994137 1146780
993453 1142340 994251 1142940
993453 1148100 1008159 1148700
993453 1162980 996303 1163580
993567 1127460 994137 1128060
993567 1138020 995049 1139100
993567 1150500 996417 1151100
993681 1157220 995619 1157820
993795 1139460 994707 1140060
993795 1153380 995733 1153980
994251 1126500 994593 1127100
994251 1133220 995277 1133820
994251 1136100 995049 1136700
994251 1140420 994707 1141020
994479 1129380 995049 1129980
994707 1142340 995049 1142940
994935 1127940 995733 1128540
994935 1130340 996417 1131420
994935 1145220 995163 1145820
995049 1131780 995733 1132380
995049 1140420 995277 1141020
995163 1136100 995619 1136700
995163 1143300 995619 1143900
995391 1133220 996417 1133820
995391 1142340 999153 1142940
995391 1154340 996987 1154940
995505 1138500 995733 1139100
995847 1136580 996645 1137180
995847 1139460 996645 1140060
995847 1140420 999609 1141020
995847 1143780 996531 1144380
995961 1126980 996759 1127580
996075 1138500 996873 1139100
996303 1135620 998241 1136220
996303 1137540 999153 1138140
996303 1149540 996987 1150140
996417 1141380 998355 1141980
996531 1131780 998013 1132380
996531 1145220 996873 1145820
996759 1127460 998355 1128060
996759 1152420 998355 1153020
996873 1126500 998355 1127100
996873 1130340 998355 1130940
996873 1133220 998355 1133820
996873 1134180 1000179 1134780
996873 1138980 998355 1139580
996873 1144740 998355 1145340
996873 1146660 998355 1147260
996873 1150500 998355 1151100
996873 1153380 998355 1153980
996873 1157220 1012947 1157820
996987 1136580 998241 1137180
998241 1125540 999495 1126140
998241 1128420 998697 1129020
998241 1129380 999609 1129980
998241 1131300 999609 1131900
998241 1135140 1000749 1135740
998241 1136100 999609 1136700
998241 1143780 1012947 1144380
998241 1145700 1012947 1146300
998241 1149540 1012947 1150140
998241 1151460 1012947 1152060
998241 1154340 1012947 1154940
998355 1126980 999153 1127580
998355 1138500 999039 1139100
999039 1132740 1000977 1133340
999267 1127940 1001205 1128540
999267 1137060 1000749 1138140
999267 1138500 1000065 1139100
999267 1141860 1000749 1142940
999723 1125540 1001661 1126140
999723 1139940 1000179 1140540
999837 1129380 1001775 1129980
999951 1126500 1000407 1127100
999951 1130820 1001205 1131420
1000065 1138980 1000749 1139580
1000179 1136100 1000521 1136700
1000635 1140900 1001889 1141500
1000863 1126980 1001547 1127580
1000863 1134180 1002801 1134780
1000863 1136580 1001205 1137180
1000863 1138500 1001091 1139100
1000977 1131780 1001205 1132380
1001205 1135140 1001775 1135740
1001433 1136580 1001775 1137180
1001547 1130820 1001889 1131420
1001547 1138500 1002573 1139100
1001661 1132260 1002573 1132860
1001775 1126980 1002459 1127580
1001775 1129380 1002345 1129980
1001775 1139940 1002345 1140540
1001889 1137540 1002573 1138140
1002231 1126020 1003029 1126620
1002687 1129380 1004169 1130460
1002915 1133700 1004397 1134300
1002915 1139940 1003257 1140540
1003143 1128420 1005993 1129020
1003143 1140900 1021497 1141500
1003257 1127460 1003485 1128060
1003257 1137060 1003485 1137660
1003485 1126020 1004169 1126620
1003599 1134660 1005081 1135260
1003599 1139460 1014657 1140060
1003941 1138500 1004397 1139100
1004055 1137060 1004853 1137660
1004169 1126980 1004853 1127580
1004283 1132260 1005765 1133340
1004397 1147140 1015455 1147740
1004397 1152900 1015455 1153500
1004397 1160580 1015455 1161180
1004397 1163460 1015455 1164060
1004739 1125540 1006335 1126620
1004739 1129380 1006335 1130460
1004739 1138500 1015797 1139100
1005195 1127460 1006221 1128060
1006221 1135140 1020927 1135740
1006335 1128420 1009185 1129020
1006335 1130340 1006905 1131420
1006677 1126500 1007361 1127100
1006791 1127460 1007589 1128060
1007475 1129860 1014885 1130460
1007931 1127460 1008615 1128060
1008273 1126500 1015683 1127100
1009299 1125540 1009869 1126140
1009299 1127460 1010895 1128540
1011351 1130820 1016937 1131420
1011579 1128900 1012377 1129500
1011693 1162500 1017279 1163100
1012833 1142820 1020243 1143420
1012833 1144740 1022751 1145340
1012833 1150500 1022751 1151100
1012833 1155300 1022751 1155900
1012833 1156260 1022751 1156860
1012833 1159140 1022751 1159740
1013631 1128900 1018761 1129500
1014429 1127940 1017279 1128540
1014429 1131780 1017279 1132380
1015227 1141860 1022637 1142460
1015341 1148100 1018761 1148700
1016025 1126020 1017393 1126620
1016595 1129860 1018761 1130460
1016595 1132740 1018761 1133340
1016595 1138500 1018761 1139100
1016823 1133700 1018761 1134300
1017051 1126980 1018761 1127580
1017051 1136580 1018761 1137180
1017051 1137540 1018761 1138140
1017165 1153860 1018761 1154460
1017165 1157700 1018761 1158300
1017279 1139460 1018761 1140060
1017279 1146180 1018761 1146780
1018647 1126020 1022409 1126620
1018647 1127940 1022751 1128540
1018647 1130820 1022751 1131420
1018647 1131780 1022409 1132380
1018647 1147140 1022751 1147740
1018647 1151940 1022751 1152540
1018647 1152900 1022751 1153500
1018647 1160580 1022409 1161180
1018647 1162500 1022751 1163100
1018647 1163460 1022751 1164060
1019217 1134180 1021155 1134780
1020471 1133220 1022409 1133820
1020699 1136100 1022637 1136700
1020699 1137060 1022637 1137660
1020813 1129380 1022751 1129980
1020927 1139940 1021725 1140540
1021839 1138980 1022751 1139580
1021953 1134180 1022751 1134780
1021953 1142820 1022751 1143420
1021953 1148580 1022751 1149180
1022295 1126980 1022751 1127580
1022295 1140420 1022751 1141020
1022295 1146180 1022751 1146780
1022523 1125540 1022751 1126140
1840929 1126020 1859283 1126620
1840929 1126980 1859283 1127580
1840929 1128420 1843437 1129020
1840929 1129380 1865439 1129980
1840929 1130340 1865439 1130940
1840929 1131300 1865439 1131900
1840929 1132260 1865439 1132860
1840929 1133220 1843437 1133820
1840929 1134180 1865439 1134780
1840929 1135140 1865439 1135740
1840929 1136100 1865439 1136700
1840929 1137060 1865439 1137660
1840929 1138020 1843437 1138620
1840929 1138980 1865439 1139580
1840929 1139940 1865439 1140540
1840929 1140900 1865439 1141500
1840929 1141860 1865439 1142460
1840929 1142820 1843437 1143420
1840929 1143780 1865439 1144380
1840929 1144740 1865439 1145340
1840929 1145700 1865439 1146300
1840929 1146660 1865439 1147260
1840929 1147620 1843437 1148220
1840929 1148580 1865439 1149180
1840929 1149540 1865439 1150140
1840929 1150500 1865439 1151100
1840929 1151460 1865439 1152060
1840929 1152420 1843437 1153020
1840929 1153380 1865439 1153980
1840929 1154340 1865439 1154940
1840929 1155300 1865439 1155900
1840929 1156260 1865439 1156860
1840929 1157220 1843437 1157820
1840929 1158180 1865439 1158780
1840929 1159140 1865439 1159740
1840929 1160100 1865439 1160700
1840929 1161060 1865439 1161660
1840929 1162020 1843437 1162620
1840929 1162980 1865439 1163580
1859283 1128420 1863045 1129020
1859283 1133220 1863045 1133820
1859283 1138020 1863045 1138620
1859283 1142820 1863045 1143420
1859283 1147620 1863045 1148220
1859283 1152420 1863045 1153020
1859283 1157220 1863045 1157820
1859283 1162020 1863045 1162620
