513 1125540 39615 1130460
513 1135140 39615 1140060
513 1144740 39615 1149660
513 1154340 39615 1159260
843201 1125540 847875 1126140
843201 1126500 847875 1127100
843201 1127460 847875 1128060
843201 1128420 847875 1129020
843201 1129380 847875 1129980
843201 1130340 847875 1130940
843201 1131300 847875 1131900
843201 1132260 847875 1132860
843201 1133220 847875 1133820
843201 1134180 847875 1134780
843201 1135140 847875 1135740
843201 1136100 847875 1136700
843201 1137060 847875 1137660
843201 1138020 847875 1138620
843201 1138980 847875 1139580
843201 1139940 847875 1140540
843201 1140900 847875 1141500
843201 1141860 847875 1142460
843201 1142820 847875 1143420
843201 1143780 847875 1144380
843201 1144740 847875 1145340
843201 1145700 847875 1146300
843201 1146660 847875 1147260
843201 1147620 847875 1148220
843201 1148580 847875 1149180
843201 1149540 847875 1150140
843201 1150500 847875 1151100
843201 1151460 847875 1152060
843201 1152420 847875 1153020
843201 1153380 847875 1153980
843201 1154340 847875 1154940
843201 1155300 847875 1155900
843201 1156260 847875 1156860
843201 1157220 847875 1157820
843201 1158180 847875 1158780
843201 1159140 847875 1159740
843201 1160100 847875 1160700
843201 1161060 847875 1161660
843201 1162020 847875 1162620
843201 1162980 847875 1163580
850497 1128900 865203 1129500
850497 1133700 865203 1134300
850497 1138500 857907 1139100
850497 1139460 857907 1140060
850497 1143300 883443 1143900
850497 1144260 865203 1144860
850497 1148100 879795 1148700
850497 1149060 865203 1149660
850497 1152900 883443 1153500
850497 1153860 865203 1154460
850497 1157700 883443 1158300
850497 1158660 865203 1159260
850497 1162500 883443 1163100
850497 1163460 865203 1164060
855057 1130340 869763 1130940
855057 1135140 866115 1135740
857793 1126020 860643 1126620
857793 1127940 860643 1128540
857793 1131780 865203 1132380
857793 1132740 865203 1133340
857793 1137540 860643 1138140
858705 1136100 861555 1136700
860529 1138500 860757 1139100
861327 1126020 862809 1126620
861327 1127940 862809 1128540
861327 1137540 862809 1138140
862011 1138500 864861 1139100
862353 1139940 880707 1140540
863037 1136100 874095 1136700
863721 1137060 864861 1137660
864861 1138980 875919 1139580
864975 1137060 866001 1138140
865659 1133220 866685 1133820
866001 1125540 866685 1126140
866001 1127460 866685 1128060
866115 1131300 866685 1131900
866685 1138020 874095 1138620
867255 1132740 874665 1133340
867255 1135140 868395 1135740
867369 1137060 874779 1137660
867483 1125540 868281 1126140
867483 1127460 868623 1128060
867483 1131300 868623 1131900
867483 1133700 878541 1134300
872385 1126980 876147 1127580
872385 1141380 883443 1141980
872385 1142340 883443 1142940
872385 1145220 883443 1145820
872385 1146180 883443 1146780
872385 1147140 883443 1147740
872385 1150020 883443 1150620
872385 1150980 883443 1151580
872385 1151940 883443 1152540
872385 1153860 883443 1154460
872385 1154820 879795 1155420
872385 1155780 883443 1156380
872385 1156740 883443 1157340
872385 1159620 883443 1160220
872385 1160580 883443 1161180
872385 1161540 883443 1162140
874779 1127940 877629 1128540
875805 1131300 878313 1131900
876033 1128900 877857 1129500
876033 1136580 877059 1137180
876261 1126500 876831 1127100
876261 1132260 877059 1132860
876603 1138500 877173 1139100
876831 1137540 878769 1138140
876945 1130340 877287 1130940
877287 1125540 877857 1126140
877401 1135140 878313 1135740
878199 1125540 881961 1126140
878199 1126500 878997 1127100
878199 1127460 879339 1128060
878427 1131780 879225 1132380
878427 1132740 878997 1133340
878427 1136100 879795 1136700
878541 1138500 879225 1139100
878655 1128900 879681 1129500
878655 1130340 879795 1130940
878655 1135140 878883 1135740
879111 1137540 880137 1138140
879681 1129380 879909 1129980
879681 1133220 881277 1134300
879681 1134660 881277 1135260
879681 1149060 883443 1149660
879795 1131300 880821 1131900
879909 1126500 881163 1127100
879909 1138980 880137 1139580
880137 1129860 881277 1130460
880251 1135620 881847 1136220
880479 1137060 881049 1137660
880821 1138020 881733 1138620
881049 1128420 884811 1129020
881163 1130820 881505 1131420
881163 1132260 881391 1132860
881163 1136580 882189 1137180
881277 1126500 882873 1127580
881391 1139940 881961 1140540
881505 1148100 881733 1148700
881619 1134660 885495 1135260
881847 1130820 882075 1131420
881847 1131780 882075 1132380
882075 1129380 882417 1129980
882075 1133220 883443 1134300
882075 1138020 882645 1138620
882303 1131300 882873 1131900
882759 1132260 884355 1132860
882759 1135620 883101 1136220
882873 1137060 883899 1137660
882873 1138020 883101 1138620
882873 1148100 884127 1148700
882987 1126980 883785 1127580
883101 1138980 884925 1139580
883215 1130340 884013 1130940
883329 1136100 885267 1136700
883329 1140420 884127 1141020
883329 1144260 885495 1144860
883329 1154820 885495 1155420
883329 1158660 885495 1159260
883329 1163460 885495 1164060
883443 1131300 883899 1131900
883557 1125540 884469 1126140
883557 1129380 884697 1129980
883671 1138020 885381 1138620
883899 1126500 885039 1127100
883899 1149540 884697 1150140
884013 1130820 885495 1131420
884013 1133700 886407 1134300
884013 1147140 886407 1147740
884013 1150980 886407 1151580
884127 1127460 884583 1128060
884127 1139940 884583 1140540
884241 1141860 886179 1142460
884241 1142820 886749 1143420
884241 1145700 885039 1146300
884241 1152420 886179 1153020
884241 1153380 885609 1153980
884241 1156260 886749 1156860
884241 1160100 886179 1160700
884241 1161060 886179 1161660
884241 1162020 887091 1162620
884355 1132260 885381 1132860
884583 1140900 885723 1141500
884811 1137060 885381 1137660
884811 1148580 885153 1149180
885039 1125540 885267 1126140
885153 1149540 885381 1150140
885267 1126500 886293 1127100
885267 1127460 885951 1128060
885267 1129380 886065 1129980
885381 1131780 886749 1132380
885381 1132740 886179 1133340
885381 1137540 886863 1138140
885381 1139460 886635 1140060
885381 1145220 885609 1145820
885381 1146180 885609 1146780
885381 1157700 886407 1158300
885495 1130820 886179 1131420
885723 1140900 886863 1141500
885837 1135140 886407 1135740
885951 1154820 886407 1155420
886065 1143780 886407 1144380
886065 1145220 886749 1145820
886065 1146180 886293 1146780
886065 1148580 887091 1149180
886065 1159140 886407 1159740
886179 1125540 887205 1126140
886179 1128420 886407 1129020
886179 1149540 886407 1150140
886179 1153380 886977 1153980
886293 1126980 887091 1127580
886293 1130340 887661 1131420
886293 1136100 887661 1137180
886293 1160580 886521 1161180
886635 1158180 886977 1158780
886749 1134660 887889 1135260
886863 1146180 887889 1146780
886863 1155300 888231 1156380
886977 1139940 888345 1141020
886977 1151460 888345 1152540
887205 1127940 887547 1128540
887205 1153860 887547 1154460
887205 1158660 888915 1159260
887319 1126500 888003 1127100
887319 1160100 888687 1161180
887319 1162020 889029 1162620
887547 1128420 889029 1129020
887547 1129380 889485 1129980
887547 1132260 887889 1132860
887547 1133220 888117 1133820
887547 1138020 888231 1138620
887547 1141860 888915 1142460
887547 1143780 889029 1144380
887547 1145220 888573 1145820
887547 1147140 887889 1147740
887547 1148100 889371 1148700
887547 1149540 888117 1150140
887547 1150500 888345 1151100
887547 1152900 888915 1153500
887547 1154340 888231 1154940
887547 1157220 888345 1157820
887775 1130820 888801 1131420
887775 1136100 888459 1136700
887775 1138980 889371 1139580
887889 1142820 888915 1143420
887889 1162980 889827 1163580
888003 1126500 888687 1127100
888003 1146180 888687 1146780
888117 1125540 889029 1126140
888117 1133700 889029 1134300
888231 1149060 889143 1149660
888345 1135140 888915 1135740
888345 1150020 889029 1150620
888459 1156260 888801 1156860
888573 1154820 889371 1155420
888687 1127460 890055 1128060
888687 1131780 890055 1132380
888687 1137060 889029 1137660
888687 1140420 889713 1141020
888687 1146660 889029 1147260
888687 1150980 889485 1151580
888687 1157700 889485 1158300
888687 1160100 889485 1160700
888801 1130340 890169 1131420
888801 1136100 889485 1136700
888801 1151940 889485 1152540
888915 1145700 889941 1146300
889143 1161060 890511 1162140
889257 1134180 889485 1134780
889371 1126020 890397 1126620
889371 1155300 890055 1155900
889371 1156260 889713 1156860
889371 1158660 891309 1159260
889485 1137060 889827 1137660
889485 1151460 889941 1152060
889599 1153380 890967 1154460
889713 1134660 890397 1135260
889827 1136100 891195 1137180
889827 1147620 890055 1148220
889941 1138980 891309 1140060
889941 1150500 891309 1151580
889941 1156740 890169 1157340
889941 1162980 891309 1164060
890055 1138020 891537 1138620
890055 1140900 891081 1141500
890055 1141860 890967 1142460
890055 1142820 891423 1143900
890055 1146180 890283 1146780
890055 1159620 890853 1160220
890169 1126980 891195 1127580
890169 1128420 891195 1129020
890169 1133220 891423 1133820
890169 1144260 890397 1144860
890169 1147140 891651 1147740
890283 1130340 891309 1130940
890283 1145220 891309 1145820
890283 1148580 891423 1149180
890397 1134180 890625 1134780
890511 1154820 891423 1155420
890625 1125540 891423 1126140
890625 1132260 892563 1132860
890625 1135140 891309 1135740
890625 1157220 891309 1157820
890625 1162020 891309 1162620
890967 1161060 891993 1161660
891081 1134180 892221 1134780
891081 1140420 891537 1141020
891195 1127460 892335 1128060
891195 1131300 891423 1131900
891195 1144260 891537 1144860
891195 1146180 891537 1146780
891195 1155780 891993 1156380
891195 1160100 892335 1160700
891309 1128420 892677 1129500
891309 1150500 892677 1151580
891309 1152420 892677 1153500
891423 1135620 892449 1136220
891423 1158660 892449 1159260
891423 1162020 893133 1162620
891651 1126020 892677 1126620
891651 1136580 892449 1137180
891651 1138500 892677 1139100
891651 1139460 892449 1140060
891765 1130820 892563 1131420
891993 1155300 892221 1155900
891993 1156740 892677 1157340
892107 1147620 893475 1148700
892335 1145700 893019 1146300
892449 1136100 893817 1137180
892449 1157700 892677 1158300
892449 1162980 893817 1164060
892563 1131300 894387 1131900
892563 1133220 893931 1133820
892563 1135140 892905 1135740
892563 1141860 893361 1142460
892563 1142820 893589 1143420
892563 1144740 893133 1145340
892563 1149060 893019 1149660
892563 1154340 893703 1154940
892677 1126500 893133 1127100
892677 1134180 892905 1134780
892677 1139940 893703 1140540
892677 1140900 893475 1141500
892677 1143780 893361 1144380
892791 1129380 893931 1129980
892791 1146660 893247 1147260
892791 1157220 893817 1157820
892791 1158180 893475 1158780
892791 1159140 900201 1159740
893019 1145700 893817 1146300
893133 1126980 894729 1127580
893133 1153380 893817 1153980
893133 1161060 893817 1161660
893247 1125540 894387 1126140
893247 1138020 893931 1138620
893361 1155300 893931 1156380
893475 1135140 894045 1135740
893475 1144260 894045 1144860
893475 1149060 894273 1149660
893475 1160100 893817 1160700
893589 1138980 894045 1139580
893589 1151460 894729 1152060
893589 1152420 895299 1153020
893589 1162020 895071 1162620
893703 1127940 895071 1128540
893703 1130340 894957 1130940
893703 1132260 893931 1132860
893703 1134180 895299 1134780
893703 1140420 894501 1141020
893703 1146660 894045 1147260
893817 1147620 894501 1148220
893817 1160580 894501 1161180
893931 1142820 895299 1143900
893931 1153860 894729 1154460
893931 1157220 895071 1157820
894159 1145700 895527 1146780
894387 1131300 895413 1131900
894387 1154820 894615 1155420
894501 1137060 895869 1138140
894501 1147140 894957 1147740
894615 1161060 895071 1161660
894615 1162980 895983 1164060
894843 1126020 895527 1126620
894843 1148580 896211 1149660
894957 1153380 896325 1154460
895071 1129380 895413 1129980
895071 1132260 896439 1132860
895071 1144740 895413 1145340
895071 1147620 896097 1148220
895071 1150500 896667 1151100
895071 1155300 895869 1155900
895071 1156260 896439 1156860
895185 1135140 896895 1135740
895185 1138980 895413 1139580
895185 1157220 895869 1157820
895185 1158180 895869 1158780
895299 1128420 896895 1129020
895299 1134180 896325 1134780
895299 1140900 895869 1141500
895299 1143780 896325 1144380
895413 1161540 896439 1162140
895527 1126500 896439 1127100
895641 1139940 896781 1140540
895641 1160100 896439 1160700
895755 1125540 896211 1126140
895755 1145220 896895 1145820
895755 1152420 897465 1153020
895869 1142820 896439 1143420
895869 1151460 896439 1152060
896097 1130340 897579 1130940
896097 1136100 896895 1136700
896097 1146660 896325 1147260
896211 1127460 896439 1128060
896211 1129380 896439 1129980
896211 1138020 897009 1138620
896211 1138980 897237 1139580
896211 1141860 896439 1142460
896211 1162500 897465 1163100
896325 1133220 897693 1134300
896325 1163460 897579 1164060
896439 1141380 896781 1141980
896439 1154340 897807 1155420
896553 1143780 897921 1144860
896553 1147620 897921 1148700
896667 1137060 897579 1137660
896667 1149540 898035 1150620
896781 1126980 897465 1127580
896781 1131300 897237 1131900
896895 1125540 897921 1126140
896895 1134660 897921 1135260
896895 1135620 897237 1136220
896895 1145220 898035 1145820
896895 1151460 897237 1152060
896895 1153380 897123 1153980
896895 1160580 897579 1161180
897123 1146660 897693 1147260
897123 1157220 898149 1157820
897351 1139460 897579 1140060
897351 1140900 898719 1141980
897465 1128420 898833 1129500
897579 1127460 897921 1128060
897579 1142340 897921 1142940
897579 1156260 898947 1156860
897579 1158180 898719 1158780
897579 1161060 898377 1161660
897807 1150980 898947 1151580
897921 1126980 898377 1127580
897921 1139940 898149 1140540
898035 1133700 898833 1134300
898035 1136100 898833 1136700
898035 1143300 899175 1143900
898035 1144740 898377 1145340
898035 1148100 898833 1148700
898035 1149540 898719 1150140
898035 1155300 898833 1155900
898149 1145700 898605 1146300
898263 1138020 899403 1138620
898263 1153380 898947 1154460
898377 1131300 899859 1132380
898377 1135140 899175 1135740
898377 1142340 899403 1142940
898491 1146660 899061 1147260
898605 1126500 899631 1127100
898605 1152420 898947 1153020
898605 1157220 899289 1157820
898605 1162020 899973 1162620
898719 1125540 899631 1126140
898719 1127460 900087 1128060
898719 1130340 899631 1130940
898719 1137060 899517 1137660
898719 1138980 900087 1140060
898719 1144740 899061 1145340
898719 1149060 899061 1149660
898719 1160100 899175 1160700
898719 1162980 899745 1163580
898833 1140900 900201 1141980
899061 1152900 899745 1153500
899175 1128420 900543 1129500
899403 1134180 900087 1134780
899403 1143780 900087 1144380
899403 1144740 900087 1145340
899403 1147140 900087 1147740
899517 1137060 900885 1138140
899745 1151460 901113 1152540
899745 1157700 900771 1158300
899859 1162980 901227 1164060
900087 1125540 900999 1126140
900087 1134660 900429 1135260
900087 1149540 901911 1150140
900087 1153380 901455 1153980
900087 1154340 900657 1154940
900087 1155300 900999 1155900
900087 1156260 900771 1156860
900201 1129860 901455 1130460
900201 1132260 900885 1132860
900201 1145700 900771 1146300
900201 1148580 901455 1149180
900315 1135620 901911 1136220
900315 1141380 901341 1141980
900315 1142820 901455 1143420
900315 1159620 900999 1160220
900315 1160580 901341 1161180
900543 1134180 901569 1134780
900543 1158660 901227 1159260
900657 1147620 902253 1148220
900771 1156260 902481 1156860
900771 1157220 901683 1157820
900885 1139940 901911 1140540
900999 1131300 901797 1131900
900999 1132740 901569 1133340
900999 1146180 901341 1146780
900999 1154820 901797 1155420
900999 1161540 902367 1162140
901113 1126020 901569 1126620
901113 1126980 902595 1127580
901113 1138020 902253 1138620
901227 1138980 901569 1139580
901227 1143780 901569 1144380
901227 1144740 901797 1145340
901227 1152420 902025 1153020
901341 1136580 902025 1137180
901341 1140900 902709 1141980
901341 1150500 902709 1151580
901455 1128420 902823 1129500
901455 1162980 902025 1163580
901683 1130340 902481 1130940
901683 1134180 903051 1135260
901683 1159620 902139 1160220
901911 1145700 902253 1146300
902025 1158660 902595 1159260
902025 1162500 903963 1163100
902139 1137060 902595 1137660
902139 1157220 903279 1157820
902139 1159620 903279 1160220
902253 1133220 903735 1133820
902367 1126020 906129 1126620
902367 1132260 902595 1132860
902367 1147620 903735 1148700
902367 1151940 902595 1152540
902595 1129860 904077 1130460
902595 1142820 903621 1143900
902595 1149060 902937 1149660
902595 1153380 903621 1153980
902595 1155300 903621 1155900
902709 1144260 903165 1144860
902709 1146660 904419 1147260
902709 1150980 903393 1151580
902937 1131300 903963 1132380
903051 1127460 904419 1128060
903051 1158660 903963 1159260
903165 1136100 904305 1136700
903165 1145220 903849 1145820
903279 1134660 904989 1135260
903279 1160100 904077 1160700
903393 1138020 904989 1138620
903393 1138980 904647 1139580
903507 1157700 903963 1158300
903507 1161060 904533 1161660
903621 1128420 903963 1129020
903621 1144260 904989 1144860
903621 1152420 904647 1153020
903621 1155780 905103 1156380
903621 1156740 904077 1157340
903735 1132740 904077 1133340
903735 1133700 904533 1134300
903735 1137060 904077 1137660
903735 1139940 903963 1140540
903735 1141860 904305 1142940
903735 1149060 903963 1149660
903735 1150020 904077 1150620
903735 1151460 904989 1152060
903735 1163460 905103 1164060
903849 1154340 905217 1155420
903963 1147620 904989 1148220
903963 1158180 905103 1158780
903963 1162020 904761 1162620
904305 1150500 904875 1151100
904305 1159140 905331 1159740
904419 1130340 904761 1130940
904533 1133220 905901 1134300
904533 1160100 905559 1160700
904647 1135620 905103 1136220
904761 1152420 906129 1153500
904875 1131300 906471 1131900
904875 1137060 905103 1137660
904875 1161060 906243 1162140
904989 1147620 906357 1148700
905103 1128420 906927 1129020
905103 1139940 906471 1141020
905103 1141380 906927 1141980
905103 1149060 905787 1149660
905103 1157220 906471 1157820
905217 1129380 907155 1129980
905217 1132260 905901 1132860
905217 1145700 906471 1146300
905217 1150020 906699 1150620
905217 1153860 905559 1154460
905217 1155300 905901 1155900
905217 1156260 905787 1156860
905331 1144740 906471 1145340
905331 1146660 905787 1147260
905445 1136100 906927 1136700
905445 1142340 906357 1142940
905445 1143300 907041 1143900
905559 1127460 906585 1128060
905673 1159620 906357 1160220
905901 1130340 907041 1130940
905901 1162500 907611 1163100
906015 1153860 906471 1154460
906129 1134180 906585 1134780
906129 1138020 906699 1138620
906129 1151460 906585 1152060
906243 1126500 907611 1127100
906243 1135140 906699 1135740
906243 1149060 906585 1149660
906243 1156260 907611 1156860
906243 1158180 907155 1158780
906243 1160580 907041 1161180
906243 1163460 906813 1164060
906471 1131780 907497 1132380
906471 1147620 907269 1148220
906471 1154340 907839 1155420
906585 1144260 907269 1144860
906699 1132740 907497 1133340
906699 1137060 907725 1137660
906699 1138500 908409 1139100
906699 1139460 908409 1140060
906699 1148580 908067 1149180
906813 1146180 907497 1146780
906927 1141380 907497 1141980
906927 1159620 907611 1160220
907041 1161060 907497 1161660
907155 1125540 907725 1126140
907269 1158660 908295 1159260
907383 1128900 908979 1129500
907383 1136100 908523 1136700
907383 1150500 908751 1151580
907383 1163460 907611 1164060
907497 1143780 907725 1144380
907497 1152420 908865 1153500
907611 1133220 908979 1134300
907611 1135140 908295 1135740
907611 1140420 908637 1141020
907611 1157220 909435 1157820
907611 1162500 908409 1163100
907725 1146180 908865 1146780
907725 1160580 908409 1161180
907839 1127460 909435 1128060
907839 1131300 908865 1131900
907839 1149540 908979 1150140
907953 1126020 909891 1126620
907953 1141860 909435 1142460
908067 1155300 908979 1155900
908181 1130340 909321 1130940
908181 1142820 908979 1143420
908181 1144260 908865 1144860
908181 1145220 908865 1145820
908181 1154340 908865 1154940
908409 1134660 908979 1135260
908637 1132260 909321 1132860
908637 1136580 909207 1137180
908637 1137540 908979 1138140
908637 1140900 908865 1141500
908637 1160100 910005 1160700
908637 1161060 910005 1162140
908751 1135620 910005 1136220
908751 1147620 908979 1148220
908751 1156260 909093 1156860
908751 1158180 909549 1158780
908751 1162980 909321 1164060
908865 1138980 910233 1140060
908979 1140420 910005 1141020
908979 1148580 910347 1149660
908979 1150500 910347 1151580
908979 1152420 910347 1153500
909207 1153860 910233 1154460
909321 1143780 910005 1144380
909321 1162500 910347 1163100
909435 1138020 910119 1138620
909435 1141860 910119 1142460
909435 1146660 910803 1147740
909549 1131780 910689 1132380
909663 1127940 910233 1128540
909663 1144740 911031 1145820
909663 1158660 911487 1159260
909891 1155780 910119 1156380
910005 1125540 911373 1126620
910005 1157220 911373 1158300
910119 1128900 912057 1129500
910119 1129860 910689 1130460
910119 1133220 910461 1133820
910119 1134180 911487 1134780
910119 1137060 911943 1137660
910119 1142820 911715 1143420
910233 1156260 910803 1156860
910347 1127940 911373 1128540
910347 1136100 911145 1136700
910347 1152420 910917 1153020
910461 1130820 911715 1131420
910461 1162980 910917 1163580
910575 1126980 911259 1127580
910575 1149060 911259 1149660
910689 1150980 911373 1151580
910803 1143780 912513 1144380
910803 1147620 912627 1148220
911145 1129860 911829 1130460
911145 1132260 912513 1132860
911145 1135140 912171 1135740
911145 1139940 912399 1140540
911145 1151940 912513 1152540
911145 1153380 912171 1153980
911145 1160100 911601 1160700
911145 1161060 911373 1161660
911145 1162500 912171 1163100
911259 1133220 911829 1133820
911259 1138020 911487 1138620
911259 1140900 911487 1141500
911259 1146660 911487 1147260
911259 1154340 912627 1154940
911259 1155300 912627 1156380
911259 1163460 912057 1164060
911373 1126500 912399 1127100
911373 1148580 912741 1149660
911487 1150980 912285 1151580
911487 1158180 912513 1158780
911601 1127460 912969 1128540
911715 1141860 913083 1142940
911829 1161540 912513 1162140
911943 1134180 912627 1134780
911943 1137060 912627 1137660
911943 1160100 913311 1161180
912057 1131300 913311 1131900
912171 1144740 913539 1145820
912399 1135140 913767 1136220
912399 1150500 913767 1151580
912399 1162980 912627 1163580
912513 1162020 913767 1162620
912627 1138020 913425 1138620
912627 1140900 913995 1141500
912627 1146660 913311 1147260
912627 1152420 913197 1153020
912627 1153380 913311 1153980
912627 1158660 913767 1159260
912741 1125540 913425 1126140
912855 1130340 913881 1130940
912855 1136580 914451 1137180
912855 1149060 913881 1149660
912969 1129380 913425 1129980
912969 1133220 913425 1133820
913197 1138980 913995 1139580
913197 1157220 914223 1158300
913311 1147140 914451 1147740
913311 1160100 913881 1160700
913425 1146180 915021 1146780
913539 1126980 914109 1127580
913539 1127940 914565 1128540
913539 1133700 913995 1134300
913539 1139940 913995 1140540
913539 1152900 914337 1153500
913653 1132260 914109 1132860
913653 1143780 914109 1144380
913653 1151940 915021 1152540
913653 1153860 914451 1154460
913653 1156260 915135 1156860
913653 1161060 915135 1161660
913767 1131300 914337 1131900
913767 1134660 914223 1135260
913767 1137540 914223 1138140
913767 1148100 914793 1148700
913767 1154820 915021 1155420
913767 1162980 914679 1163580
913881 1125540 915021 1126140
913881 1158660 914565 1159260
913995 1135620 915021 1136220
913995 1149540 915363 1150620
914223 1129860 915021 1130460
914337 1130820 915135 1131420
914337 1133220 915135 1133820
914337 1144740 915135 1145340
914337 1159620 915021 1160220
914451 1134180 915135 1134780
914451 1139460 914907 1140060
914451 1140420 915591 1141020
914451 1147140 915591 1147740
914565 1138500 915021 1139100
914679 1137060 915249 1137660
914793 1157220 916161 1158300
914907 1126980 915135 1127580
915021 1126020 915363 1126620
915021 1162980 916389 1164060
915135 1131300 916275 1131900
915135 1134180 915819 1134780
915135 1141380 916617 1141980
915135 1142820 915819 1143420
915135 1160100 915819 1160700
915249 1143780 915477 1144380
915363 1158660 916047 1159260
915477 1128420 915933 1129020
915477 1152420 916731 1153020
915591 1153380 916617 1153980
915705 1147140 916389 1147740
915819 1125540 916617 1126140
915819 1134180 916959 1134780
915819 1137540 916845 1138140
915819 1160580 916959 1161180
915933 1148100 916503 1148700
916047 1138980 916503 1139580
916047 1142340 916845 1142940
916047 1143780 916731 1144380
916161 1129380 916503 1129980
916161 1132260 916503 1132860
916161 1135140 916617 1135740
916161 1145700 916503 1146300
916161 1149060 916731 1149660
916161 1151460 916389 1152060
916161 1154340 917643 1155420
916161 1155780 917415 1156380
916161 1159140 917643 1160220
916275 1126500 916617 1127100
916275 1127460 916617 1128060
916275 1130340 917415 1130940
916275 1133220 916503 1133820
916275 1136100 917301 1137180
916275 1139940 917529 1140540
916275 1144740 917643 1145340
916275 1150500 917529 1151100
916275 1156740 917073 1157340
916275 1161540 917643 1162140
916503 1146660 917301 1147260
916503 1147620 917301 1148220
916617 1158180 916845 1158780
916845 1128420 917301 1129020
916845 1131780 917643 1132380
916845 1149540 917643 1150140
916845 1152900 917871 1153500
916959 1135140 917415 1135740
916959 1142820 917643 1143420
916959 1151460 917643 1152060
917187 1138020 918555 1139100
917187 1160580 918327 1161180
917301 1157700 917985 1158300
917415 1125540 919011 1126140
917415 1127460 917757 1128060
917529 1129380 918897 1130460
917529 1134180 917757 1134780
917529 1146660 918897 1147740
917529 1162980 918897 1164060
917643 1132260 918441 1132860
917643 1133220 917985 1133820
917643 1145700 918783 1146300
917643 1158660 918783 1159260
917757 1126500 919125 1127100
917757 1127940 918441 1128540
917757 1140900 919011 1141500
917871 1143780 919011 1144380
917871 1153860 918669 1154460
917871 1162020 919011 1162620
917985 1137060 918441 1137660
917985 1141860 918327 1142460
917985 1150020 918213 1150620
918213 1156260 919239 1156860
918327 1142340 920037 1142940
918327 1160580 919467 1161180
918441 1133220 919011 1133820
918441 1134660 919809 1135260
918441 1136100 919125 1136700
918441 1157700 918897 1158300
918555 1130820 919125 1131420
918555 1137540 919581 1138140
918669 1127460 919125 1128060
918669 1139940 919125 1140540
918669 1149540 919125 1150140
918669 1150500 919125 1151100
918783 1131780 919581 1132380
918783 1144740 919467 1145340
918783 1148100 919695 1148700
918783 1151460 919125 1152060
918783 1154340 919695 1154940
918783 1159140 919923 1159740
918897 1128420 920265 1129500
918897 1152900 919581 1153500
919011 1132740 919809 1133340
919125 1140420 920265 1141020
919125 1150020 920265 1150620
919125 1157220 919809 1157820
919239 1158180 919923 1158780
919353 1141380 920037 1141980
919353 1146180 920493 1146780
919353 1161540 920037 1162140
919353 1162500 919809 1163100
919467 1129860 920265 1130460
919467 1143300 919695 1143900
919581 1144260 919809 1144860
919581 1151460 920037 1152060
919695 1152900 920721 1153500
919809 1132260 921177 1133340
919809 1149060 920151 1149660
919809 1156260 920493 1156860
919809 1160100 920037 1160700
919809 1162980 921177 1164060
919923 1126500 920721 1127100
919923 1127460 920493 1128060
919923 1136580 920721 1137180
919923 1144740 921291 1145820
919923 1157220 921291 1158300
920037 1135140 921405 1136220
920037 1138980 921405 1140060
920037 1158660 920721 1159260
920151 1125540 921747 1126140
920151 1133700 920949 1134300
920151 1138020 921747 1138620
920151 1143780 921291 1144380
920265 1162020 921405 1162620
920379 1128900 921405 1129500
920493 1149540 921519 1150140
920721 1140420 921405 1141020
920835 1142820 921633 1143420
920835 1154340 921633 1154940
920949 1134180 921747 1134780
920949 1153380 921747 1153980
921063 1159140 921747 1159740
921177 1129860 921633 1130460
921177 1130820 922659 1131420
921177 1136580 921519 1137180
921177 1141380 922887 1141980
921177 1146660 923115 1147260
921177 1147620 923115 1148220
921177 1150500 923115 1151100
921177 1151460 923115 1152060
921177 1152420 923115 1153020
921177 1155300 923115 1155900
921177 1160100 923115 1160700
921177 1161060 923115 1161660
921291 1127460 921747 1128060
921291 1131780 922317 1132380
921291 1133220 921747 1133820
921291 1144260 921747 1144860
921291 1145700 921747 1146300
921291 1148580 921747 1149180
921291 1156260 921747 1156860
921291 1157700 922089 1158300
921519 1126500 923115 1127100
921633 1128420 923115 1129020
921633 1135140 923115 1135740
921633 1136100 924027 1136700
921633 1138980 923115 1139580
921633 1139940 923115 1140540
921633 1162020 924027 1162620
921633 1162980 923115 1163580
921747 1143300 922773 1143900
921747 1158660 922887 1159260
921861 1133700 922089 1134300
921861 1145220 922545 1145820
921861 1156740 922431 1157340
921975 1137540 923115 1138140
921975 1142340 922659 1142940
922089 1129860 922887 1130460
922431 1132740 923343 1133340
922431 1149060 924027 1149660
922545 1153860 922887 1154460
922659 1130820 924255 1131420
922659 1144260 923457 1144860
922659 1157700 924483 1158300
922773 1143300 923913 1143900
922887 1133700 923913 1134300
922887 1141380 923685 1141980
923001 1129380 924483 1129980
923001 1153380 923229 1153980
923001 1154340 924027 1154940
923001 1156260 923799 1156860
923115 1138020 923799 1138620
923115 1138980 923685 1139580
923115 1142340 923799 1142940
923115 1151460 923685 1152060
923115 1163460 923457 1164060
923229 1128420 923913 1129020
923229 1131780 923913 1132380
923229 1140420 924255 1141020
923229 1146180 924027 1146780
923229 1147140 923457 1147740
923229 1152420 923913 1153020
923343 1145220 924483 1145820
923343 1155300 924483 1155900
923343 1160100 924483 1160700
923571 1126020 924027 1126620
923571 1148100 924027 1148700
923685 1137060 924369 1137660
923799 1126980 924027 1127580
923799 1132740 924825 1133340
923799 1139460 925053 1140060
923799 1141860 924597 1142460
923799 1150020 924825 1150620
923799 1153380 924255 1153980
923799 1158660 924255 1159260
923913 1138020 925281 1139100
923913 1143780 925281 1144860
923913 1151460 925281 1152540
923913 1156260 924597 1156860
924027 1134180 925395 1135260
924027 1146660 925053 1147260
924141 1161060 925509 1162140
924369 1162980 925167 1163580
924483 1129860 924825 1130460
924483 1157220 925851 1158300
924711 1127940 925851 1128540
924939 1142340 925281 1142940
924939 1155300 925509 1155900
925053 1146660 926421 1147740
925167 1125540 925965 1126140
925167 1126500 926649 1127100
925167 1131300 926193 1132380
925167 1136100 926535 1136700
925167 1140900 925965 1141500
925167 1145700 925737 1146300
925167 1148100 925509 1148700
925167 1149060 925851 1149660
925167 1152900 926877 1153500
925167 1159140 926193 1159740
925167 1162500 926649 1163100
925395 1130340 926421 1130940
925395 1142820 926649 1143420
925395 1151940 926421 1152540
925395 1153860 926763 1154460
925623 1128900 926193 1129500
925623 1143780 926421 1144380
925737 1133220 927333 1133820
925737 1135140 926535 1135740
925851 1134180 927447 1134780
925851 1138500 926877 1139100
925965 1144740 926877 1145340
925965 1149540 926421 1150140
925965 1155300 926763 1155900
925965 1156260 926535 1157340
926079 1127460 926535 1128060
926079 1137060 926649 1138140
926079 1139940 927561 1140540
926079 1141860 926535 1142460
926307 1145700 926649 1146300
926307 1148100 926535 1148700
926307 1160100 926877 1161180
926421 1129380 927789 1130460
926421 1130820 927561 1131420
926535 1150500 927903 1151580
926535 1157220 927561 1157820
926763 1162980 928131 1164060
926877 1125540 927675 1126140
926877 1140900 928245 1141500
926877 1158180 927333 1158780
927219 1152420 928017 1153020
927219 1153380 928245 1153980
927447 1126980 928017 1127580
927447 1132740 928359 1133340
927447 1146660 928815 1147740
927447 1159620 928473 1160220
927675 1127940 929271 1128540
927675 1135140 929613 1135740
927675 1136100 929043 1136700
927675 1138980 928473 1139580
927675 1141860 929043 1142460
927675 1148100 928701 1148700
927675 1149060 929043 1149660
927675 1154340 929157 1155420
927675 1156260 928017 1156860
927675 1157700 928815 1158300
927789 1137060 929043 1137660
927789 1142820 929043 1143420
927789 1145700 928473 1146300
927789 1162020 929043 1162620
927903 1129860 928587 1130460
927903 1161060 928929 1161660
928017 1130820 929499 1131420
928017 1131780 928359 1132380
928017 1138020 929271 1138620
928017 1143780 929043 1144860
928245 1151460 929043 1152060
928359 1162980 929499 1163580
928473 1133220 929043 1133820
928473 1150020 929727 1150620
928587 1126500 929043 1127100
928587 1134180 930069 1134780
928701 1139940 929043 1140540
928815 1125540 930069 1126140
928815 1131780 929157 1132380
928815 1140900 930183 1141500
928815 1146180 929157 1146780
928815 1147140 929841 1147740
928815 1152420 930183 1153020
928815 1155780 929157 1156380
928815 1157220 930183 1157820
928929 1129380 930297 1130460
928929 1138980 929613 1139580
928929 1158180 930297 1159260
928929 1159620 930069 1160220
929271 1132260 930639 1133340
929271 1153380 930639 1154460
929385 1144740 929841 1145340
929385 1145700 930411 1146300
929385 1155300 930183 1155900
929499 1126980 930297 1127580
929841 1131300 930069 1131900
929955 1138980 931665 1139580
929955 1163460 930183 1164060
930183 1136100 930981 1136700
930183 1137060 931551 1137660
930183 1141860 932121 1142460
930183 1142820 931209 1143420
930183 1143780 930753 1144380
930183 1147620 931209 1148220
930183 1148580 930981 1149180
930183 1151460 930981 1152060
930183 1160100 931209 1160700
930183 1161060 931209 1161660
930183 1162020 931551 1162620
930297 1150500 931665 1151100
930297 1154820 930753 1155420
930411 1138020 930981 1138620
930411 1146180 931437 1146780
930411 1158660 931437 1159260
930525 1127460 932463 1128060
930525 1128420 930981 1129020
930639 1130340 931779 1130940
930639 1132260 931437 1132860
930639 1133700 931437 1134300
930639 1153380 931665 1153980
930753 1135140 931665 1135740
930753 1139940 931551 1140540
930753 1156260 931551 1156860
930867 1126500 931893 1127100
930867 1149540 932121 1150140
930981 1144740 931551 1145820
931209 1125540 931551 1126140
931209 1131300 931665 1131900
931209 1154340 932121 1154940
931323 1140900 932121 1141500
931323 1143780 931893 1144380
931323 1152420 931665 1153020
931323 1157220 932691 1158300
931323 1159620 931551 1160220
931323 1162980 932463 1163580
931437 1133220 932121 1133820
931437 1136100 932121 1136700
931437 1146660 932805 1147740
931551 1129380 932577 1129980
931551 1158660 932691 1159260
931551 1160580 931893 1161180
931665 1152900 932805 1153500
931779 1142820 932805 1143420
931779 1145700 933489 1146300
931779 1148580 932577 1149180
931893 1128420 932349 1129020
931893 1151460 932121 1152060
932007 1125540 932691 1126140
932007 1139460 932235 1140060
932121 1134180 932349 1134780
932235 1135140 932577 1135740
932235 1138500 932577 1139100
932235 1150980 933261 1151580
932235 1155300 933603 1156380
932463 1127940 933489 1128540
932463 1140900 933831 1141980
932463 1150020 933261 1150620
932463 1159620 933033 1160220
932577 1132260 933945 1133340
932577 1134660 947283 1135260
932691 1137060 934059 1137660
932691 1139940 934629 1140540
932691 1148100 934173 1148700
932691 1158660 933831 1159260
932691 1161060 934059 1161660
932691 1162020 934059 1162620
932805 1129380 933945 1129980
932805 1131300 934515 1131900
932805 1142340 933945 1142940
932919 1130340 934059 1130940
932919 1152420 933147 1153020
933033 1126500 933489 1127100
933033 1143780 934173 1144380
933261 1133700 934515 1134300
933261 1151460 935199 1152060
933261 1154340 934059 1154940
933375 1146660 934173 1147260
933489 1128420 934173 1129020
933489 1153380 935199 1153980
933489 1156740 934857 1157340
933603 1149540 934173 1150140
933603 1162980 935085 1163580
933717 1135620 934173 1136220
933717 1138020 934401 1138620
933831 1125540 934173 1126140
933831 1127460 935313 1128060
933831 1152420 934059 1153020
933831 1157700 934287 1158300
933831 1159620 934173 1160220
933945 1144740 935313 1145820
934059 1136580 935199 1137180
934059 1142340 935085 1142940
934059 1155300 935085 1155900
934287 1158660 935313 1159260
934401 1126500 936339 1127100
934401 1129380 935769 1130460
934401 1149540 935085 1150140
934515 1138500 935085 1139100
934743 1139940 936111 1141020
934743 1146180 935085 1146780
934971 1128420 935541 1129020
934971 1131780 936567 1132380
935085 1141860 936453 1142940
935085 1159620 935541 1160220
935199 1137060 936681 1137660
935199 1138980 936225 1139580
935199 1150500 936681 1151580
935199 1152420 936225 1153020
935199 1154340 936567 1154940
935199 1160580 935997 1161180
935199 1161540 936567 1162140
935199 1162500 935883 1163100
935313 1125540 935769 1126140
935313 1143780 935769 1144380
935313 1146660 935655 1147260
935313 1147620 936567 1148220
935427 1153380 935883 1153980
935427 1155300 936453 1155900
935427 1157220 936567 1157820
935541 1136100 937023 1136700
935541 1158180 935769 1158780
935655 1133220 936453 1133820
935769 1145700 935997 1146300
935883 1127940 936681 1128540
935883 1148580 937137 1149180
936111 1146660 936567 1147260
936111 1159140 936567 1159740
936225 1138020 937251 1139100
936225 1149540 936681 1150140
936225 1162980 936909 1164060
936339 1125540 936567 1126140
936339 1126980 937821 1127580
936339 1128900 937365 1129500
936339 1140900 936909 1141500
936339 1143780 936681 1144380
936339 1151940 936681 1152540
936453 1144740 937821 1145820
936567 1146180 937593 1146780
936567 1153380 937365 1153980
936567 1156260 937935 1157340
936567 1158180 937137 1158780
936795 1132260 938163 1133340
936909 1160100 937137 1160700
937023 1131300 937821 1131900
937023 1136100 938163 1136700
937023 1155300 938163 1155900
937251 1149540 937707 1150140
937251 1151940 937479 1152540
937251 1158660 937479 1159260
937365 1128420 938733 1129500
937365 1153380 938733 1154460
937479 1139940 938619 1140540
937479 1158180 938049 1158780
937593 1143780 937821 1144380
937593 1146180 938277 1146780
937707 1125540 939075 1126140
937707 1129860 938733 1130460
937707 1138500 948765 1139100
937707 1141860 938505 1142460
937707 1142820 939189 1143420
937707 1147140 938505 1147740
937707 1148100 938277 1148700
937707 1159140 938505 1159740
937707 1161060 939075 1162140
937707 1162500 938505 1163100
937821 1137060 939189 1137660
937821 1150500 939759 1151100
937821 1152420 938049 1153020
937935 1127460 939531 1128060
938163 1133220 949221 1133820
938163 1156740 938733 1157340
938277 1126500 939645 1127100
938277 1148580 942039 1149180
938277 1152420 939531 1153020
938391 1145220 940215 1145820
938505 1131780 939873 1132380
938505 1157700 939075 1158300
938619 1144260 939189 1144860
938619 1151460 938961 1152060
938733 1146660 939645 1147260
938847 1149540 939189 1150140
938961 1130340 940329 1131420
938961 1162980 940329 1164060
939075 1128420 940443 1129500
939075 1153380 940443 1154460
939075 1155300 940443 1156380
939075 1156740 939987 1157340
939303 1140420 939645 1141020
939417 1158180 940215 1158780
939417 1159140 939873 1159740
939759 1149540 941355 1150620
939759 1151460 940101 1152060
939873 1132260 941355 1132860
939987 1141860 941127 1142460
939987 1162020 941583 1162620
940101 1159620 940329 1160220
940215 1125540 940785 1126140
940215 1140420 949449 1141020
940215 1145700 941013 1146300
940215 1147620 943977 1148220
940215 1157220 941355 1157820
940215 1158660 941355 1159260
940215 1161060 941583 1161660
940329 1137060 947739 1137660
940329 1142820 941583 1143420
940329 1143780 940557 1144380
940443 1127940 941355 1128540
940443 1152420 941241 1153020
940443 1154340 941469 1154940
940443 1155300 941241 1155900
940557 1129380 941013 1129980
940785 1126500 941013 1127100
940785 1146660 948195 1147260
940899 1150980 941583 1151580
941013 1131300 941583 1131900
941013 1143780 942381 1144380
941127 1125540 941697 1126140
941241 1151940 942267 1152540
941241 1159620 941697 1160220
941355 1126500 942267 1127100
941355 1144740 941925 1145820
941355 1152900 942153 1153500
941355 1156740 942381 1157340
941355 1158180 942153 1158780
941469 1128420 942837 1129500
941469 1129860 942609 1130460
941469 1154340 942837 1155420
941469 1162980 942837 1164060
941583 1150500 942153 1151100
941697 1142340 941925 1142940
941811 1159140 942381 1159740
942267 1145700 942837 1146300
942267 1148580 943863 1149660
942495 1131300 949905 1131900
942495 1142340 949905 1142940
942495 1150500 943635 1151100
942495 1151460 943179 1152060
942609 1159620 942837 1160220
942723 1130340 946485 1130940
942723 1143300 950133 1143900
942723 1152420 943179 1153020
942723 1153380 943749 1153980
942723 1155780 943521 1156380
942723 1160580 943521 1161180
942723 1161540 944091 1162140
942837 1125540 943179 1126140
943065 1144740 948651 1145340
943065 1157220 943521 1157820
943179 1154820 944091 1155420
943179 1162980 944205 1163580
943293 1151940 943521 1152540
943293 1158180 943521 1158780
943407 1125540 943863 1126140
943407 1126500 944433 1127100
943407 1129380 944433 1129980
943407 1159620 944205 1160220
943521 1127460 945117 1128060
943635 1128420 944433 1129020
943749 1151940 945345 1152540
943863 1150500 944661 1151100
943863 1152900 944433 1153500
943863 1153860 944433 1154460
943863 1156260 944661 1156860
943863 1157220 944661 1157820
943863 1158180 944433 1158780
944091 1149540 944661 1150140
944091 1155300 944889 1155900
944319 1159140 945117 1159740
944433 1160100 946029 1161180
944547 1152900 945687 1153500
944547 1162980 945915 1164060
944661 1150020 945117 1150620
944775 1128420 948537 1129020
944775 1147620 945345 1148220
944889 1155780 945117 1156380
945003 1126500 945573 1127100
945117 1150980 956175 1151580
945231 1149540 945687 1150140
945231 1154340 946713 1154940
945231 1155300 946029 1155900
945231 1159140 945801 1159740
945231 1161540 946029 1162140
945345 1125540 946713 1126140
945687 1150020 946143 1150620
945687 1151940 956745 1152540
945687 1152900 946371 1153500
945687 1158180 946143 1158780
945801 1129380 953211 1129980
945915 1126980 946371 1127580
945915 1159140 947055 1159740
946029 1148580 946941 1149180
946029 1156260 946713 1156860
946029 1157220 946827 1157820
946257 1161540 946599 1162140
946371 1127460 947169 1128060
946371 1149540 948309 1150140
946371 1160100 947169 1160700
946485 1152900 947169 1153500
946485 1162980 947853 1164060
946599 1126500 947169 1127100
946599 1158180 947397 1158780
946827 1155300 947397 1155900
946941 1156740 947397 1157340
947169 1135620 949107 1136220
947283 1148100 949221 1148700
947283 1160100 948879 1161180
947397 1157220 948993 1158300
947397 1158660 947853 1159260
947511 1126500 951273 1127100
947853 1125540 949677 1126140
947853 1141380 949221 1141980
947853 1162020 948081 1162620
948081 1154340 949221 1154940
948195 1155300 948993 1155900
948195 1159140 948423 1159740
948195 1162500 948765 1163100
948195 1163460 948993 1164060
948309 1149060 949335 1149660
948309 1153380 949677 1153980
948423 1158660 948879 1159260
948537 1132260 949677 1132860
948651 1136580 949449 1137180
948765 1156260 950133 1156860
948879 1144260 949677 1144860
948879 1159140 949221 1159740
948993 1138980 950931 1139580
948993 1161060 950361 1162140
949107 1130340 949563 1130940
949107 1162980 950475 1164060
949335 1133220 950931 1134300
949335 1138020 949563 1138620
949335 1147620 950931 1148700
949335 1157220 950019 1157820
949335 1158180 950133 1158780
949449 1135140 951045 1136220
949449 1139940 952299 1140540
949449 1150020 949677 1150620
949563 1146660 950133 1147260
949563 1155300 950247 1155900
949563 1159140 950361 1159740
949791 1137060 953553 1137660
950019 1132260 951159 1132860
950019 1145700 950589 1146300
950019 1153380 957429 1153980
950133 1149540 950817 1150140
950361 1140900 951615 1141500
950475 1156260 957885 1156860
950475 1163460 951273 1164060
950589 1154340 957999 1154940
950589 1158660 957999 1159260
950703 1144740 958113 1145340
950817 1160100 951615 1160700
950931 1130340 952071 1130940
950931 1138020 951957 1138620
950931 1138980 951501 1139580
951045 1125540 956631 1126140
951045 1128420 952185 1129020
951045 1143780 951729 1144380
951159 1149540 958569 1150140
951273 1131300 955035 1131900
951273 1141860 951957 1142940
951387 1135140 955149 1135740
951387 1148580 958797 1149180
951501 1161060 952869 1162140
951615 1126500 952641 1127100
951615 1162980 953211 1164060
952071 1159620 953097 1160220
952299 1138980 953667 1140060
952299 1142820 953097 1143420
952527 1128420 956289 1129020
952527 1133220 953553 1133820
952527 1143780 953211 1144380
952755 1140900 953553 1141500
952869 1138020 953097 1138620
953211 1136100 953553 1136700
953325 1141860 960735 1142460
953439 1126500 954579 1127100
953439 1159620 959025 1160220
953439 1162500 954123 1163100
953781 1140420 959367 1141020
953895 1138020 955833 1138620
953895 1139460 954465 1140060
953895 1160580 954921 1161180
954465 1136100 956973 1136700
954465 1137060 956973 1137660
955263 1161060 956745 1161660
955263 1162020 956745 1162620
955377 1134180 956745 1134780
955491 1146180 959253 1146780
955491 1162980 956061 1163580
955605 1130340 956745 1130940
955833 1129380 956517 1129980
955833 1138980 957429 1139580
956175 1133220 956973 1133820
956175 1157700 959025 1158300
956403 1131300 956973 1131900
956631 1163460 957201 1164060
956745 1125540 958341 1126620
956859 1128420 958455 1129500
956859 1135140 957087 1135740
957087 1131300 958227 1131900
957087 1134180 957429 1134780
957201 1126980 959139 1127580
957315 1137060 958455 1137660
957429 1155300 964839 1155900
957771 1134660 958341 1135260
957771 1138980 958911 1139580
957999 1138020 972705 1138620
957999 1152900 959367 1153500
958113 1130340 972819 1130940
958113 1147620 987411 1148220
958113 1161060 961875 1161660
958113 1162020 987411 1162620
958341 1132260 987639 1132860
958341 1133220 973047 1133820
958341 1134180 973047 1134780
958341 1136100 959595 1136700
958455 1129380 958911 1129980
958455 1135140 965865 1135740
958455 1144260 959367 1144860
958455 1151940 959367 1152540
958569 1156740 960735 1157340
958911 1163460 959367 1164060
959025 1127940 960735 1128540
959139 1126020 960735 1126620
959253 1128900 975327 1129500
959253 1143300 975327 1143900
959253 1145220 960735 1145820
959253 1149060 960735 1149660
959253 1150020 960735 1150620
959253 1157700 960735 1158300
959253 1158660 960735 1159260
959253 1159620 960735 1160220
960621 1126980 975327 1127580
960621 1136580 975327 1137180
960621 1139460 968031 1140060
960621 1140420 975327 1141020
960621 1144260 989919 1144860
960621 1146180 989919 1146780
960621 1150980 989919 1151580
960621 1151940 989919 1152540
960621 1152900 989919 1153500
960621 1153860 975327 1154460
960621 1163460 968031 1164060
961761 1160100 991059 1160700
963585 1161060 964041 1161660
964839 1161060 994137 1161660
965751 1149540 980457 1150140
966891 1159140 969741 1159740
970197 1159140 977607 1159740
972705 1131300 983763 1131900
972819 1125540 987525 1126140
973275 1148580 980685 1149180
975213 1133700 986271 1134300
975213 1134660 989919 1135260
975213 1135620 986271 1136220
975213 1137540 986271 1138140
975213 1138500 986271 1139100
975213 1139460 989919 1140060
975213 1141860 986271 1142460
976353 1140900 987411 1141500
979317 1155300 994023 1155900
980685 1129380 988095 1129980
982509 1143300 984447 1143900
982509 1149060 989919 1149660
982509 1153860 1011807 1154460
982509 1158660 989919 1159260
982509 1163460 989919 1164060
983877 1128420 986727 1129020
984447 1126500 986385 1127100
985131 1143300 985587 1143900
986157 1136580 989007 1137180
986271 1138020 986841 1138620
986385 1131300 987069 1131900
986385 1157220 993795 1157820
986613 1133220 987069 1133820
986955 1126500 987981 1127580
986955 1156260 994365 1156860
987297 1130340 990147 1130940
987639 1137540 990147 1138140
987639 1138500 990489 1139100
987867 1128420 989007 1129020
987867 1131300 989007 1131900
987867 1133220 989007 1133820
987867 1135620 989805 1136220
988893 1126500 992655 1127100
988893 1140420 989577 1141020
988893 1141860 989805 1142460
989235 1132260 990033 1132860
989463 1133700 990033 1134300
989463 1142820 990033 1143420
989691 1140900 990261 1141500
989805 1129380 990261 1129980
989805 1145220 991743 1145820
989805 1147140 1004511 1147740
989805 1148100 992655 1148700
989805 1150020 1004511 1150620
989805 1162500 997215 1163100
990147 1130340 990603 1130940
990147 1132260 990717 1132860
990147 1137060 990717 1137660
990147 1151460 992085 1152060
990489 1129380 992313 1129980
990603 1140900 991173 1141500
990717 1131300 991173 1131900
990717 1138980 991173 1139580
990831 1127460 993681 1128060
990831 1132260 991515 1132860
990945 1130340 991629 1130940
990945 1137540 991401 1138140
990945 1139940 994707 1140540
990945 1143300 991743 1143900
991059 1125540 992085 1126140
991173 1135140 993681 1135740
991173 1136100 991857 1136700
991173 1138500 992769 1139100
991173 1141860 993111 1142460
991287 1152420 996873 1153020
991401 1133220 992085 1134300
991515 1131300 991857 1131900
991743 1132260 992199 1132860
991743 1137060 993225 1138140
991743 1144740 993339 1145820
991971 1130340 992769 1130940
992085 1159140 995847 1159740
992199 1140900 992883 1141500
992199 1143780 992769 1144380
992427 1136100 992655 1136700
992427 1151460 993225 1152060
992541 1128420 992769 1129020
992541 1146180 993453 1146780
992883 1125540 995733 1126140
992883 1129380 994593 1129980
992883 1136100 993567 1136700
992883 1140900 993453 1141500
992883 1148100 993567 1148700
992997 1134180 993225 1134780
993111 1128420 994821 1129020
993111 1132260 994137 1132860
993111 1141860 993909 1142460
993111 1142820 993681 1143420
993225 1131300 998355 1131900
993339 1126500 994365 1127100
993339 1133220 994365 1133820
993339 1138500 993681 1139100
993339 1143780 994137 1144380
993567 1144740 995049 1145820
994023 1127460 996873 1128060
994023 1130340 995049 1130940
994023 1134180 994593 1134780
994023 1136580 995961 1137180
994023 1141380 995049 1141980
994023 1146180 1008729 1146780
994137 1142340 994821 1142940
994479 1143300 995277 1143900
994707 1132260 995733 1132860
994707 1140420 995163 1141020
994935 1129380 998355 1129980
994935 1135140 996417 1136220
994935 1138020 996303 1138620
994935 1142340 995505 1142940
995049 1144740 996645 1145820
995163 1133220 995505 1133820
995163 1139460 995961 1140060
995163 1140420 995961 1141020
995163 1148580 996987 1149180
995163 1158180 996189 1158780
995391 1134180 996417 1134780
995505 1143300 1013859 1143900
995505 1157220 996987 1157820
995733 1155300 996987 1155900
995847 1161060 996873 1161660
995961 1126500 996987 1127100
996075 1125540 996987 1126140
996075 1138980 996987 1139580
996075 1139940 996645 1140540
996075 1156260 996987 1156860
996189 1128420 998355 1129020
996303 1130340 996987 1130940
996303 1133220 996987 1133820
996303 1137060 996987 1137660
996417 1140900 998355 1141500
996417 1160100 998355 1160700
996531 1132260 996987 1132860
996531 1138020 996987 1138620
996531 1141860 996987 1142460
996645 1159140 998355 1159740
996759 1134660 997785 1135260
996759 1145220 997329 1145820
996759 1151460 998355 1152060
996873 1136100 998355 1136700
996873 1139940 998355 1140540
996873 1158180 998355 1158780
996987 1126980 998469 1127580
996987 1133700 997557 1134300
997101 1126020 999951 1126620
997101 1132740 998241 1133340
997443 1138500 998469 1139100
998127 1134660 999153 1135260
998241 1130340 998697 1130940
998241 1132260 999837 1132860
998241 1133220 999609 1133820
998241 1137060 999381 1137660
998241 1141860 999381 1142460
998241 1144740 1012947 1145340
998241 1152420 1012947 1153020
998241 1155300 1012947 1155900
998241 1156260 1012947 1156860
998241 1161060 1012947 1161660
998241 1162020 1012947 1162620
998241 1162980 1012947 1163580
998355 1139940 999153 1140540
998583 1128420 1000065 1129500
998925 1138500 999381 1139100
999039 1126980 1000977 1127580
999039 1135620 999951 1136220
999495 1134660 1000293 1135260
999495 1140420 1000977 1141020
999951 1130340 1001889 1130940
999951 1138500 1000407 1139100
1000065 1128420 1001661 1129500
1000179 1132260 1000521 1132860
1000179 1135620 1001775 1136220
1000179 1139460 1002117 1140060
1000407 1126020 1001091 1126620
1000407 1134180 1000977 1134780
1000407 1138500 1000977 1139100
1000635 1137060 1002231 1137660
1000635 1141380 1001889 1141980
1000635 1142340 1015341 1142940
1000749 1132260 1001775 1132860
1000977 1131300 1019331 1131900
1000977 1133220 1003827 1133820
1000977 1138500 1001661 1139100
1001319 1140420 1001775 1141020
1001433 1126980 1001889 1127580
1001547 1125540 1001889 1126140
1001661 1129380 1001889 1129980
1001661 1138020 1002345 1138620
1001775 1128420 1003257 1129020
1002003 1126020 1002345 1126620
1002117 1138980 1003713 1140060
1002231 1127460 1003371 1128060
1002231 1129380 1002801 1129980
1002231 1137060 1003371 1137660
1002459 1125540 1003029 1126140
1002573 1126500 1003029 1127100
1002687 1134180 1003713 1134780
1002687 1140420 1017393 1141020
1003143 1135140 1004853 1135740
1003143 1136100 1004853 1136700
1003143 1141380 1014201 1141980
1003257 1125540 1004853 1126140
1003371 1127460 1004169 1128060
1003371 1137060 1004169 1137660
1003599 1126500 1005195 1127100
1003827 1132260 1004397 1133340
1003941 1138020 1018647 1138620
1004055 1129380 1004853 1129980
1004283 1133700 1004625 1134300
1004397 1149060 1015455 1149660
1004397 1150980 1015455 1151580
1004397 1158660 1015455 1159260
1004397 1159620 1015455 1160220
1004625 1134180 1019331 1134780
1004739 1127460 1005309 1128060
1005195 1126500 1005765 1127100
1005195 1135140 1006335 1135740
1005423 1127940 1005879 1128540
1005651 1132260 1020357 1132860
1005879 1128420 1006449 1129020
1005879 1133220 1020585 1133820
1006107 1126980 1017165 1127580
1006107 1136100 1020813 1136700
1006107 1137060 1020813 1137660
1006221 1125540 1007361 1126140
1006221 1129380 1020927 1129980
1007589 1127940 1007817 1128540
1008045 1148100 1015455 1148700
1008159 1127940 1008729 1128540
1008729 1125540 1009413 1126140
1009071 1127940 1009413 1128540
1009755 1125540 1020813 1126140
1009755 1128420 1010325 1129020
1010781 1127940 1014543 1128540
1011351 1130340 1022409 1130940
1011693 1157700 1017279 1158300
1012833 1145700 1022751 1146300
1012833 1146660 1022751 1147260
1012833 1153380 1022751 1153980
1012833 1154340 1022751 1154940
1014543 1139460 1017393 1140060
1015341 1144260 1018761 1144860
1015341 1150020 1018761 1150620
1015341 1151940 1018761 1152540
1015341 1155780 1018761 1156380
1015341 1156740 1018761 1157340
1015341 1160580 1018761 1161180
1015341 1161540 1018761 1162140
1015341 1163460 1018761 1164060
1016481 1143300 1017393 1143900
1017051 1142340 1018761 1142940
1017165 1127940 1018761 1128540
1017165 1162500 1018761 1163100
1018191 1138980 1021953 1139580
1018191 1139940 1021041 1140540
1018647 1126980 1022409 1127580
1018647 1141380 1022409 1141980
1018647 1143300 1022751 1143900
1018647 1148100 1022751 1148700
1018647 1149060 1022751 1149660
1018647 1150980 1022409 1151580
1018647 1157700 1022751 1158300
1018647 1158660 1022751 1159260
1018647 1159620 1022409 1160220
1020471 1131300 1021497 1131900
1020813 1135140 1022751 1135740
1020927 1128420 1021953 1129020
1021041 1134180 1022067 1134780
1021611 1139940 1022637 1140540
1022181 1138020 1022751 1138620
1022295 1126020 1022751 1126620
1022295 1131780 1022751 1132380
1022295 1133220 1022751 1133820
1022295 1150020 1022751 1150620
1022295 1155780 1022751 1156380
1022295 1160580 1022751 1161180
1022523 1136100 1022751 1136700
1022523 1137060 1022751 1137660
1022523 1141860 1022751 1142460
1826337 1125540 1841043 1126620
1826337 1127460 1841043 1128060
1826337 1128420 1841043 1129020
1826337 1129380 1841043 1130460
1826337 1131300 1841043 1132380
1826337 1132740 1865439 1133340
1826337 1133700 1865439 1134300
1826337 1135140 1841043 1136220
1826337 1137060 1841043 1137660
1826337 1138020 1841043 1138620
1826337 1138980 1841043 1140060
1826337 1140900 1841043 1141980
1826337 1142340 1865439 1142940
1826337 1143300 1865439 1143900
1826337 1144740 1841043 1145820
1826337 1146660 1841043 1147260
1826337 1147620 1841043 1148220
1826337 1148580 1841043 1149660
1826337 1150500 1841043 1151580
1826337 1151940 1865439 1152540
1826337 1152900 1865439 1153500
1826337 1154340 1841043 1155420
1826337 1156260 1841043 1156860
1826337 1157220 1841043 1157820
1826337 1158180 1841043 1159260
1826337 1160100 1841043 1161180
1826337 1161540 1865439 1162140
1826337 1162500 1865439 1163100
1840929 1163460 1855635 1164060
1843323 1128420 1859397 1129020
1843323 1138020 1859397 1138620
1843323 1147620 1859397 1148220
1843323 1157220 1859397 1157820
1855521 1129860 1859283 1130460
1855521 1134660 1859283 1135260
1855521 1139460 1859283 1140060
1855521 1144260 1859283 1144860
1855521 1149060 1859283 1149660
1855521 1153860 1859283 1154460
1855521 1158660 1859283 1159260
1859169 1126020 1865439 1126620
1859169 1126980 1863615 1127580
1859169 1130820 1865439 1131420
1859169 1131780 1863615 1132380
1859169 1135620 1865439 1136220
1859169 1136580 1863615 1137180
1859169 1140420 1865439 1141020
1859169 1141380 1863615 1141980
1859169 1145220 1865439 1145820
1859169 1146180 1863615 1146780
1859169 1150020 1865439 1150620
1859169 1150980 1863615 1151580
1859169 1154820 1865439 1155420
1859169 1155780 1863615 1156380
1859169 1159620 1865439 1160220
1859169 1160580 1863615 1161180
1859169 1163460 1865439 1164060
1862931 1128420 1865439 1129020
1862931 1138020 1865439 1138620
1862931 1147620 1865439 1148220
1862931 1157220 1865439 1157820
