513 1130340 39615 1135260
513 1139940 39615 1144860
513 1149540 39615 1154460
513 1159140 39615 1164060
843201 1126020 857907 1126620
843201 1126980 872499 1127580
843201 1127940 857907 1128540
843201 1128900 850611 1129500
843201 1129860 857907 1130460
843201 1130820 857907 1131420
843201 1131780 857907 1132380
843201 1132740 857907 1133340
843201 1133700 850611 1134300
843201 1134660 857907 1135260
843201 1135620 857907 1136220
843201 1136580 872499 1137180
843201 1137540 857907 1138140
843201 1138500 850611 1139100
843201 1139460 850611 1140060
843201 1140420 872499 1141020
843201 1141380 872499 1141980
843201 1142340 872499 1142940
843201 1143300 850611 1143900
843201 1144260 850611 1144860
843201 1145220 872499 1145820
843201 1146180 872499 1146780
843201 1147140 872499 1147740
843201 1148100 850611 1148700
843201 1149060 850611 1149660
843201 1150020 872499 1150620
843201 1150980 872499 1151580
843201 1151940 872499 1152540
843201 1152900 850611 1153500
843201 1153860 850611 1154460
843201 1154820 872499 1155420
843201 1155780 872499 1156380
843201 1156740 872499 1157340
843201 1157700 850611 1158300
843201 1158660 850611 1159260
843201 1159620 872499 1160220
843201 1160580 872499 1161180
843201 1161540 872499 1162140
843201 1162500 850611 1163100
843201 1163460 850611 1164060
857793 1138500 860643 1139100
857793 1139460 872499 1140060
858705 1128420 861555 1129020
858705 1131300 861213 1131900
858705 1133220 860643 1133820
858705 1134180 861555 1134780
860529 1126020 861441 1126620
860529 1135620 860757 1136220
860529 1137540 861441 1138140
860643 1133220 862125 1133820
860643 1138500 862125 1139100
862011 1135620 865773 1136220
862353 1125540 866115 1126140
862353 1129380 877059 1129980
862353 1132260 863607 1132860
862353 1138020 864861 1138620
862353 1143780 877059 1144380
862353 1148580 880707 1149180
862353 1153380 877059 1153980
862353 1158180 877059 1158780
862353 1162980 877059 1163580
862467 1131300 866229 1131900
862581 1128420 877287 1129020
863037 1134180 877743 1134780
865089 1132740 866115 1133340
865659 1138020 866799 1138620
866001 1135140 866457 1135740
866229 1132740 867369 1133340
866343 1126020 866685 1126620
866571 1131300 867597 1132380
867255 1135620 878313 1136220
867483 1126020 878541 1126620
867483 1133220 874893 1133820
868509 1131300 875919 1131900
869649 1130340 877059 1130940
873981 1138020 876831 1138620
874437 1132260 876375 1132860
874665 1137060 876603 1137660
875805 1127460 878313 1128060
875805 1138980 878655 1139580
876945 1132260 878541 1133340
876945 1140900 882531 1141500
876945 1141860 884355 1142460
876945 1142820 884355 1143420
876945 1144740 884355 1145340
876945 1145700 884355 1146300
876945 1146660 884355 1147260
876945 1150500 884355 1151100
876945 1151460 884355 1152060
876945 1152420 884355 1153020
876945 1155300 882531 1155900
876945 1156260 884355 1156860
876945 1157220 886179 1157820
876945 1159140 884355 1159740
876945 1160100 884355 1160700
876945 1161060 884355 1161660
876945 1162020 884355 1162620
877173 1130340 878769 1131420
877743 1128900 878769 1129500
877743 1137060 878313 1137660
878427 1133700 879795 1134300
878427 1136580 879795 1137180
878541 1138020 879567 1138620
878655 1127940 882417 1128540
878769 1131300 879909 1131900
878769 1135140 880365 1136220
878883 1126020 879909 1126620
878883 1132740 879909 1133340
879681 1129860 880251 1130460
879681 1139460 881619 1140060
880023 1131780 881961 1132380
880023 1137540 881505 1138140
880023 1138500 884127 1139100
880251 1129380 882189 1129980
880365 1134180 881847 1134780
880593 1147620 881619 1148220
880593 1149540 881733 1150140
880593 1154340 882189 1154940
880935 1126980 881391 1127580
881163 1130340 882075 1130940
881163 1133220 882189 1133820
881163 1135140 882645 1135740
881163 1136100 881505 1136700
881619 1126020 882417 1126620
881619 1147620 882987 1148700
881847 1139940 883785 1140540
881961 1131780 882417 1132380
882075 1136100 883443 1137180
882075 1149540 884013 1150140
882303 1129380 883671 1130460
882531 1127460 882759 1128060
882645 1131780 883785 1132380
882645 1155300 883785 1155900
882759 1126500 883785 1127100
882759 1132740 884127 1133340
882873 1135140 883101 1135740
882873 1137540 884127 1138140
882987 1134180 883785 1134780
883215 1130820 884127 1131420
883329 1135140 885267 1135740
883329 1148580 884013 1149180
883329 1153860 885495 1154460
883557 1140900 883785 1141500
883671 1127460 884241 1128060
884013 1128900 885495 1129500
884013 1131780 885495 1132380
884013 1136580 886407 1137180
884013 1139460 885495 1140060
884013 1140420 886407 1141020
884013 1148100 886407 1148700
884013 1149060 886407 1149660
884241 1143780 886179 1144380
884241 1158180 886749 1158780
884355 1125540 885153 1126140
884469 1127460 885381 1128060
884811 1130340 886407 1130940
884925 1126500 885381 1127100
884925 1133220 886407 1133820
884925 1145700 885609 1146300
885039 1150500 885723 1151100
885039 1155300 886179 1155900
885153 1125540 886293 1126140
885267 1134180 886293 1134780
885267 1138020 885951 1138620
885267 1144740 886293 1145340
885267 1151460 886293 1152060
885381 1127940 887319 1128540
885381 1141380 886863 1141980
885381 1142340 886407 1142940
885381 1152900 885609 1153500
885381 1159620 886407 1160220
885381 1160580 886407 1161180
885381 1161540 886407 1162140
885381 1162500 889143 1163100
885381 1163460 889143 1164060
885495 1138980 886635 1139580
885609 1131300 886293 1131900
885951 1129380 886407 1129980
886065 1145700 886521 1146300
886065 1146660 886407 1147260
886065 1152420 886407 1153020
886179 1126500 887433 1127100
886293 1135140 887661 1136220
886293 1143780 887661 1144860
886293 1154340 887661 1155420
886407 1160580 887433 1161180
886635 1131780 887775 1132380
886635 1145220 887661 1145820
886635 1156260 888003 1157340
886749 1137060 887433 1137660
886863 1134180 887547 1134780
886863 1153380 887547 1153980
886863 1158180 887661 1158780
886977 1148580 888345 1149660
887091 1125540 888231 1126140
887091 1140900 888459 1141980
887433 1127460 888801 1128540
887433 1137060 888801 1138140
887547 1128900 888573 1129500
887547 1129860 887889 1130460
887547 1130820 887889 1131420
887547 1132740 889485 1133340
887547 1133700 888231 1134300
887547 1138500 888345 1139100
887547 1142340 888915 1142940
887547 1146660 888231 1147260
887547 1147620 889029 1148220
887547 1150020 888459 1150620
887547 1150980 888345 1151580
887547 1152420 888117 1153020
887547 1159140 888915 1159740
887547 1161060 888345 1161660
887775 1131780 888801 1132380
887775 1134660 888801 1135260
887775 1139460 889371 1140060
887889 1126500 888117 1127100
887889 1143300 888915 1143900
887889 1144740 889143 1145340
888117 1154340 889371 1154940
888117 1155300 888801 1155900
888117 1157700 888801 1158300
888231 1151940 888915 1152540
888345 1136100 888915 1136700
888459 1156740 890055 1157340
888573 1126500 889029 1127100
888573 1145700 889029 1146300
888573 1149540 889029 1150140
888573 1160100 888801 1160700
888573 1161540 889257 1162140
888687 1129860 889485 1130460
888687 1130820 888915 1131420
888801 1138020 890169 1139100
888801 1140900 890169 1141980
888801 1158180 889941 1158780
888915 1125540 889599 1126140
888915 1128420 890283 1129500
888915 1137060 889599 1137660
888915 1151460 889599 1152060
888915 1160580 889941 1161180
889029 1148580 890397 1149660
889257 1131300 890055 1131900
889257 1150500 890055 1151100
889371 1134180 890511 1134780
889371 1136100 889941 1136700
889371 1146180 890169 1146780
889485 1162020 890739 1162620
889713 1162980 890055 1163580
889827 1151460 891195 1152540
889941 1155300 891309 1156380
889941 1160100 891309 1161180
890055 1125540 890739 1126140
890055 1130340 890397 1130940
890055 1135140 890739 1135740
890055 1142340 891423 1142940
890055 1156740 891195 1157340
890055 1159140 890739 1159740
890169 1126500 892107 1127100
890169 1143780 891537 1144380
890169 1146180 891309 1146780
890283 1139940 891309 1140540
890283 1144740 891423 1145340
890511 1134180 891195 1134780
890511 1154340 891423 1154940
890625 1129380 891651 1130460
890625 1132740 892563 1133340
890625 1138500 891309 1139100
890625 1157700 892563 1158300
890739 1130820 891879 1131420
890739 1162500 891879 1163100
890853 1153380 891993 1153980
890967 1137060 892449 1137660
890967 1140900 891537 1141980
891081 1128420 891423 1129020
891081 1136100 892563 1136700
891195 1131780 891423 1132380
891195 1135140 891765 1135740
891195 1147620 892221 1148220
891195 1150500 891423 1151100
891195 1158660 891537 1159260
891195 1163460 892563 1164060
891309 1125540 892449 1126140
891309 1148580 892677 1149660
891309 1156260 892449 1156860
891423 1138020 892563 1138620
891423 1145700 892449 1146300
891423 1160580 892221 1161180
891537 1159140 892905 1160220
891993 1134660 892221 1135260
892221 1127460 892563 1128060
892335 1138980 893703 1140060
892335 1151460 893703 1152540
892449 1130340 893817 1131420
892449 1146180 892677 1146780
892563 1126020 892905 1126620
892563 1128420 894159 1129020
892563 1131780 893361 1132380
892563 1133700 893931 1134300
892563 1135620 893703 1136220
892563 1138020 893361 1138620
892563 1142340 893589 1142940
892563 1143300 894045 1143900
892563 1145220 893931 1145820
892563 1152900 893703 1153500
892563 1154820 894501 1155420
892563 1156740 893247 1157340
892563 1157700 894273 1158300
892677 1134660 894387 1135260
892677 1140420 892905 1141020
892677 1141380 893475 1141980
892677 1144260 893019 1144860
892677 1149540 894159 1150620
892677 1162500 894615 1163100
892791 1147140 894045 1147740
893019 1126500 893703 1127100
893019 1158660 894045 1159260
893133 1148580 893817 1149180
893133 1153860 893817 1154460
893133 1161540 893817 1162140
893475 1160580 893931 1161180
893589 1137060 894615 1137660
893703 1126020 894957 1126620
893703 1127460 894615 1128060
893703 1132740 893931 1133340
893703 1136100 894957 1136700
893703 1156740 893931 1157340
893817 1129380 895185 1130460
893817 1138020 895071 1138620
893817 1148100 894501 1148700
893817 1151940 894501 1152540
893931 1138980 895299 1140060
894045 1140900 895413 1141980
894159 1142340 894957 1142940
894159 1149060 894957 1149660
894159 1152900 894843 1153500
894273 1131300 894501 1131900
894273 1159620 894501 1160220
894387 1158660 898149 1159260
894501 1154340 895869 1155420
894615 1126980 895755 1127580
894615 1151460 895983 1152540
894729 1157700 895527 1158300
894843 1146660 896211 1147740
894843 1152900 895641 1153500
894957 1131780 895185 1132380
894957 1161060 896097 1161660
894957 1162020 896325 1163100
895071 1132740 895413 1133340
895071 1145220 895869 1145820
895071 1155780 895755 1156380
895071 1156740 896211 1157340
895071 1159620 895755 1160220
895185 1134180 895413 1134780
895185 1135620 896553 1136220
895185 1142820 895983 1143420
895185 1143780 895413 1144380
895299 1125540 895869 1126140
895299 1128900 896895 1129500
895299 1131300 896895 1131900
895299 1138980 896325 1139580
895299 1149540 896097 1150140
895413 1148100 896211 1148700
895527 1141380 896553 1141980
895527 1144260 896211 1144860
895641 1140420 896325 1141020
895755 1126980 896895 1127580
895755 1137060 896781 1138140
895869 1163460 896439 1164060
895983 1132740 896439 1133340
896097 1125540 897009 1126140
896211 1127940 896439 1128540
896211 1134180 897009 1134780
896211 1142340 896439 1142940
896211 1143780 896667 1144380
896211 1144740 896667 1145340
896211 1146660 897237 1147260
896211 1152900 897465 1153500
896211 1153860 897009 1154460
896211 1155780 897807 1156380
896211 1159620 897237 1160220
896211 1160580 897009 1161180
896325 1151460 897009 1152060
896667 1139940 898035 1141020
896667 1141380 897465 1141980
896781 1135140 897237 1135740
896781 1136100 898149 1137180
896781 1145220 897009 1145820
896781 1162980 897579 1163580
896895 1126500 898149 1127100
896895 1130820 897579 1131420
896895 1131780 897237 1132380
896895 1138020 897123 1138620
897123 1138980 897579 1139580
897123 1144740 898149 1145340
897123 1151460 898491 1152540
897237 1147140 897921 1147740
897351 1134180 898149 1134780
897465 1148580 898833 1149660
897465 1160100 898833 1161180
897579 1127940 899403 1128540
897579 1129380 899061 1130460
897579 1132260 899061 1133340
897579 1141860 898947 1142460
897579 1142820 899175 1143420
897579 1145700 898263 1146300
897579 1156740 898491 1157340
897579 1161540 898947 1162140
897693 1154340 898947 1154940
897807 1125540 898833 1126140
897807 1143780 898833 1144380
897807 1150500 898605 1151100
898035 1139940 898833 1140540
898263 1126980 899973 1127580
898263 1138500 899061 1139100
898263 1144740 898833 1145340
898377 1135620 899175 1136220
898377 1155780 898947 1156380
898491 1145700 899061 1146300
898605 1140900 898947 1141500
898605 1147620 899517 1148220
898605 1152900 899175 1153500
898605 1158180 899859 1158780
898605 1162500 899973 1163100
898719 1130820 899631 1131420
898719 1133700 900087 1134300
898719 1134660 899517 1135260
898719 1137540 899631 1138140
898719 1163460 899973 1164060
898833 1144260 899973 1144860
898833 1149540 900201 1151580
898947 1136580 899745 1137180
898947 1146660 899973 1147260
899061 1160100 900429 1161180
899175 1157220 900885 1157820
899289 1140420 899745 1141020
899289 1142340 900543 1142940
899403 1161540 899859 1162140
899517 1125540 900201 1126140
899631 1152900 900087 1153500
899745 1131300 901113 1132380
899859 1138020 901227 1139100
899973 1127460 901341 1128540
899973 1143780 901341 1144860
899973 1146660 901341 1147740
900087 1140900 901113 1141500
900087 1153860 901455 1154460
900087 1154820 901113 1155420
900087 1155780 900885 1156380
900087 1159140 901911 1159740
900201 1129380 901455 1129980
900201 1132740 900429 1133340
900201 1149060 900429 1149660
900315 1134660 901341 1135260
900315 1158180 904077 1158780
900543 1141860 901341 1142460
900657 1145700 901341 1146300
900657 1148100 902253 1148700
900771 1137060 901569 1137660
900771 1150020 902595 1150620
900885 1125540 902823 1126140
900885 1149060 901455 1149660
900999 1151460 902025 1152060
900999 1161060 901341 1161660
901113 1126500 902595 1127100
901113 1162020 901569 1162620
901113 1162980 901569 1163580
901227 1132260 901569 1132860
901227 1133220 902367 1133820
901227 1139460 902253 1140060
901227 1152900 902481 1153500
901227 1156740 902253 1157340
901227 1160100 902139 1160700
901341 1136100 902025 1136700
901341 1142340 902595 1142940
901341 1155300 902709 1156380
901455 1134180 901797 1134780
901455 1135140 902253 1135740
901455 1143780 902823 1144860
901455 1146660 902823 1147740
901455 1154340 901797 1154940
901683 1130820 902481 1131420
901797 1127460 903165 1128540
901911 1140420 902595 1141020
901911 1162980 902595 1163580
902139 1145220 903279 1145820
902139 1161060 902367 1161660
902253 1137540 902595 1138140
902367 1132740 902595 1133340
902367 1151460 902595 1152060
902481 1135140 903849 1136220
902481 1162020 903279 1162620
902595 1129380 902937 1129980
902595 1140900 903963 1141980
902595 1148580 903963 1149180
902595 1150500 903279 1151100
902595 1153860 903507 1154460
902709 1133700 903849 1134300
902823 1143780 903849 1144380
903165 1136580 904305 1137180
903165 1157220 903963 1157820
903165 1159620 903849 1160220
903279 1150980 904875 1151580
903279 1160580 904533 1161180
903393 1125540 904419 1126140
903393 1138500 904305 1139100
903393 1139460 904077 1140060
903393 1145700 904077 1146780
903507 1142820 904305 1143420
903507 1153380 904077 1153980
903507 1155300 905331 1155900
903507 1161540 903849 1162140
903621 1128900 903963 1129500
903621 1130340 903963 1130940
903621 1147620 904077 1148220
903621 1156260 904077 1156860
903735 1126500 904077 1127100
903735 1132260 904077 1132860
903735 1137540 905103 1138140
903735 1149540 904077 1150140
903735 1151940 904989 1152540
903735 1162980 905103 1163580
903849 1131300 904989 1131900
903849 1134180 904533 1134780
903963 1129380 905331 1130460
903963 1144740 904191 1145340
904305 1127460 905673 1128540
904305 1146660 905445 1147260
904419 1125540 905445 1126140
904419 1143780 904989 1144380
904533 1135140 905103 1135740
904533 1138980 905901 1140060
904647 1161540 904989 1162140
904761 1159620 905787 1160220
904875 1126500 905103 1127100
904875 1147620 905103 1148220
904989 1158180 906357 1159260
905103 1140900 905901 1141500
905103 1148580 905445 1149180
905217 1132740 905901 1133340
905217 1149540 905445 1150140
905217 1153380 905673 1153980
905217 1156740 906927 1157340
905331 1145220 906357 1145820
905445 1136580 905787 1137180
905445 1141860 906813 1142460
905445 1142820 907041 1143420
905445 1160580 905673 1161180
905673 1146660 906927 1147260
905673 1149060 906357 1149660
905673 1155780 906927 1156380
905787 1131780 906585 1132380
905901 1130820 907041 1131420
905901 1162020 906585 1162620
906015 1126020 907041 1126620
906015 1150500 907497 1151580
906015 1152420 907611 1153020
906129 1134660 906585 1135260
906129 1138500 906813 1139100
906129 1143780 906585 1144380
906129 1161060 907155 1161660
906243 1126980 907611 1127580
906243 1135620 906813 1136220
906243 1136580 906813 1137180
906243 1147620 906585 1148220
906243 1153380 906471 1153980
906243 1159620 907041 1160220
906243 1162980 907611 1163580
906357 1133220 907725 1134300
906357 1139940 907725 1141020
906357 1144740 907041 1145340
906357 1145700 907497 1146300
906471 1127940 906699 1128540
906471 1128900 907497 1129500
906471 1149060 907611 1149660
906699 1137540 907725 1138140
906813 1136100 907497 1136700
906813 1141380 907041 1141980
907041 1158180 908181 1158780
907041 1162020 908181 1162620
907155 1144260 908295 1144860
907155 1147620 907611 1148220
907269 1160100 908409 1160700
907383 1131300 907953 1131900
907497 1156260 908865 1157340
907611 1125540 908181 1126140
907611 1153380 908295 1153980
907725 1134180 907953 1134780
907725 1135620 908865 1136220
907725 1151460 908409 1152540
907725 1154340 908295 1154940
907839 1127940 909777 1128540
907839 1150020 908865 1150620
907953 1131780 909093 1132380
907953 1136580 908751 1137180
907953 1142340 909435 1142940
907953 1148580 909093 1149180
908067 1146660 909549 1147740
908181 1130820 909321 1131420
908181 1139940 908409 1140540
908181 1143300 908979 1143900
908181 1158660 908865 1159260
908295 1125540 908865 1126140
908295 1129380 908979 1130460
908295 1138020 908979 1138620
908295 1145700 909663 1146300
908295 1162500 909435 1163100
908523 1140420 909093 1141020
908523 1157700 908979 1158300
908637 1132740 910005 1133340
908637 1141380 909321 1141980
908637 1150980 909093 1151580
908637 1153860 909321 1154460
908637 1154820 910119 1155420
908751 1126500 908979 1127100
908751 1134180 908979 1134780
908751 1144260 909549 1144860
908751 1152420 909093 1153020
908865 1149540 910233 1150620
908979 1125540 910119 1126140
908979 1156260 910347 1157340
908979 1158660 909777 1159260
909093 1136100 910461 1137180
909435 1135140 910005 1135740
909435 1140900 910119 1141500
909549 1153380 910233 1153980
909891 1143780 910917 1144380
909891 1151460 911259 1152540
909891 1160100 911259 1161180
910005 1127460 911715 1128060
910005 1138020 911373 1139100
910119 1126500 911487 1127100
910119 1128420 910461 1129020
910119 1129380 911145 1129980
910119 1133700 911145 1134300
910119 1134660 910461 1135260
910119 1139460 912057 1140060
910119 1147620 910917 1148220
910119 1158180 910803 1158780
910233 1131300 910461 1131900
910233 1148580 911487 1149180
910233 1150500 910917 1151100
910233 1152900 911487 1153500
910233 1162020 911601 1162620
910461 1130340 911715 1130940
910461 1163460 910803 1164060
910575 1131780 911487 1132380
910689 1146660 911373 1147260
910689 1156260 911373 1156860
910803 1136580 911373 1137180
910803 1149540 911715 1150140
910803 1162980 911943 1163580
910917 1144740 912285 1145820
911145 1132740 912513 1133340
911145 1135620 912513 1136220
911145 1140420 912399 1141020
911145 1153860 911373 1154460
911259 1125540 911601 1126140
911259 1128420 912627 1129020
911259 1134660 912627 1135260
911259 1141380 911487 1141980
911259 1150980 911601 1151580
911259 1154820 912627 1155420
911259 1157220 912057 1157820
911259 1158180 911601 1158780
911259 1159140 912513 1159740
911259 1161060 912057 1161660
911373 1138020 912741 1139100
911373 1146660 912741 1147740
911487 1160100 912057 1160700
911601 1142820 911829 1143420
911715 1126980 912741 1127580
911715 1129380 913083 1130460
911715 1156260 912399 1156860
911829 1137060 912057 1137660
911943 1151460 912513 1152060
911943 1153860 912627 1154460
911943 1162980 912513 1163580
912399 1131780 914109 1132380
912399 1143780 913767 1144860
912399 1156260 913767 1157340
912399 1158180 913311 1158780
912399 1161060 913767 1162140
912513 1162980 913881 1164060
912627 1141380 913995 1141980
912627 1148580 913197 1149180
912627 1152900 913653 1153500
912741 1126020 914109 1126620
912855 1127460 913881 1128060
912855 1130820 914451 1131420
912855 1136100 914109 1136700
912855 1138500 913881 1139100
912855 1149540 914109 1150140
912969 1133700 913653 1134300
913197 1139460 913425 1140060
913197 1146660 913881 1147260
913197 1160100 913425 1160700
913311 1129380 915021 1129980
913425 1145700 915021 1146300
913539 1140420 913995 1141020
913653 1132740 915021 1133340
913653 1135140 915021 1135740
913653 1150500 915135 1151580
913653 1152420 914337 1153020
913653 1158660 913995 1159260
913653 1159620 914451 1160220
913767 1134180 914565 1134780
913767 1137060 914337 1137660
913767 1139460 914565 1140060
913767 1147620 914109 1148220
913767 1148580 914109 1149180
913767 1154340 914793 1154940
913767 1155300 915021 1155900
913767 1160580 913995 1161180
913881 1142820 915249 1143900
913995 1126980 915021 1127580
913995 1156740 915021 1157340
913995 1158180 915021 1158780
914223 1161540 915021 1162140
914337 1136580 915021 1137180
914337 1147140 914565 1147740
914451 1127940 915135 1128540
914565 1138980 914907 1139580
914565 1162500 915135 1163100
914679 1147620 916047 1148700
914907 1125540 915933 1126140
914907 1138020 916275 1139100
914907 1139940 915363 1140540
914907 1159140 916275 1160220
915021 1126500 916389 1127580
915021 1130340 916389 1131420
915021 1133220 916389 1134300
915021 1136100 916389 1137180
915021 1144740 916389 1145820
915021 1156260 916389 1157340
915135 1134660 916845 1135260
915135 1140900 915477 1141500
915135 1146660 916275 1147260
915135 1160580 915933 1161180
915249 1149540 916959 1150140
915363 1143780 916161 1144380
915477 1128900 915933 1129500
915477 1140420 916617 1141020
915477 1152900 915933 1153500
915591 1153860 916389 1154460
915705 1131780 916959 1132380
915705 1142820 916389 1143420
916047 1139460 916617 1140060
916047 1141860 916845 1142460
916047 1157700 916845 1158300
916161 1148580 917643 1149180
916161 1151940 917643 1152540
916161 1155300 917415 1155900
916275 1127940 916617 1128540
916275 1147140 917073 1147740
916275 1150980 917187 1151580
916275 1160100 916617 1160700
916275 1161060 917073 1161660
916275 1162020 916731 1162620
916275 1162980 917643 1164060
916389 1129380 917643 1129980
916389 1133220 917757 1134300
916389 1145700 917757 1146780
916389 1153860 917529 1154460
916389 1158660 917073 1159260
916503 1125540 917529 1126140
916503 1126500 917871 1127100
916617 1143780 917985 1144860
916731 1137060 918099 1138140
916959 1130820 917415 1131420
916959 1138980 917643 1140060
916959 1156260 918327 1157340
917187 1147620 917643 1148220
917301 1134660 918555 1135260
917301 1150020 918099 1150620
917529 1131300 918897 1132380
917529 1154340 918897 1155420
917529 1159140 918897 1160220
917529 1161060 918897 1162140
917643 1127460 918783 1128060
917643 1158180 918327 1158780
917757 1141380 919467 1141980
917757 1152900 919011 1153500
917871 1133220 918555 1133820
917871 1162500 918441 1163100
917985 1142340 918441 1142940
918099 1150020 919125 1150620
918327 1137060 919467 1137660
918327 1146180 919467 1146780
918441 1128420 919011 1129500
918441 1138020 919011 1139100
918555 1130340 918897 1130940
918555 1134180 918897 1134780
918555 1135140 919125 1135740
918669 1132740 919125 1133340
918669 1140420 919239 1141020
918669 1150980 920037 1151580
918783 1142820 919581 1143420
918783 1145220 919353 1145820
918783 1147140 920037 1147740
918783 1148580 920151 1149180
918783 1151940 919809 1152540
918783 1157700 919581 1158300
918783 1162980 919923 1163580
918897 1125540 920265 1126620
918897 1143780 919581 1144380
918897 1156740 919581 1157340
918897 1162020 920037 1162620
919011 1126980 920037 1127580
919011 1130820 919581 1131420
919011 1136100 920151 1136700
919011 1158660 920151 1159260
919239 1160100 919923 1160700
919353 1144740 920037 1145340
919467 1131780 920151 1132380
919467 1134180 919809 1134780
919467 1137540 920037 1138140
919467 1140900 920037 1141500
919467 1152900 919809 1153500
919581 1135140 920151 1135740
919581 1142820 920949 1143900
919581 1145700 919809 1146300
919581 1154340 920949 1155420
919695 1127940 920379 1128540
919695 1132740 919923 1133340
919695 1157220 920037 1157820
919923 1130340 921291 1131420
919923 1139940 921747 1140540
919923 1149540 920607 1150140
919923 1152420 920265 1153020
920151 1128900 920493 1129500
920151 1133220 920835 1133820
920151 1138500 921519 1139100
920151 1156740 920835 1157340
920151 1158180 920949 1158780
920265 1136100 921405 1136700
920265 1144260 920493 1144860
920265 1145700 920835 1146300
920379 1127460 921405 1128060
920607 1126020 921633 1126620
920607 1152900 921291 1153500
920721 1162500 921975 1163100
920835 1133700 921975 1134300
920835 1156740 921975 1157340
920949 1134660 921747 1135260
920949 1153860 922659 1154460
921063 1132260 921747 1132860
921063 1159620 922089 1160220
921063 1163460 922317 1164060
921177 1129380 923115 1129980
921177 1137060 923115 1137660
921177 1140900 923115 1141500
921177 1141860 923115 1142460
921177 1143780 923115 1144380
921177 1144740 923115 1145340
921177 1147140 922203 1147740
921177 1148100 922659 1148700
921177 1150980 921861 1151580
921177 1151940 921747 1152540
921177 1155780 922203 1156380
921177 1157700 921405 1158300
921177 1160580 922659 1161180
921177 1161540 921519 1162140
921291 1131300 921747 1131900
921291 1149060 922545 1149660
921405 1150020 922089 1150620
921519 1127940 922089 1128540
921519 1142820 923115 1143420
921519 1152900 922545 1153500
921519 1158180 923115 1158780
921633 1125540 924027 1126140
921633 1138020 923115 1138620
921633 1145700 924027 1146300
921747 1126980 923001 1127580
921975 1133700 923001 1134300
921975 1135620 922773 1136220
921975 1154820 922659 1155420
921975 1161540 922773 1162140
921975 1162500 923115 1163100
922203 1131780 923343 1132380
922203 1134660 922887 1135260
922317 1150980 922545 1151580
922317 1156740 923457 1157340
922431 1150020 922887 1150620
922545 1130820 922773 1131420
922659 1139460 922887 1140060
922659 1151940 923457 1152540
922773 1152900 923913 1153500
922773 1153860 923913 1154460
922773 1160580 923913 1161180
922773 1161540 923913 1162140
922887 1127940 923913 1128540
922887 1150980 924027 1151580
923001 1126500 924027 1127100
923001 1130340 923229 1130940
923001 1133220 923343 1133820
923001 1134180 923229 1134780
923001 1135140 924597 1135740
923001 1138980 923229 1139580
923001 1139940 923457 1140540
923001 1146660 924141 1147260
923001 1147620 924027 1148220
923001 1149540 923457 1150140
923001 1155300 923457 1155900
923001 1159620 924027 1160220
923229 1141860 923913 1142460
923343 1128900 924483 1129500
923343 1132260 924483 1132860
923343 1144260 924027 1144860
923343 1163460 925167 1164060
923457 1136580 924027 1137180
923571 1134180 924141 1134780
923571 1138980 925053 1139580
923571 1140900 924027 1141500
923685 1138020 924027 1138620
923685 1156260 924027 1156860
923685 1157220 924483 1157820
923799 1129860 924597 1130460
923799 1133220 924597 1133820
923799 1139940 924939 1140540
923799 1143300 924255 1143900
923913 1127460 925167 1128060
923913 1142340 925053 1142940
923913 1154340 925281 1155420
923913 1162020 925281 1163100
924141 1152900 925281 1153500
924141 1158180 925509 1159260
924255 1137060 924939 1137660
924369 1144740 924825 1145340
924369 1147140 925167 1147740
924369 1149540 924825 1150140
924369 1155780 925053 1156380
924369 1160100 925167 1160700
924711 1129380 926079 1130460
924711 1132260 926079 1133340
925053 1141860 926193 1142460
925167 1126020 925509 1126620
925167 1126980 925509 1127580
925167 1136580 925851 1137180
925167 1138020 926877 1138620
925167 1143780 925737 1144380
925167 1146180 926649 1146780
925167 1147620 926535 1148220
925167 1148580 926535 1149180
925167 1150500 926649 1151580
925167 1151940 925509 1152540
925167 1159620 926535 1160220
925281 1134180 925965 1134780
925281 1155780 926421 1156380
925395 1130820 926307 1131420
925395 1153380 926421 1153980
925395 1161060 926421 1161660
925623 1128420 927561 1129020
925623 1152420 926421 1153020
925737 1135620 926535 1136220
925737 1157220 926649 1157820
925851 1125540 926991 1126140
925851 1140900 926991 1141500
925851 1158660 926991 1159260
925965 1145220 926877 1145820
926079 1131780 926877 1132380
926079 1144260 926877 1144860
926079 1162020 926649 1162620
926193 1138980 926763 1139580
926307 1126980 926535 1127580
926307 1130340 927447 1130940
926307 1136580 926535 1137180
926307 1149540 927333 1150140
926307 1162980 926877 1164060
926421 1141860 927789 1142940
926421 1154340 927789 1155420
926535 1126500 927675 1127100
926535 1132740 927561 1133340
926649 1161060 928017 1162140
926763 1134660 927447 1135260
926763 1152900 927789 1153500
926763 1157700 927789 1158300
926991 1151460 928359 1152540
927447 1130820 928131 1131420
927447 1139460 928245 1140060
927561 1132260 928245 1132860
927561 1159140 927789 1159740
927675 1126500 928701 1127100
927675 1127460 928701 1128060
927675 1129380 929043 1129980
927675 1135620 928245 1136220
927675 1136580 929043 1137180
927675 1147620 929043 1148220
927675 1148580 929043 1149180
927675 1156740 929613 1157340
927789 1137540 928815 1138140
927789 1143300 929043 1143900
927789 1146180 928017 1146780
927789 1150500 929157 1151100
927789 1162500 929043 1163100
927903 1155300 929499 1155900
928017 1138500 928245 1139100
928017 1144740 929499 1145340
928017 1160100 929043 1161180
928017 1163460 929157 1164060
928131 1140900 928929 1141500
928131 1153380 929385 1153980
928245 1131780 928929 1132380
928245 1132740 928929 1133340
928359 1138980 929043 1139580
928359 1145700 929499 1146300
928473 1133700 929841 1134300
928473 1149540 929727 1150140
928473 1158180 929043 1159260
928587 1134660 929613 1135260
928701 1130340 929499 1130940
928701 1135620 929613 1136220
928701 1146660 929157 1147260
928815 1126020 929157 1126620
928815 1126980 929613 1127580
928929 1139940 929613 1140540
928929 1151460 930297 1152540
929043 1131780 930069 1132380
929157 1127940 929385 1128540
929157 1138020 930525 1139100
929385 1152900 930183 1153500
929385 1159140 929613 1159740
929385 1162980 930183 1163580
929499 1146180 929841 1146780
929727 1144740 931095 1145820
929841 1141380 930183 1141980
929955 1125540 931323 1126620
929955 1133220 930525 1133820
929955 1134180 931323 1135260
929955 1139460 930639 1140060
929955 1155780 930183 1156380
929955 1159620 930525 1160220
930069 1157220 931437 1158300
930183 1126980 931893 1127580
930183 1129380 931665 1129980
930183 1136580 932007 1137180
930183 1142340 931209 1142940
930183 1143300 931779 1143900
930183 1148100 930867 1148700
930183 1149060 931665 1149660
930183 1158660 930525 1159260
930183 1160580 930753 1161180
930183 1161540 931551 1162140
930183 1162500 931551 1163100
930297 1146180 930525 1146780
930297 1150980 931437 1151580
930297 1154340 931323 1154940
930525 1127940 930753 1128540
930525 1132260 930753 1132860
930525 1153380 930753 1153980
930639 1130820 931779 1131420
930639 1139460 931437 1140060
930753 1132740 931437 1133340
930753 1135620 931437 1136220
930753 1140420 931551 1141020
930867 1128420 932007 1129020
930867 1138020 932577 1138620
930867 1150020 931095 1150620
930867 1151940 932121 1152540
930867 1159140 932007 1159740
930981 1146660 931551 1147740
931095 1144260 931893 1144860
931095 1160100 931893 1160700
931209 1131780 931665 1132380
931323 1133700 932121 1134300
931323 1141380 931893 1141980
931323 1145700 931893 1146300
931323 1150020 931665 1150620
931323 1152900 931779 1153500
931323 1154820 932121 1155420
931323 1163460 932463 1164060
931437 1125540 932121 1126140
931437 1156260 932577 1156860
931437 1158180 932577 1158780
931551 1135140 932349 1135740
931551 1138980 932235 1139580
931893 1129860 933033 1130460
931893 1153860 932349 1154460
932007 1136100 932577 1136700
932007 1140900 932577 1141500
932007 1141860 932805 1142460
932007 1149540 932805 1150140
932007 1159140 933147 1159740
932235 1128420 933603 1129500
932235 1134180 933261 1134780
932235 1146180 933261 1146780
932349 1127460 932919 1128060
932463 1126020 932691 1126620
932463 1150500 932691 1151100
932577 1157220 933945 1158300
932691 1137540 934059 1138140
932691 1140420 934629 1141020
932691 1142820 934401 1143420
932691 1144740 934059 1145820
932691 1147140 934173 1147740
932691 1152900 934059 1153500
932691 1161540 934059 1162140
932691 1162500 934059 1163100
932805 1131780 934173 1132380
932805 1149540 933717 1150140
932919 1130820 933261 1131420
933033 1126980 934401 1127580
933033 1160100 934059 1161180
933147 1150500 934059 1151100
933147 1156260 933831 1156860
933261 1133220 934515 1133820
933261 1151940 935199 1152540
933261 1154820 934059 1155420
933375 1138980 934059 1140060
933375 1159140 934515 1159740
933489 1130820 934059 1131420
933489 1153860 934059 1154460
933603 1163460 933945 1164060
933717 1135140 935085 1135740
933717 1136100 935655 1136700
933717 1141380 935655 1141980
933717 1148580 934743 1149180
933831 1126020 934173 1126620
933831 1129380 934515 1130460
933831 1146180 934173 1146780
934059 1127940 935085 1128540
934059 1134180 935199 1134780
934059 1143780 935427 1144860
934059 1149540 934515 1150140
934173 1157220 935541 1158300
934287 1138020 935085 1138620
934401 1131300 935541 1131900
934401 1145700 934857 1146300
934515 1163460 935085 1164060
934743 1155780 935541 1156380
934971 1142340 935199 1142940
934971 1146180 935997 1146780
934971 1149540 936339 1150620
934971 1153860 935427 1154460
935085 1126980 935541 1127580
935085 1132260 936453 1133340
935199 1137540 936681 1138140
935199 1139460 936225 1140060
935199 1152900 935997 1153500
935199 1154820 936567 1155420
935199 1158660 936339 1159260
935199 1160100 935997 1160700
935199 1161060 936567 1161660
935199 1162020 936567 1162620
935313 1126020 935541 1126620
935313 1128900 936453 1129500
935313 1134180 936453 1134780
935313 1147140 936567 1147740
935313 1148100 935997 1148700
935541 1142820 936567 1143900
935655 1125540 936453 1126140
935655 1129860 936567 1130460
935655 1155780 936453 1156380
935883 1153860 937023 1154460
935997 1140420 937935 1141020
936111 1127460 937137 1128060
936111 1141380 936909 1141980
936111 1152420 937935 1153020
936225 1126500 937251 1127100
936225 1135140 947283 1135740
936339 1131300 937137 1131900
936339 1148100 936567 1148700
936339 1151460 937479 1152060
936339 1158660 937365 1159260
936339 1159620 936567 1160220
936453 1144260 937593 1144860
936453 1157220 937821 1158300
936567 1134180 937251 1134780
936567 1136580 936909 1137180
936567 1149540 937365 1150140
936795 1138980 938163 1140060
936795 1162980 938163 1164060
936909 1136100 937137 1136700
936909 1145700 937137 1146300
936909 1160580 938163 1161180
937137 1138020 938391 1138620
937251 1128420 937479 1129020
937251 1153380 937479 1153980
937365 1158660 938505 1159260
937479 1127940 937707 1128540
937479 1131780 938619 1132380
937479 1146180 937707 1146780
937593 1149540 938961 1150620
937707 1126020 938049 1126620
937707 1126980 939417 1127580
937707 1129380 938277 1129980
937707 1130340 939075 1130940
937707 1136580 948765 1137180
937707 1142340 939075 1142940
937707 1143300 938505 1143900
937707 1144260 938733 1144860
937707 1145220 938505 1145820
937707 1146660 938049 1147260
937707 1147620 938505 1148220
937707 1154340 939303 1154940
937707 1159620 938505 1160220
937707 1162020 938505 1162620
937821 1150980 939531 1151580
937821 1155780 939189 1156380
937821 1156740 938277 1157340
937935 1152420 938391 1153020
937935 1157700 938619 1158300
938049 1132740 949107 1133340
938049 1140900 939417 1141980
938163 1133700 945573 1134300
938163 1146180 938961 1146780
938391 1138020 939531 1138620
938505 1139940 949563 1140540
938619 1127940 939075 1128540
938619 1131300 939303 1131900
938619 1151940 940101 1152540
938619 1156740 939189 1157340
938733 1126020 939075 1126620
938733 1143780 939189 1144380
938733 1152900 938961 1153500
938847 1148100 939075 1148700
938961 1145700 940329 1146780
938961 1147140 939645 1147740
938961 1157700 939645 1158300
938961 1160100 940329 1161180
939075 1129380 939417 1129980
939075 1144740 939873 1145340
939075 1149060 940215 1149660
939075 1150020 939645 1150620
939417 1127460 941355 1128060
939417 1156260 939645 1156860
939417 1158660 939645 1159260
939645 1150500 940557 1151100
939645 1157700 940785 1158300
939759 1131300 941127 1132380
939759 1152900 940899 1153500
939759 1159140 940899 1159740
939759 1162500 940557 1163100
939873 1156260 940101 1156860
939987 1142340 941127 1142940
940215 1126020 941697 1126620
940215 1130340 941583 1130940
940215 1148100 942153 1148700
940215 1161540 941583 1162140
940329 1128420 941583 1129020
940329 1137540 955035 1138140
940329 1143300 941583 1143900
940329 1144260 944091 1144860
940329 1153860 941583 1154460
940329 1155300 940557 1155900
940557 1140900 947967 1141500
940785 1147140 948195 1147740
940899 1129380 942723 1129980
940899 1145700 941925 1146300
940899 1150500 941697 1151100
940899 1152900 941469 1153500
940899 1154820 941469 1155420
940899 1156740 941469 1157340
940899 1159140 941469 1159740
940899 1162500 941469 1163100
941241 1149540 942039 1150140
941241 1151460 942609 1152060
941355 1126980 942267 1127580
941469 1131300 942609 1131900
941469 1155300 942837 1156380
941469 1160100 942837 1161180
941583 1152420 942153 1153020
941811 1142340 942609 1142940
941811 1157220 943179 1158300
942039 1150500 942609 1151100
942267 1127460 943635 1128540
942267 1159140 944091 1159740
942495 1148100 946257 1148700
942723 1128900 948309 1129500
942723 1130820 946485 1131420
942723 1142820 946485 1143420
942723 1145700 950133 1146300
942723 1153860 943407 1154460
942723 1162020 944091 1162620
942723 1162980 943293 1163580
942837 1126020 943521 1126620
942951 1152900 943293 1153500
943065 1129860 943977 1130460
943065 1151460 944091 1152060
943179 1156260 943977 1156860
943293 1152420 943977 1153020
943293 1160100 943977 1160700
943293 1161060 944091 1161660
943407 1149540 944205 1150140
943407 1157220 943977 1157820
943407 1158180 943977 1158780
943521 1150500 943977 1151100
943635 1153380 944433 1153980
943749 1125540 944205 1126140
943863 1126980 944205 1127580
943977 1154340 945345 1155420
944091 1158660 944775 1159260
944091 1159620 944775 1160220
944091 1162980 944661 1163580
944319 1126500 945117 1127100
944433 1152420 945117 1153020
944433 1155780 944661 1156380
944433 1156740 944661 1157340
944433 1157700 944661 1158300
944547 1149540 945345 1150140
944547 1150500 945345 1151100
944547 1151460 944889 1152060
944889 1158660 945573 1159260
945003 1127460 946371 1128540
945003 1155780 945801 1156380
945117 1151460 946029 1152060
945231 1161060 946599 1161660
945231 1162020 945801 1162620
945345 1126020 946713 1126620
945459 1150500 946257 1151100
945573 1149540 945915 1150140
945573 1152420 946029 1153020
945687 1154820 946485 1155420
945687 1158660 946485 1159260
945687 1159620 946485 1160220
945801 1129860 949563 1130460
945801 1153380 946941 1153980
945801 1162980 946599 1163580
946029 1149060 946941 1149660
946029 1156740 947055 1157340
946029 1157700 946713 1158300
946257 1152420 947169 1153020
946371 1151460 961077 1152060
946371 1162020 946713 1162620
946485 1150500 947169 1151100
946485 1155780 947169 1156380
946599 1154340 948195 1155420
946713 1144260 947169 1144860
946827 1148100 947397 1148700
946827 1158660 947511 1159260
946827 1159620 947511 1160220
946941 1160580 947397 1161180
947055 1126500 947625 1127100
947055 1127460 961761 1128060
947283 1150500 948081 1151100
947283 1156260 948879 1157340
947283 1157700 947511 1158300
947511 1152420 962217 1153020
947739 1158180 948765 1158780
947739 1159140 948309 1159740
947739 1161060 949107 1162140
947739 1162980 949221 1163580
947853 1126020 949221 1126620
948195 1133700 948993 1134300
948195 1149540 948651 1150140
948195 1150500 948993 1151100
948309 1131780 949905 1132380
948309 1141860 949905 1142460
948309 1143780 949677 1144380
948309 1148580 949335 1149180
948309 1153860 948537 1154460
948309 1159140 948993 1159740
948423 1128420 949677 1129020
948537 1144740 949335 1145340
948651 1138500 949563 1139100
948765 1153860 956175 1154460
948879 1147620 949449 1148220
948879 1155300 949677 1155900
948879 1157220 949449 1157820
948879 1158180 949449 1158780
948993 1135140 949563 1136220
948993 1149540 949677 1150140
949107 1130820 949563 1131420
949107 1133220 949449 1133820
949107 1142820 949677 1143420
949107 1159140 949677 1159740
949335 1160100 950931 1161180
949449 1156740 956859 1157340
949563 1125540 951159 1126620
949905 1132740 951159 1133340
949905 1155780 959139 1156380
950019 1142820 951957 1143420
950019 1146660 957429 1147260
950019 1158180 951045 1158780
950247 1140420 952185 1141020
950247 1150020 957657 1150620
950247 1159140 950931 1159740
950247 1162020 951615 1163100
950361 1141380 951615 1141980
950361 1163460 950589 1164060
950475 1145700 957885 1146300
950589 1154820 957999 1155420
950703 1129860 951273 1130460
950703 1148580 950931 1149180
950817 1133700 956403 1134300
950817 1136100 953325 1136700
950817 1138980 951045 1139580
950817 1147620 958227 1148220
950931 1130820 952641 1131420
950931 1135140 951501 1135740
950931 1160580 951387 1161180
951045 1128900 952641 1129500
951045 1144260 951501 1144860
951159 1126500 951729 1127100
951159 1163460 951729 1164060
951273 1131780 958683 1132380
951387 1138980 952413 1139580
951387 1158180 958797 1158780
951501 1159620 952185 1160220
951501 1160580 952641 1161180
951615 1143780 952641 1144380
952185 1139940 952983 1140540
952299 1159140 959709 1159740
952527 1126500 953553 1127100
952755 1141380 956517 1141980
952755 1161060 954123 1161660
952755 1162020 953781 1162620
952983 1142820 960393 1143420
952983 1160100 953553 1160700
953097 1129380 955947 1129980
953097 1143780 960507 1144380
953097 1162980 954123 1163580
953211 1140420 953895 1141020
953439 1130820 956289 1131420
953439 1135620 956289 1136220
953439 1136580 955377 1137180
953553 1138980 954465 1139580
953667 1126020 956517 1126620
954123 1139940 954693 1140540
954465 1134660 957315 1135260
954465 1160100 961875 1160700
954579 1138500 956517 1139100
955263 1161540 956745 1162140
955263 1162500 956745 1163100
955491 1163460 956745 1164060
955833 1139460 958683 1140060
956175 1128420 956973 1129020
956403 1129380 956973 1129980
956517 1125540 956859 1126140
956517 1138020 958113 1139100
956631 1130340 958227 1131420
956859 1133220 958455 1134300
956859 1136100 958455 1137180
956973 1162980 986271 1163580
957201 1126500 957429 1127100
957201 1157220 986499 1157820
957315 1153380 972021 1153980
957771 1126500 957999 1127100
957999 1144740 972705 1145340
957999 1149060 959367 1149660
958113 1161540 959367 1162140
958227 1125540 972933 1126140
958227 1134660 959025 1135260
958341 1128420 973047 1129020
958341 1129380 958569 1129980
958455 1135620 959367 1136220
958569 1137540 960735 1138140
958797 1129380 973503 1129980
958797 1138980 966207 1139580
958911 1126500 973617 1127100
959025 1147140 960735 1147740
959139 1141380 960735 1141980
959139 1146180 960735 1146780
959253 1130820 960735 1131420
959253 1132740 975327 1133340
959253 1133700 975327 1134300
959253 1134660 975327 1135260
959253 1136580 960735 1137180
959253 1140420 960735 1141020
959253 1148100 960735 1148700
959253 1154820 960735 1155420
960621 1131780 975327 1132380
960621 1135620 975327 1136220
960621 1149060 968031 1149660
960621 1150020 989919 1150620
960621 1155780 989919 1156380
960621 1158660 975327 1159260
960621 1161540 989919 1162140
960735 1154340 961305 1154940
961761 1140900 976467 1141500
961875 1139940 976581 1140540
972363 1145700 979773 1146300
972591 1138020 983649 1138620
972705 1130340 987411 1130940
972933 1137060 983991 1137660
975213 1126980 986271 1127580
975213 1128900 986271 1129500
975213 1142340 986271 1142940
975213 1143300 982623 1143900
975213 1153860 982623 1154460
977493 1159140 992199 1159740
979887 1144740 990945 1145340
980343 1135140 984105 1135740
980571 1148580 995277 1149180
980685 1138980 988095 1139580
982509 1132740 997215 1133340
983649 1131300 986499 1131900
984333 1143300 985245 1143900
985473 1143300 991059 1143900
986157 1133700 987069 1134300
986157 1135620 987069 1136220
986157 1137540 986841 1138140
986157 1140420 989007 1141020
986271 1126500 987069 1127100
986499 1146660 993909 1147260
986613 1128420 987069 1129020
986955 1131300 987981 1132380
987297 1147620 994707 1148220
987411 1125540 991173 1126140
987525 1134180 993111 1134780
987639 1137060 988779 1137660
987639 1138020 988779 1138620
987867 1126500 989007 1127100
987867 1128900 991629 1129500
987867 1135140 989007 1135740
987867 1158180 995277 1158780
988665 1136100 989805 1136700
988893 1131300 990831 1131900
988893 1142340 989805 1142940
989007 1135140 989577 1135740
989121 1140900 989349 1141500
989235 1139940 989577 1140540
989691 1137060 990261 1137660
989805 1139460 991173 1140060
989805 1141380 991743 1141980
989805 1150980 1004511 1151580
989805 1151940 1004511 1152540
989805 1152900 1004511 1153500
989805 1154820 1004511 1155420
989805 1156740 1004511 1157340
989805 1160580 1004511 1161180
989805 1163460 1004511 1164060
990033 1130340 990261 1130940
990375 1138500 990945 1139100
990489 1130340 991059 1130940
990603 1137060 991857 1137660
990603 1145700 990945 1146300
990945 1140420 991743 1141020
991059 1131300 991629 1131900
991173 1135620 991857 1136220
991173 1142340 993111 1142940
991287 1145700 996873 1146300
991287 1149540 992997 1150140
991401 1143780 992313 1144380
991515 1126980 994365 1127580
991515 1130340 992085 1130940
991743 1131300 993339 1132380
991971 1125540 992997 1126140
991971 1140420 992541 1141020
992085 1136580 992313 1137180
992199 1129380 992997 1129980
992313 1138020 993681 1138620
992427 1135620 993453 1136220
992427 1138980 996189 1139580
992427 1141380 993111 1141980
992655 1128420 993225 1129020
992655 1143780 993453 1144380
992883 1136580 993453 1137180
993111 1134180 994137 1134780
993111 1140420 993453 1141020
993111 1142340 993567 1142940
993225 1144740 993681 1145340
993339 1141380 994137 1141980
993453 1127940 995049 1128540
993453 1136100 994365 1136700
993567 1142820 996417 1143420
993567 1149540 996417 1150140
994023 1130820 995049 1131420
994023 1140420 994365 1141020
994023 1143780 995961 1144380
994251 1128900 994821 1129500
994479 1126500 996075 1127580
994479 1134180 995505 1134780
994593 1139940 996189 1140540
994593 1162020 996531 1162620
994707 1131780 995163 1132380
994821 1137060 996417 1138140
994935 1136100 995277 1136700
994935 1140900 996531 1141980
994935 1144740 995163 1145340
995505 1136100 996987 1136700
995619 1125540 996189 1126140
995619 1127940 999381 1128540
995619 1131780 996645 1132380
995733 1159140 996759 1159740
996075 1158180 996987 1158780
996189 1128900 998697 1129500
996303 1130820 998241 1131420
996303 1134180 996987 1134780
996303 1135140 996987 1135740
996417 1143780 998355 1144380
996417 1147620 998355 1148220
996531 1139460 1000293 1140060
996531 1144740 996987 1145340
996531 1146660 996987 1147260
996645 1126980 997101 1127580
996759 1138500 997557 1139100
996873 1125540 998355 1126140
996873 1137060 998355 1137660
996873 1141860 998355 1142460
996873 1142820 1012947 1143420
996873 1148580 1005651 1149180
996873 1149540 998355 1150140
997101 1129860 998127 1130460
997101 1157700 1011807 1158300
997101 1162500 1011807 1163100
997215 1145220 1011921 1145820
997443 1133700 998469 1134300
997671 1134660 998241 1135260
997899 1131780 998925 1132380
998127 1132740 999153 1133340
998127 1135620 999153 1136220
998241 1126500 998697 1127100
998241 1138020 1000179 1138620
998241 1146660 1012947 1147260
998241 1159140 1012947 1159740
998583 1129860 1000293 1130460
999039 1134660 999609 1135260
999039 1136580 1000977 1137180
999153 1140900 1000749 1141980
999381 1125540 999837 1126140
999495 1131300 1001091 1132380
999495 1133220 1001091 1134300
999609 1126500 1000065 1127100
999837 1135620 1000293 1136220
999951 1128420 1000179 1129020
1000065 1127460 1000293 1128060
1000179 1134660 1000521 1135260
1000293 1126500 1002231 1127100
1000293 1138500 1000521 1139100
1000407 1139940 1001889 1140540
1000635 1135140 1001319 1135740
1000635 1137540 1002003 1138140
1000635 1138980 1002231 1139580
1000749 1129860 1000977 1130460
1000863 1127460 1001889 1128060
1001091 1130820 1001661 1131420
1001091 1131780 1002573 1132380
1001091 1136100 1001775 1136700
1001547 1128420 1001889 1129020
1001547 1129860 1002801 1130460
1001547 1132740 1002117 1133340
1001661 1133700 1002345 1134300
1001775 1125540 1002573 1126140
1001775 1140900 1003257 1141980
1002117 1137060 1002345 1137660
1002231 1126500 1002687 1127100
1002231 1138020 1002573 1138620
1002231 1139940 1003029 1140540
1002345 1132740 1002573 1133340
1002687 1127940 1003371 1128540
1002687 1134660 1003713 1135260
1002687 1137540 1003371 1138140
1002801 1133700 1003029 1134300
1002915 1125540 1003371 1126140
1002915 1126500 1003713 1127100
1003143 1130340 1003713 1131420
1003143 1135620 1014201 1136220
1003143 1136580 1003485 1137180
1003143 1139940 1003713 1140540
1003485 1131780 1014543 1132380
1003599 1138980 1018305 1139580
1003713 1133220 1004625 1133820
1003827 1136580 1004853 1137180
1004055 1126020 1004853 1126620
1004055 1127460 1004853 1128060
1004055 1129860 1004853 1130460
1004397 1144260 1015455 1144860
1004397 1150020 1015455 1150620
1004397 1155780 1015455 1156380
1004397 1161540 1015455 1162140
1004967 1130340 1006449 1131420
1004967 1134660 1016025 1135260
1005081 1126500 1005309 1127100
1005081 1127940 1005537 1128540
1005423 1126980 1006221 1127580
1005651 1132740 1016709 1133340
1005765 1127940 1007703 1128540
1005879 1133700 1016937 1134300
1006107 1136580 1017165 1137180
1006107 1137540 1017165 1138140
1006221 1126020 1007361 1126620
1006791 1129860 1007589 1130460
1007703 1127940 1008273 1128540
1007931 1126500 1008387 1127100
1008159 1130340 1008729 1131420
1008501 1127460 1009413 1128060
1008729 1126020 1016139 1126620
1008843 1128900 1010325 1129500
1009983 1130340 1011465 1131420
1010781 1127460 1021839 1128060
1011579 1128420 1012377 1129020
1011693 1153860 1017279 1154460
1012833 1147620 1022751 1148220
1012833 1151460 1022751 1152060
1012833 1152420 1022751 1153020
1012833 1157220 1022751 1157820
1012833 1158180 1022751 1158780
1012833 1160100 1022751 1160700
1012833 1162980 1022751 1163580
1013631 1128420 1021041 1129020
1013745 1143300 1016595 1143900
1014087 1141380 1018761 1141980
1014771 1129860 1016709 1130460
1015227 1142340 1017165 1142940
1015341 1149060 1018761 1149660
1015341 1154820 1018761 1155420
1015911 1146180 1017393 1146780
1016823 1130820 1018761 1131420
1017165 1131780 1018761 1132380
1017279 1126020 1018761 1126620
1017279 1134660 1018761 1135260
1017279 1140420 1018761 1141020
1017279 1143300 1018761 1143900
1017279 1145220 1018761 1145820
1018533 1138020 1022295 1138620
1018647 1129860 1022751 1130460
1018647 1132740 1022751 1133340
1018647 1133700 1022751 1134300
1018647 1135620 1022751 1136220
1018647 1136580 1022751 1137180
1018647 1139460 1022409 1140060
1018647 1142340 1022751 1142940
1018647 1144260 1022751 1144860
1018647 1146180 1022409 1146780
1018647 1150020 1022409 1150620
1018647 1153860 1022751 1154460
1018647 1155780 1022409 1156380
1018647 1161540 1022751 1162140
1019217 1126500 1021155 1127100
1019217 1131300 1020585 1131900
1020129 1148580 1022067 1149180
1020699 1125540 1022637 1126140
1021383 1131300 1022751 1131900
1021383 1140900 1022751 1141500
1021839 1128420 1022751 1129020
1021953 1126500 1022751 1127100
1022295 1145220 1022751 1145820
1022295 1154820 1022751 1155420
1022523 1139940 1022751 1140540
1826337 1126500 1841043 1127580
1826337 1127940 1865439 1128540
1826337 1128900 1865439 1129500
1826337 1130340 1841043 1131420
1826337 1132260 1841043 1132860
1826337 1133220 1841043 1133820
1826337 1134180 1841043 1135260
1826337 1136100 1841043 1137180
1826337 1137540 1865439 1138140
1826337 1138500 1865439 1139100
1826337 1139940 1841043 1141020
1826337 1141860 1841043 1142460
1826337 1142820 1841043 1143420
1826337 1143780 1841043 1144860
1826337 1145700 1841043 1146780
1826337 1147140 1865439 1147740
1826337 1148100 1865439 1148700
1826337 1149540 1841043 1150620
1826337 1151460 1841043 1152060
1826337 1152420 1841043 1153020
1826337 1153380 1841043 1154460
1826337 1155300 1841043 1156380
1826337 1156740 1865439 1157340
1826337 1157700 1865439 1158300
1826337 1159140 1841043 1160220
1826337 1161060 1841043 1161660
1826337 1162020 1841043 1162620
1826337 1162980 1841043 1164060
1840929 1125540 1865439 1126140
1843323 1133220 1859397 1133820
1843323 1142820 1859397 1143420
1843323 1152420 1859397 1153020
1843323 1162020 1859397 1162620
1855521 1163460 1859283 1164060
1859169 1129860 1865439 1130460
1859169 1134660 1865439 1135260
1859169 1139460 1865439 1140060
1859169 1144260 1865439 1144860
1859169 1149060 1865439 1149660
1859169 1153860 1865439 1154460
1859169 1158660 1865439 1159260
1862931 1133220 1865439 1133820
1862931 1142820 1865439 1143420
1862931 1152420 1865439 1153020
1862931 1162020 1865439 1162620
1863501 1126980 1865439 1127580
1863501 1131780 1865439 1132380
1863501 1136580 1865439 1137180
1863501 1141380 1865439 1141980
1863501 1146180 1865439 1146780
1863501 1150980 1865439 1151580
1863501 1155780 1865439 1156380
1863501 1160580 1865439 1161180
